    30.661863    -20.904676    -16.986017      1.667000 
    30.661875    -20.894250    -16.923126      1.676000 
    30.661887    -20.883833    -16.860235      1.679000 
    30.661898    -20.873426    -16.797340      1.687000 
    30.661910    -20.863030    -16.734444      1.694000 
    30.661921    -20.852642    -16.671547      1.700000 
    30.661933    -20.842264    -16.608646      1.704000 
    30.661944    -20.831896    -16.545746      1.703000 
    30.661968    -20.821539    -16.482843      1.701000 
    30.661979    -20.811190    -16.419937      1.698000 
    30.661991    -20.800850    -16.357033      1.698000 
    30.662002    -20.790520    -16.294125      1.693000 
    30.662014    -20.780200    -16.231215      1.710000 
    30.662025    -20.769890    -16.168304      1.729000 
    30.662037    -20.759588    -16.105390      1.711000 
    30.662049    -20.749296    -16.042477      1.691000 
    30.662060    -20.739014    -15.979561      1.674000 
    30.662083    -20.728739    -15.916643      1.669000 
    30.662095    -20.718475    -15.853724      1.666000 
    30.662106    -20.708220    -15.790803      1.658000 
    30.662118    -20.697973    -15.727881      1.646000 
    30.662130    -20.687737    -15.664957      1.629000 
    30.662141    -20.677507    -15.602032      1.612000 
    30.662153    -20.667290    -15.539104      1.601000 
    30.662164    -20.657080    -15.476176      1.594000 
    30.662176    -20.646877    -15.413246      1.593000 
    30.662188    -20.636684    -15.350314      1.598000 
    30.662211    -20.626501    -15.287380      1.608000 
    30.662222    -20.616327    -15.224445      1.617000 
    30.662234    -20.606160    -15.161509      1.628000 
    30.662245    -20.596003    -15.098571      1.638000 
    30.662257    -20.585854    -15.035632      1.647000 
    30.662269    -20.575714    -14.972691      1.656000 
    30.662280    -20.565582    -14.909748      1.665000 
    30.662292    -20.555458    -14.846804      1.670000 
    30.662303    -20.545343    -14.783859      1.672000 
    30.662315    -20.535236    -14.720912      1.671000 
    30.662338    -20.525139    -14.657963      1.666000 
    30.662350    -20.515049    -14.595013      1.658000 
    30.662361    -20.504969    -14.532062      1.648000 
    30.662373    -20.494896    -14.469109      1.640000 
    30.662384    -20.484830    -14.406154      1.636000 
    30.662396    -20.474773    -14.343199      1.634000 
    30.662407    -20.464724    -14.280241      1.626000 
    30.662419    -20.454683    -14.217283      1.615000 
    30.662431    -20.444650    -14.154322      1.604000 
    30.662442    -20.434626    -14.091361      1.594000 
    30.662465    -20.424608    -14.028398      1.586000 
    30.662477    -20.414600    -13.965433      1.577000 
    30.662488    -20.404600    -13.902467      1.571000 
    30.662500    -20.394608    -13.839500      1.566000 
    30.662512    -20.384620    -13.776532      1.565000 
    30.662523    -20.374643    -13.713561      1.569000 
    30.662535    -20.364674    -13.650590      1.582000 
    30.662546    -20.354712    -13.587617      1.595000 
    30.662558    -20.344757    -13.524643      1.603000 
    30.662569    -20.334810    -13.461667      1.602000 
    30.662593    -20.324871    -13.398691      1.591000 
    30.662604    -20.314940    -13.335712      1.571000 
    30.662616    -20.305014    -13.272733      1.545000 
    30.662627    -20.295097    -13.209752      1.516000 
    30.662639    -20.285189    -13.146769      1.491000 
    30.662650    -20.275286    -13.083785      1.474000 
    30.662662    -20.265390    -13.020801      1.471000 
    38.134826    -21.906890    -13.005696      1.601000 
    38.134838    -21.896996    -13.068692      1.603000 
    38.134850    -21.887090    -13.131687      1.606000 
    38.134873    -21.877180    -13.194680      1.609000 
    38.134884    -21.867262    -13.257671      1.609000 
    38.134896    -21.857336    -13.320662      1.605000 
    38.134907    -21.847403    -13.383651      1.601000 
    38.134919    -21.837461    -13.446638      1.598000 
    38.134931    -21.827513    -13.509625      1.595000 
    38.134942    -21.817556    -13.572610      1.592000 
    38.134954    -21.807594    -13.635593      1.590000 
    38.134965    -21.797623    -13.698575      1.587000 
    38.134977    -21.787643    -13.761556      1.583000 
    38.135000    -21.777657    -13.824535      1.580000 
    38.135012    -21.767662    -13.887513      1.577000 
    38.135023    -21.757662    -13.950490      1.575000 
    38.135035    -21.747650    -14.013465      1.570000 
    38.135046    -21.737633    -14.076439      1.571000 
    38.135058    -21.727608    -14.139411      1.575000 
    38.135069    -21.717573    -14.202382      1.581000 
    38.135081    -21.707531    -14.265352      1.585000 
    38.135093    -21.697481    -14.328319      1.592000 
    38.135104    -21.687424    -14.391286      1.602000 
    38.135127    -21.677357    -14.454251      1.612000 
    38.135139    -21.667282    -14.517215      1.613000 
    38.135150    -21.657200    -14.580177      1.596000 
    38.135162    -21.647108    -14.643138      1.579000 
    38.135174    -21.637009    -14.706097      1.585000 
    38.135185    -21.626902    -14.769054      1.604000 
    38.135197    -21.616785    -14.832011      1.616000 
    38.135208    -21.606660    -14.894966      1.610000 
    38.135220    -21.596527    -14.957919      1.600000 
    38.135231    -21.586386    -15.020871      1.591000 
    38.135255    -21.576237    -15.083821      1.580000 
    38.135266    -21.566076    -15.146769      1.570000 
    38.135278    -21.555910    -15.209716      1.557000 
    38.135289    -21.545734    -15.272662      1.545000 
    38.135301    -21.535550    -15.335606      1.542000 
    38.135312    -21.525354    -15.398549      1.543000 
    38.135324    -21.515154    -15.461490      1.549000 
    38.135336    -21.504942    -15.524429      1.556000 
    38.135347    -21.494720    -15.587367      1.561000 
    38.135359    -21.484491    -15.650303      1.571000 
    38.135382    -21.474255    -15.713238      1.593000 
    38.135394    -21.464006    -15.776171      1.618000 
    38.135405    -21.453750    -15.839102      1.629000 
    38.135417    -21.443483    -15.902032      1.626000 
    38.135428    -21.433210    -15.964960      1.606000 
    38.135440    -21.422926    -16.027887      1.575000 
    38.135451    -21.412634    -16.090813      1.549000 
    38.135463    -21.402330    -16.153734      1.532000 
    38.135475    -21.392017    -16.216658      1.527000 
    38.135498    -21.381697    -16.279577      1.533000 
    38.135509    -21.371367    -16.342497      1.544000 
    38.135521    -21.361027    -16.405413      1.558000 
    38.135532    -21.350676    -16.468328      1.573000 
    38.135544    -21.340317    -16.531240      1.585000 
    38.135556    -21.329948    -16.594152      1.588000 
    38.135567    -21.319569    -16.657063      1.575000 
    38.135579    -21.309181    -16.719973      1.552000 
    38.135590    -21.298782    -16.782879      1.531000 
    38.135602    -21.288376    -16.845783      1.516000 
    38.135625    -21.277958    -16.908688      1.510000 
    38.135637    -21.267530    -16.971588      1.510000 
    41.594525    -21.990590    -16.123430      1.417000 
    41.594537    -21.980293    -16.060514      1.419000 
    41.594549    -21.970009    -15.997598      1.421000 
    41.594560    -21.959732    -15.934679      1.425000 
    41.594572    -21.949467    -15.871758      1.429000 
    41.594595    -21.939209    -15.808836      1.434000 
    41.594606    -21.928960    -15.745912      1.439000 
    41.594618    -21.918720    -15.682986      1.443000 
    41.594630    -21.908490    -15.620059      1.444000 
    41.594641    -21.898270    -15.557131      1.442000 
    41.594653    -21.888056    -15.494200      1.437000 
    41.594664    -21.877853    -15.431269      1.429000 
    41.594676    -21.867659    -15.368335      1.418000 
    41.594688    -21.857471    -15.305400      1.403000 
    41.594699    -21.847296    -15.242464      1.386000 
    41.594722    -21.837126    -15.179526      1.365000 
    41.594734    -21.826965    -15.116586      1.339000 
    41.594745    -21.816814    -15.053645      1.314000 
    41.594757    -21.806673    -14.990703      1.296000 
    41.594769    -21.796540    -14.927759      1.288000 
    41.594780    -21.786413    -14.864813      1.290000 
    41.594792    -21.776297    -14.801866      1.307000 
    41.594803    -21.766188    -14.738917      1.335000 
    41.594815    -21.756086    -14.675967      1.364000 
    41.594826    -21.745995    -14.613016      1.375000 
    41.594850    -21.735912    -14.550063      1.373000 
    41.594861    -21.725836    -14.487108      1.361000 
    41.594873    -21.715769    -14.424152      1.340000 
    41.594884    -21.705710    -14.361194      1.324000 
    41.594896    -21.695660    -14.298235      1.321000 
    41.594907    -21.685617    -14.235275      1.329000 
    41.594919    -21.675583    -14.172313      1.353000 
    41.594931    -21.665554    -14.109350      1.390000 
    41.594942    -21.655537    -14.046385      1.425000 
    41.594965    -21.645527    -13.983419      1.452000 
    41.594977    -21.635523    -13.920452      1.468000 
    41.594988    -21.625528    -13.857483      1.472000 
    41.595000    -21.615540    -13.794512      1.458000 
    41.595012    -21.605560    -13.731540      1.431000 
    41.595023    -21.595589    -13.668567      1.402000 
    41.595035    -21.585625    -13.605593      1.377000 
    41.595046    -21.575668    -13.542617      1.362000 
    41.595058    -21.565720    -13.479640      1.360000 
    41.595069    -21.555779    -13.416661      1.371000 
    41.595093    -21.545843    -13.353681      1.394000 
    41.595104    -21.535917    -13.290699      1.422000 
    41.595116    -21.526000    -13.227717      1.453000 
    41.595127    -21.516087    -13.164733      1.484000 
    41.595139    -21.506184    -13.101747      1.507000 
    41.595150    -21.496286    -13.038760      1.518000 
    48.066991    -20.676739    -13.017500      2.434000 
    48.067002    -20.666843    -13.080492      2.426000 
    48.067014    -20.656939    -13.143483      2.425000 
    48.067025    -20.647026    -13.206473      2.434000 
    48.067049    -20.637108    -13.269461      2.437000 
    48.067060    -20.627182    -13.332447      2.439000 
    48.067072    -20.617249    -13.395433      2.439000 
    48.067083    -20.607307    -13.458417      2.438000 
    48.067095    -20.597359    -13.521399      2.435000 
    48.067106    -20.587402    -13.584381      2.432000 
    48.067118    -20.577438    -13.647360      2.426000 
    48.067130    -20.567467    -13.710339      2.420000 
    48.067141    -20.557487    -13.773316      2.413000 
    48.067153    -20.547500    -13.836292      2.404000 
    48.067176    -20.537504    -13.899266      2.394000 
    48.067187    -20.527502    -13.962239      2.384000 
    48.067199    -20.517492    -14.025210      2.372000 
    48.067211    -20.507473    -14.088180      2.361000 
    48.067222    -20.497446    -14.151149      2.349000 
    48.067234    -20.487411    -14.214116      2.338000 
    48.067245    -20.477370    -14.277082      2.326000 
    48.067257    -20.467320    -14.340046      2.316000 
    48.067269    -20.457260    -14.403009      2.306000 
    48.067280    -20.447193    -14.465970      2.299000 
    48.067303    -20.437119    -14.528930      2.292000 
    48.067315    -20.427036    -14.591889      2.287000 
    48.067326    -20.416945    -14.654846      2.283000 
    48.067338    -20.406843    -14.717801      2.280000 
    48.067350    -20.396736    -14.780755      2.274000 
    48.067361    -20.386620    -14.843708      2.261000 
    48.067373    -20.376493    -14.906659      2.260000 
    48.067384    -20.366362    -14.969608      2.271000 
    48.067396    -20.356218    -15.032556      2.288000 
    48.067407    -20.346067    -15.095503      2.304000 
    48.067431    -20.335909    -15.158448      2.312000 
    48.067442    -20.325740    -15.221391      2.309000 
    48.067454    -20.315563    -15.284333      2.300000 
    48.067465    -20.305378    -15.347273      2.290000 
    48.067477    -20.295183    -15.410212      2.282000 
    48.067488    -20.284980    -15.473149      2.276000 
    48.067500    -20.274769    -15.536085      2.272000 
    48.067512    -20.264547    -15.599019      2.271000 
    48.067523    -20.254318    -15.661951      2.266000 
    48.067535    -20.244080    -15.724882      2.252000 
    48.067558    -20.233831    -15.787811      2.238000 
    48.067569    -20.223574    -15.850739      2.225000 
    48.067581    -20.213308    -15.913665      2.212000 
    48.067593    -20.203032    -15.976590      2.204000 
    48.067604    -20.192747    -16.039513      2.189000 
    48.067616    -20.182453    -16.102434      2.173000 
    48.067627    -20.172150    -16.165354      2.164000 
    48.067639    -20.161839    -16.228271      2.164000 
    48.067650    -20.151516    -16.291187      2.173000 
    48.067674    -20.141184    -16.354103      2.192000 
    48.067685    -20.130842    -16.417015      2.211000 
    48.067697    -20.120493    -16.479927      2.223000 
    48.067708    -20.110132    -16.542837      2.217000 
    48.067720    -20.099764    -16.605745      2.195000 
    48.067731    -20.089384    -16.668652      2.163000 
    48.067743    -20.078995    -16.731556      2.128000 
    48.067755    -20.068596    -16.794458      2.104000 
    48.067766    -20.058187    -16.857360      2.090000 
    48.067778    -20.047768    -16.920260      2.079000 
    48.067801    -20.037340    -16.983158      2.079000 
    51.526505    -20.899284    -16.966124      2.020000 
    51.526528    -20.888860    -16.903229      1.992000 
    51.526539    -20.878445    -16.840330      1.959000 
    51.526551    -20.868038    -16.777430      1.925000 
    51.526563    -20.857643    -16.714529      1.897000 
    51.526574    -20.847258    -16.651627      1.879000 
    51.526586    -20.836880    -16.588720      1.870000 
    51.526597    -20.826513    -16.525814      1.873000 
    51.526609    -20.816156    -16.462908      1.893000 
    51.526620    -20.805809    -16.399998      1.926000 
    51.526632    -20.795471    -16.337086      1.958000 
    51.526655    -20.785143    -16.274174      1.979000 
    51.526667    -20.774822    -16.211258      1.988000 
    51.526678    -20.764513    -16.148340      1.997000 
    51.526690    -20.754213    -16.085423      2.003000 
    51.526701    -20.743921    -16.022505      2.007000 
    51.526713    -20.733640    -15.959583      2.006000 
    51.526725    -20.723368    -15.896660      1.995000 
    51.526736    -20.713104    -15.833735      1.982000 
    51.526748    -20.702850    -15.770809      1.969000 
    51.526759    -20.692604    -15.707881      1.957000 
    51.526782    -20.682370    -15.644952      1.951000 
    51.526794    -20.672140    -15.582021      1.953000 
    51.526806    -20.661922    -15.519089      1.931000 
    51.526817    -20.651714    -15.456155      1.915000 
    51.526829    -20.641514    -15.393219      1.917000 
    51.526840    -20.631323    -15.330282      1.926000 
    51.526852    -20.621140    -15.267343      1.930000 
    51.526863    -20.610966    -15.204403      1.936000 
    51.526875    -20.600800    -15.141461      1.945000 
    51.526887    -20.590643    -15.078518      1.957000 
    51.526910    -20.580496    -15.015573      1.971000 
    51.526921    -20.570354    -14.952627      1.988000 
    51.526933    -20.560225    -14.889679      2.007000 
    51.526944    -20.550102    -14.826729      2.026000 
    51.526956    -20.539988    -14.763778      2.045000 
    51.526968    -20.529882    -14.700826      2.064000 
    51.526979    -20.519785    -14.637872      2.081000 
    51.526991    -20.509695    -14.574917      2.097000 
    51.527002    -20.499615    -14.511960      2.110000 
    51.527014    -20.489544    -14.449002      2.121000 
    51.527037    -20.479479    -14.386042      2.130000 
    51.527049    -20.469421    -14.323080      2.137000 
    51.527060    -20.459373    -14.260118      2.143000 
    51.527072    -20.449333    -14.197154      2.147000 
    51.527083    -20.439302    -14.134188      2.155000 
    51.527095    -20.429277    -14.071221      2.161000 
    51.527106    -20.419262    -14.008252      2.162000 
    51.527118    -20.409254    -13.945282      2.155000 
    51.527130    -20.399254    -13.882311      2.142000 
    51.527141    -20.389261    -13.819338      2.149000 
    51.527164    -20.379276    -13.756364      2.159000 
    51.527176    -20.369299    -13.693389      2.202000 
    51.527188    -20.359330    -13.630412      2.230000 
    51.527199    -20.349367    -13.567434      2.183000 
    51.527211    -20.339415    -13.504454      2.140000 
    51.527222    -20.329468    -13.441473      2.204000 
    51.527234    -20.319529    -13.378490      2.212000 
    51.527245    -20.309597    -13.315507      2.212000 
    51.527257    -20.299673    -13.252521      2.213000 
    51.527280    -20.289757    -13.189535      2.213000 
    51.527292    -20.279848    -13.126547      2.222000 
    51.527303    -20.269945    -13.063558      2.241000 
    51.527315    -20.260052    -13.000567      2.261000 
    58.999491    -21.900627    -13.053380      1.876000 
    58.999514    -21.890726    -13.116367      1.861000 
    58.999525    -21.880817    -13.179353      1.854000 
    58.999537    -21.870901    -13.242338      1.854000 
    58.999549    -21.860980    -13.305321      1.858000 
    58.999560    -21.851048    -13.368303      1.862000 
    58.999572    -21.841110    -13.431283      1.866000 
    58.999583    -21.831163    -13.494262      1.869000 
    58.999595    -21.821210    -13.557240      1.866000 
    58.999606    -21.811249    -13.620216      1.860000 
    58.999618    -21.801280    -13.683191      1.852000 
    58.999641    -21.791304    -13.746165      1.847000 
    58.999653    -21.781320    -13.809137      1.847000 
    58.999664    -21.771328    -13.872108      1.847000 
    58.999676    -21.761328    -13.935078      1.842000 
    58.999687    -21.751322    -13.998046      1.837000 
    58.999699    -21.741304    -14.061012      1.830000 
    58.999711    -21.731281    -14.123977      1.816000 
    58.999722    -21.721250    -14.186941      1.802000 
    58.999734    -21.711210    -14.249903      1.792000 
    58.999745    -21.701164    -14.312864      1.785000 
    58.999769    -21.691109    -14.375824      1.778000 
    58.999780    -21.681046    -14.438782      1.768000 
    58.999792    -21.670973    -14.501738      1.758000 
    58.999803    -21.660892    -14.564693      1.748000 
    58.999815    -21.650805    -14.627647      1.746000 
    58.999826    -21.640709    -14.690599      1.716000 
    58.999838    -21.630604    -14.753549      1.713000 
    58.999850    -21.620490    -14.816498      1.699000 
    58.999861    -21.610369    -14.879446      1.684000 
    58.999884    -21.600237    -14.942392      1.670000 
    58.999896    -21.590100    -15.005337      1.640000 
    58.999907    -21.579950    -15.068280      1.607000 
    58.999919    -21.569796    -15.131221      1.603000 
    58.999931    -21.559631    -15.194161      1.622000 
    58.999942    -21.549458    -15.257100      1.659000 
    58.999954    -21.539274    -15.320037      1.696000 
    58.999965    -21.529083    -15.382972      1.713000 
    58.999977    -21.518885    -15.445906      1.699000 
    58.999988    -21.508677    -15.508838      1.673000 
    59.000012    -21.498459    -15.571769      1.812000 
    59.000023    -21.488232    -15.634698      1.816000 
    59.000035    -21.477997    -15.697625      1.806000 
    59.000046    -21.467752    -15.760551      1.787000 
    59.000058    -21.457499    -15.823476      1.773000 
    59.000069    -21.447235    -15.886398      1.756000 
    59.000081    -21.436966    -15.949320      1.738000 
    59.000093    -21.426683    -16.012240      1.719000 
    59.000104    -21.416393    -16.075157      1.699000 
    59.000116    -21.406094    -16.138073      1.678000 
    59.000139    -21.395784    -16.200989      1.664000 
    59.000150    -21.385468    -16.263900      1.654000 
    59.000162    -21.375140    -16.326813      1.648000 
    59.000174    -21.364801    -16.389723      1.646000 
    59.000185    -21.354456    -16.452630      1.646000 
    59.000197    -21.344099    -16.515537      1.649000 
    59.000208    -21.333733    -16.578442      1.654000 
    59.000220    -21.323357    -16.641344      1.661000 
    59.000231    -21.312971    -16.704247      1.669000 
    59.000243    -21.302576    -16.767145      1.678000 
    59.000266    -21.292171    -16.830044      1.688000 
    59.000278    -21.281757    -16.892940      1.698000 
    59.000289    -21.271334    -16.955835      1.707000 
   214.984109    -20.674276    -13.019172      2.430000 
   214.984120    -20.664377    -13.082163      2.443000 
   214.984132    -20.654469    -13.145152      2.443000 
   214.984144    -20.644554    -13.208139      2.432000 
   214.984155    -20.634632    -13.271126      2.416000 
   214.984167    -20.624702    -13.334111      2.402000 
   214.984178    -20.614765    -13.397094      2.397000 
   214.984190    -20.604820    -13.460077      2.405000 
   214.984213    -20.594870    -13.523058      2.430000 
   214.984225    -20.584910    -13.586037      2.474000 
   214.984236    -20.574942    -13.649016      2.518000 
   214.984248    -20.564966    -13.711992      2.549000 
   214.984259    -20.554983    -13.774968      2.562000 
   214.984271    -20.544992    -13.837942      2.559000 
   214.984282    -20.534994    -13.900915      2.534000 
   214.984294    -20.524988    -13.963886      2.486000 
   214.984306    -20.514975    -14.026856      2.432000 
   214.984317    -20.504951    -14.089824      2.400000 
   214.984340    -20.494923    -14.152791      2.408000 
   214.984352    -20.484884    -14.215757      2.448000 
   214.984363    -20.474838    -14.278721      2.499000 
   214.984375    -20.464785    -14.341684      2.520000 
   214.984387    -20.454721    -14.404645      2.503000 
   214.984398    -20.444653    -14.467605      2.473000 
   214.984410    -20.434574    -14.530563      2.446000 
   214.984421    -20.424486    -14.593520      2.445000 
   214.984433    -20.414392    -14.656475      2.471000 
   214.984456    -20.404287    -14.719429      2.514000 
   214.984468    -20.394176    -14.782382      2.541000 
   214.984479    -20.384056    -14.845333      2.550000 
   214.984491    -20.373928    -14.908282      2.536000 
   214.984502    -20.363790    -14.971230      2.503000 
   214.984514    -20.353645    -15.034177      2.473000 
   214.984525    -20.343490    -15.097122      2.456000 
   214.984537    -20.333328    -15.160065      2.496000 
   214.984549    -20.323156    -15.223007      2.521000 
   214.984560    -20.312977    -15.285948      2.518000 
   214.984583    -20.302788    -15.348886      2.451000 
   214.984595    -20.292590    -15.411824      2.412000 
   214.984606    -20.282381    -15.474759      2.389000 
   214.984618    -20.272167    -15.537694      2.370000 
   214.984630    -20.261942    -15.600626      2.355000 
   214.984641    -20.251709    -15.663557      2.343000 
   214.984653    -20.241467    -15.726487      2.324000 
   214.984664    -20.231215    -15.789415      2.302000 
   214.984676    -20.220955    -15.852341      2.285000 
   214.984688    -20.210684    -15.915266      2.280000 
   214.984711    -20.200405    -15.978189      2.282000 
   214.984722    -20.190117    -16.041110      2.289000 
   214.984734    -20.179820    -16.104030      2.293000 
   214.984745    -20.169512    -16.166948      2.293000 
   214.984757    -20.159197    -16.229864      2.289000 
   214.984769    -20.148870    -16.292780      2.285000 
   214.984780    -20.138535    -16.355694      2.281000 
   214.984792    -20.128191    -16.418606      2.276000 
   214.984803    -20.117838    -16.481516      2.273000 
   214.984815    -20.107473    -16.544424      2.277000 
   214.984838    -20.097100    -16.607330      2.285000 
   214.984850    -20.086718    -16.670235      2.289000 
   214.984861    -20.076324    -16.733139      2.292000 
   214.984873    -20.065922    -16.796041      2.294000 
   214.984884    -20.055510    -16.858940      2.291000 
   214.984896    -20.045088    -16.921839      2.293000 
   214.984907    -20.034655    -16.984735      2.292000 
   218.443611    -20.895979    -16.972372      2.181000 
   218.443623    -20.885548    -16.909475      2.183000 
   218.443634    -20.875128    -16.846575      2.183000 
   218.443646    -20.864717    -16.783672      2.183000 
   218.443657    -20.854317    -16.720770      2.182000 
   218.443681    -20.843925    -16.657864      2.180000 
   218.443692    -20.833544    -16.594955      2.178000 
   218.443704    -20.823174    -16.532047      2.175000 
   218.443715    -20.812810    -16.469137      2.173000 
   218.443727    -20.802460    -16.406225      2.170000 
   218.443738    -20.792116    -16.343311      2.169000 
   218.443750    -20.781782    -16.280396      2.168000 
   218.443762    -20.771460    -16.217480      2.166000 
   218.443773    -20.761145    -16.154560      2.165000 
   218.443785    -20.750840    -16.091640      2.170000 
   218.443808    -20.740543    -16.028719      2.181000 
   218.443819    -20.730257    -15.965794      2.190000 
   218.443831    -20.719980    -15.902869      2.200000 
   218.443843    -20.709711    -15.839943      2.211000 
   218.443854    -20.699453    -15.777014      2.222000 
   218.443866    -20.689203    -15.714084      2.232000 
   218.443877    -20.678963    -15.651153      2.238000 
   218.443889    -20.668730    -15.588220      2.260000 
   218.443900    -20.658508    -15.525285      2.284000 
   218.443912    -20.648294    -15.462349      2.292000 
   218.443935    -20.638088    -15.399411      2.287000 
   218.443947    -20.627892    -15.336472      2.285000 
   218.443958    -20.617704    -15.273531      2.304000 
   218.443970    -20.607527    -15.210588      2.331000 
   218.443981    -20.597357    -15.147644      2.342000 
   218.443993    -20.587194    -15.084699      2.333000 
   218.444005    -20.577044    -15.021752      2.329000 
   218.444016    -20.566898    -14.958803      2.332000 
   218.444028    -20.556763    -14.895853      2.334000 
   218.444039    -20.546637    -14.832901      2.337000 
   218.444063    -20.536516    -14.769948      2.341000 
   218.444074    -20.526407    -14.706994      2.347000 
   218.444086    -20.516306    -14.644037      2.354000 
   218.444097    -20.506212    -14.581080      2.362000 
   218.444109    -20.496126    -14.518121      2.365000 
   218.444120    -20.486050    -14.455160      2.374000 
   218.444132    -20.475980    -14.392199      2.404000 
   218.444144    -20.465920    -14.329235      2.439000 
   218.444155    -20.455868    -14.266270      2.456000 
   218.444178    -20.445824    -14.203304      2.460000 
   218.444190    -20.435785    -14.140336      2.469000 
   218.444201    -20.425758    -14.077367      2.481000 
   218.444213    -20.415737    -14.014396      2.497000 
   218.444225    -20.405725    -13.951424      2.514000 
   218.444236    -20.395720    -13.888451      2.530000 
   218.444248    -20.385723    -13.825476      2.542000 
   218.444259    -20.375734    -13.762500      2.550000 
   218.444271    -20.365753    -13.699522      2.554000 
   218.444282    -20.355780    -13.636543      2.555000 
   218.444306    -20.345814    -13.573563      2.554000 
   218.444317    -20.335855    -13.510581      2.551000 
   218.444329    -20.325905    -13.447598      2.549000 
   218.444340    -20.315960    -13.384613      2.543000 
   218.444352    -20.306025    -13.321627      2.539000 
   218.444363    -20.296097    -13.258640      2.544000 
   218.444375    -20.286175    -13.195652      2.558000 
   218.444387    -20.276262    -13.132662      2.577000 
   218.444398    -20.266356    -13.069671      2.615000 
   218.444410    -20.256456    -13.006678      2.660000 
   225.916609    -21.903122    -13.056075      1.720000 
   225.916620    -21.893215    -13.119063      1.717000 
   225.916644    -21.883303    -13.182051      1.705000 
   225.916655    -21.873380    -13.245037      1.702000 
   225.916667    -21.863453    -13.308021      1.709000 
   225.916678    -21.853518    -13.371005      1.707000 
   225.916690    -21.843573    -13.433987      1.701000 
   225.916701    -21.833622    -13.496968      1.695000 
   225.916713    -21.823664    -13.559947      1.686000 
   225.916725    -21.813698    -13.622925      1.677000 
   225.916736    -21.803724    -13.685901      1.668000 
   225.916748    -21.793743    -13.748876      1.658000 
   225.916771    -21.783754    -13.811850      1.653000 
   225.916782    -21.773758    -13.874822      1.647000 
   225.916794    -21.763752    -13.937793      1.636000 
   225.916806    -21.753740    -14.000763      1.623000 
   225.916817    -21.743720    -14.063731      1.614000 
   225.916829    -21.733690    -14.126698      1.611000 
   225.916840    -21.723656    -14.189663      1.613000 
   225.916852    -21.713610    -14.252627      1.618000 
   225.916863    -21.703558    -14.315590      1.621000 
   225.916887    -21.693497    -14.378550      1.625000 
   225.916898    -21.683428    -14.441510      1.630000 
   225.916910    -21.673351    -14.504468      1.635000 
   225.916921    -21.663265    -14.567425      1.641000 
   225.916933    -21.653173    -14.630380      1.647000 
   225.916944    -21.643070    -14.693334      1.658000 
   225.916956    -21.632961    -14.756286      1.666000 
   225.916968    -21.622843    -14.819237      1.670000 
   225.916979    -21.612717    -14.882186      1.667000 
   225.916991    -21.602580    -14.945133      1.655000 
   225.917014    -21.592436    -15.008080      1.644000 
   225.917025    -21.582285    -15.071024      1.671000 
   225.917037    -21.572123    -15.133967      1.683000 
   225.917049    -21.561953    -15.196909      1.682000 
   225.917060    -21.551773    -15.259849      1.671000 
   225.917072    -21.541588    -15.322788      1.650000 
   225.917083    -21.531391    -15.385725      1.620000 
   225.917095    -21.521187    -15.448660      1.593000 
   225.917106    -21.510973    -15.511594      1.578000 
   225.917118    -21.500750    -15.574527      1.577000 
   225.917141    -21.490519    -15.637458      1.587000 
   225.917153    -21.480278    -15.700387      1.610000 
   225.917164    -21.470028    -15.763314      1.636000 
   225.917176    -21.459770    -15.826240      1.655000 
   225.917188    -21.449503    -15.889165      1.660000 
   225.917199    -21.439224    -15.952088      1.653000 
   225.917211    -21.428938    -16.015009      1.641000 
   225.917222    -21.418644    -16.077929      1.620000 
   225.917234    -21.408339    -16.140846      1.596000 
   225.917245    -21.398024    -16.203762      1.581000 
   225.917269    -21.387700    -16.266678      1.579000 
   225.917280    -21.377367    -16.329592      1.581000 
   225.917292    -21.367025    -16.392504      1.581000 
   225.917303    -21.356672    -16.455412      1.577000 
   225.917315    -21.346312    -16.518320      1.555000 
   225.917326    -21.335940    -16.581226      1.570000 
   225.917338    -21.325560    -16.644133      1.597000 
   225.917350    -21.315168    -16.707035      1.623000 
   225.917361    -21.304768    -16.769938      1.634000 
   225.917373    -21.294357    -16.832836      1.619000 
   225.917396    -21.283937    -16.895735      1.604000 
   225.917407    -21.273508    -16.958632      1.585000 
   229.376296    -21.990616    -16.095497      2.856000 
   229.376308    -21.980318    -16.032576      2.860000 
   229.376319    -21.970030    -15.969653      2.863000 
   229.376331    -21.959751    -15.906728      2.866000 
   229.376354    -21.949480    -15.843801      2.848000 
   229.376366    -21.939220    -15.780873      2.807000 
   229.376377    -21.928968    -15.717944      2.775000 
   229.376389    -21.918726    -15.655012      2.755000 
   229.376400    -21.908491    -15.592080      2.753000 
   229.376412    -21.898268    -15.529145      2.764000 
   229.376424    -21.888052    -15.466209      2.778000 
   229.376435    -21.877846    -15.403272      2.789000 
   229.376447    -21.867647    -15.340333      2.798000 
   229.376458    -21.857458    -15.277392      2.804000 
   229.376481    -21.847277    -15.214450      2.801000 
   229.376493    -21.837105    -15.151506      2.796000 
   229.376505    -21.826942    -15.088561      2.798000 
   229.376516    -21.816788    -15.025614      2.807000 
   229.376528    -21.806643    -14.962666      2.814000 
   229.376539    -21.796503    -14.899716      2.814000 
   229.376551    -21.786375    -14.836764      2.807000 
   229.376563    -21.776255    -14.773812      2.797000 
   229.376574    -21.766144    -14.710857      2.791000 
   229.376586    -21.756039    -14.647902      2.814000 
   229.376609    -21.745943    -14.584944      2.855000 
   229.376620    -21.735857    -14.521985      2.907000 
   229.376632    -21.725779    -14.459025      2.945000 
   229.376644    -21.715708    -14.396064      2.951000 
   229.376655    -21.705645    -14.333100      2.920000 
   229.376667    -21.695591    -14.270136      2.899000 
   229.376678    -21.685543    -14.207170      2.851000 
   229.376690    -21.675507    -14.144202      2.829000 
   229.376701    -21.665476    -14.081233      2.803000 
   229.376713    -21.655455    -14.018263      2.788000 
   229.376736    -21.645440    -13.955291      2.792000 
   229.376748    -21.635433    -13.892318      2.803000 
   229.376759    -21.625435    -13.829344      2.806000 
   229.376771    -21.615442    -13.766368      2.803000 
   229.376782    -21.605460    -13.703390      2.790000 
   229.376794    -21.595484    -13.640412      2.774000 
   229.376806    -21.585518    -13.577431      2.776000 
   229.376817    -21.575556    -13.514450      2.781000 
   229.376829    -21.565603    -13.451467      2.775000 
   229.376852    -21.555658    -13.388483      2.758000 
   229.376863    -21.545721    -13.325497      2.734000 
   229.376875    -21.535791    -13.262510      2.704000 
   229.376887    -21.525867    -13.199522      2.663000 
   229.376898    -21.515953    -13.136532      2.643000 
   229.376910    -21.506044    -13.073541      2.656000 
   229.376921    -21.496145    -13.010549      2.696000 
   235.848750    -20.682451    -13.010243      2.639000 
   235.848762    -20.672550    -13.073233      2.657000 
   235.848773    -20.662640    -13.136220      2.669000 
   235.848785    -20.652723    -13.199207      2.678000 
   235.848796    -20.642800    -13.262192      2.684000 
   235.848808    -20.632868    -13.325176      2.679000 
   235.848831    -20.622929    -13.388158      2.661000 
   235.848843    -20.612984    -13.451140      2.631000 
   235.848854    -20.603030    -13.514119      2.613000 
   235.848866    -20.593067    -13.577098      2.622000 
   235.848877    -20.583097    -13.640075      2.653000 
   235.848889    -20.573120    -13.703051      2.692000 
   235.848900    -20.563135    -13.766025      2.720000 
   235.848912    -20.553144    -13.828998      2.744000 
   235.848924    -20.543144    -13.891969      2.766000 
   235.848935    -20.533136    -13.954939      2.782000 
   235.848958    -20.523120    -14.017908      2.792000 
   235.848970    -20.513096    -14.080875      2.796000 
   235.848981    -20.503065    -14.143841      2.794000 
   235.848993    -20.493025    -14.206805      2.784000 
   235.849005    -20.482977    -14.269768      2.770000 
   235.849016    -20.472921    -14.332730      2.754000 
   235.849028    -20.462858    -14.395690      2.738000 
   235.849039    -20.452785    -14.458649      2.721000 
   235.849051    -20.442705    -14.521606      2.706000 
   235.849063    -20.432617    -14.584562      2.694000 
   235.849086    -20.422520    -14.647516      2.675000 
   235.849097    -20.412415    -14.710469      2.670000 
   235.849109    -20.402302    -14.773420      2.674000 
   235.849120    -20.392180    -14.836370      2.670000 
   235.849132    -20.382050    -14.899318      2.670000 
   235.849144    -20.371910    -14.962265      2.675000 
   235.849155    -20.361763    -15.025210      2.680000 
   235.849167    -20.351606    -15.088154      2.678000 
   235.849178    -20.341442    -15.151097      2.674000 
   235.849201    -20.331268    -15.214037      2.680000 
   235.849213    -20.321087    -15.276977      2.702000 
   235.849225    -20.310896    -15.339914      2.737000 
   235.849236    -20.300697    -15.402850      2.769000 
   235.849248    -20.290487    -15.465785      2.780000 
   235.849259    -20.280272    -15.528718      2.760000 
   235.849271    -20.270044    -15.591650      2.738000 
   235.849282    -20.259810    -15.654579      2.731000 
   235.849294    -20.249565    -15.717508      2.740000 
   235.849306    -20.239311    -15.780434      2.748000 
   235.849329    -20.229050    -15.843360      2.746000 
   235.849340    -20.218779    -15.906283      2.737000 
   235.849352    -20.208498    -15.969205      2.726000 
   235.849363    -20.198208    -16.032125      2.716000 
   235.849375    -20.187908    -16.095043      2.706000 
   235.849387    -20.177600    -16.157963      2.697000 
   235.849398    -20.167282    -16.220877      2.688000 
   235.849410    -20.156956    -16.283790      2.681000 
   235.849421    -20.146618    -16.346703      2.675000 
   235.849433    -20.136272    -16.409615      2.673000 
   235.849456    -20.125916    -16.472523      2.674000 
   235.849468    -20.115551    -16.535430      2.661000 
   235.849479    -20.105177    -16.598335      2.643000 
   235.849491    -20.094791    -16.661240      2.639000 
   235.849502    -20.084396    -16.724142      2.647000 
   235.849514    -20.073994    -16.787043      2.654000 
   235.849525    -20.063580    -16.849941      2.638000 
   235.849537    -20.053156    -16.912838      2.627000 
   235.849549    -20.042723    -16.975735      2.615000 
   239.308264    -20.903406    -16.948360      2.009000 
   239.308275    -20.892979    -16.885462      2.023000 
   239.308287    -20.882559    -16.822560      2.034000 
   239.308310    -20.872149    -16.759657      2.041000 
   239.308322    -20.861750    -16.696753      2.046000 
   239.308333    -20.851360    -16.633846      2.050000 
   239.308345    -20.840980    -16.570938      2.048000 
   239.308356    -20.830610    -16.508030      2.052000 
   239.308368    -20.820250    -16.445118      2.066000 
   239.308380    -20.809898    -16.382204      2.079000 
   239.308391    -20.799557    -16.319290      2.089000 
   239.308403    -20.789225    -16.256374      2.096000 
   239.308414    -20.778902    -16.193457      2.097000 
   239.308438    -20.768589    -16.130537      2.096000 
   239.308449    -20.758286    -16.067616      2.099000 
   239.308461    -20.747990    -16.004692      2.102000 
   239.308472    -20.737703    -15.941769      2.106000 
   239.308484    -20.727428    -15.878843      2.111000 
   239.308495    -20.717161    -15.815916      2.117000 
   239.308507    -20.706903    -15.752986      2.124000 
   239.308519    -20.696655    -15.690056      2.132000 
   239.308530    -20.686415    -15.627123      2.140000 
   239.308542    -20.676184    -15.564190      2.142000 
   239.308565    -20.665962    -15.501254      2.147000 
   239.308576    -20.655748    -15.438317      2.157000 
   239.308588    -20.645544    -15.375378      2.169000 
   239.308600    -20.635350    -15.312438      2.182000 
   239.308611    -20.625162    -15.249497      2.197000 
   239.308623    -20.614985    -15.186553      2.208000 
   239.308634    -20.604816    -15.123609      2.213000 
   239.308646    -20.594656    -15.060662      2.205000 
   239.308657    -20.584503    -14.997714      2.180000 
   239.308681    -20.574362    -14.934765      2.160000 
   239.308692    -20.564226    -14.871814      2.144000 
   239.308704    -20.554100    -14.808862      2.129000 
   239.308715    -20.543982    -14.745908      2.119000 
   239.308727    -20.533873    -14.682953      2.121000 
   239.308738    -20.523771    -14.619996      2.129000 
   239.308750    -20.513680    -14.557038      2.121000 
   239.308762    -20.503593    -14.494078      2.100000 
   239.308773    -20.493519    -14.431117      2.089000 
   239.308785    -20.483450    -14.368154      2.082000 
   239.308808    -20.473390    -14.305190      2.079000 
   239.308819    -20.463339    -14.242224      2.082000 
   239.308831    -20.453295    -14.179257      2.093000 
   239.308843    -20.443258    -14.116289      2.113000 
   239.308854    -20.433231    -14.053319      2.140000 
   239.308866    -20.423210    -13.990348      2.172000 
   239.308877    -20.413198    -13.927375      2.211000 
   239.308889    -20.403194    -13.864401      2.252000 
   239.308900    -20.393198    -13.801425      2.293000 
   239.308912    -20.383210    -13.738448      2.329000 
   239.308935    -20.373228    -13.675470      2.355000 
   239.308947    -20.363256    -13.612490      2.374000 
   239.308958    -20.353290    -13.549509      2.380000 
   239.308970    -20.343332    -13.486527      2.377000 
   239.308981    -20.333382    -13.423543      2.358000 
   239.308993    -20.323439    -13.360558      2.325000 
   239.309005    -20.313503    -13.297571      2.269000 
   239.309016    -20.303576    -13.234583      2.204000 
   239.309028    -20.293655    -13.171594      2.139000 
   239.309039    -20.283743    -13.108603      2.092000 
   239.309063    -20.273836    -13.045612      2.081000 
