    29.491933    -28.251417     -8.003387      1.326000 
    29.491944    -28.264677     -8.062447      1.332000 
    29.491956    -28.277940     -8.121507      1.338000 
    29.491968    -28.291206     -8.180566      1.345000 
    29.491979    -28.304476     -8.239625      1.352000 
    29.491991    -28.317747     -8.298683      1.362000 
    29.492002    -28.331020     -8.357740      1.376000 
    29.492014    -28.344297     -8.416797      1.392000 
    29.492025    -28.357576     -8.475854      1.410000 
    29.492037    -28.370860     -8.534909      1.428000 
    29.492049    -28.384144     -8.593965      1.443000 
    29.492060    -28.397432     -8.653019      1.453000 
    29.492072    -28.410723     -8.712073      1.459000 
    29.492083    -28.424017     -8.771127      1.461000 
    29.492095    -28.437311     -8.830180      1.472000 
    29.492106    -28.450611     -8.889232      1.453000 
    29.492118    -28.463913     -8.948284      1.432000 
    29.492130    -28.477219     -9.007335      1.419000 
    29.492141    -28.490526     -9.066386      1.405000 
    29.492153    -28.503838     -9.125436      1.415000 
    29.492164    -28.517150     -9.184485      1.424000 
    29.492176    -28.530466     -9.243534      1.434000 
    29.492188    -28.543787     -9.302582      1.443000 
    29.492199    -28.557110     -9.361630      1.447000 
    29.492211    -28.570435     -9.420677      1.446000 
    29.492222    -28.583763     -9.479723      1.438000 
    29.492234    -28.597095     -9.538769      1.423000 
    29.492245    -28.610432     -9.597814      1.403000 
    29.492257    -28.623770     -9.656858      1.382000 
    29.492269    -28.637112     -9.715902      1.363000 
    29.492280    -28.650455     -9.774945      1.350000 
    29.492292    -28.663803     -9.833988      1.347000 
    29.492303    -28.677155     -9.893030      1.354000 
    29.492315    -28.690510     -9.952071      1.370000 
    29.492326    -28.703865    -10.011112      1.393000 
    29.492338    -28.717228    -10.070152      1.414000 
    29.492350    -28.730590    -10.129191      1.426000 
    29.492361    -28.743958    -10.188230      1.437000 
    29.492373    -28.757330    -10.247268      1.444000 
    29.492384    -28.770702    -10.306306      1.444000 
    29.492396    -28.784080    -10.365342      1.441000 
    29.492407    -28.797462    -10.424379      1.442000 
    29.492419    -28.810846    -10.483414      1.444000 
    29.492431    -28.824234    -10.542449      1.445000 
    29.492442    -28.837626    -10.601483      1.442000 
    29.492454    -28.851020    -10.660516      1.438000 
    29.492465    -28.864418    -10.719549      1.433000 
    29.492477    -28.877820    -10.778581      1.428000 
    29.492488    -28.891226    -10.837612      1.423000 
    29.492500    -28.904634    -10.896643      1.418000 
    29.492512    -28.918047    -10.955673      1.413000 
    29.492523    -28.931463    -11.014702      1.408000 
    29.492535    -28.944883    -11.073731      1.405000 
    29.492546    -28.958305    -11.132759      1.402000 
    29.492558    -28.971733    -11.191786      1.398000 
    29.492569    -28.985165    -11.250813      1.393000 
    29.492581    -28.998598    -11.309838      1.388000 
    29.492593    -29.012037    -11.368863      1.383000 
    29.492604    -29.025478    -11.427888      1.376000 
    29.492616    -29.038925    -11.486911      1.370000 
    29.492627    -29.052376    -11.545934      1.374000 
    29.492639    -29.065828    -11.604956      1.383000 
    29.492650    -29.079287    -11.663978      1.393000 
    29.492662    -29.092749    -11.722999      1.401000 
    29.492674    -29.106213    -11.782019      1.409000 
    29.492685    -29.119682    -11.841038      1.414000 
    29.492697    -29.133156    -11.900056      1.426000 
    29.492708    -29.146631    -11.959074      1.449000 
    33.489942    -28.010990    -11.073727      2.159000 
    33.489954    -28.024412    -11.132755      2.145000 
    33.489965    -28.037836    -11.191783      2.129000 
    33.489977    -28.051268    -11.250810      2.114000 
    33.489988    -28.064700    -11.309836      2.104000 
    33.490000    -28.078136    -11.368861      2.097000 
    33.490012    -28.091578    -11.427886      2.091000 
    33.490023    -28.105022    -11.486910      2.081000 
    33.490035    -28.118470    -11.545934      2.066000 
    33.490046    -28.131922    -11.604956      2.047000 
    33.490058    -28.145378    -11.663978      2.026000 
    33.490069    -28.158838    -11.722999      2.009000 
    33.490081    -28.172300    -11.782020      1.992000 
    33.490093    -28.185768    -11.841039      1.975000 
    33.490104    -28.199240    -11.900058      1.959000 
    33.490116    -28.212715    -11.959077      1.944000 
    38.008866    -31.300716    -11.943420      1.689000 
    38.008877    -31.314192    -11.884411      1.702000 
    38.008889    -31.327660    -11.825401      1.702000 
    38.008900    -31.341125    -11.766390      1.686000 
    38.008912    -31.354588    -11.707379      1.648000 
    38.008924    -31.368046    -11.648367      1.595000 
    38.008935    -31.381498    -11.589354      1.544000 
    38.008947    -31.394949    -11.530340      1.541000 
    38.008958    -31.408396    -11.471326      1.576000 
    38.008970    -31.421839    -11.412311      1.623000 
    38.008981    -31.435278    -11.353295      1.658000 
    38.008993    -31.448711    -11.294279      1.685000 
    38.009005    -31.462143    -11.235262      1.701000 
    38.009016    -31.475570    -11.176244      1.707000 
    38.009028    -31.488995    -11.117225      1.651000 
    38.009039    -31.502415    -11.058206      1.576000 
    38.009051    -31.515830    -10.999186      1.509000 
    38.009062    -31.529243    -10.940165      1.489000 
    38.009074    -31.542652    -10.881144      1.544000 
    38.009109    -31.582857    -10.704076      1.571000 
    38.009120    -31.596252    -10.645052      1.568000 
    38.009132    -31.609644    -10.586027      1.546000 
    38.009144    -31.623032    -10.527001      1.520000 
    38.009155    -31.636415    -10.467975      1.509000 
    38.009178    -31.663174    -10.349921      1.508000 
    38.009190    -31.676550    -10.290893      1.498000 
    38.009201    -31.689919    -10.231864      1.486000 
    38.009213    -31.703287    -10.172835      1.474000 
    38.009225    -31.716652    -10.113804      1.463000 
    38.009236    -31.730011    -10.054774      1.454000 
    38.009248    -31.743368     -9.995742      1.449000 
    38.009259    -31.756723     -9.936710      1.452000 
    38.009271    -31.770075     -9.877677      1.442000 
    38.009282    -31.783420     -9.818644      1.443000 
    38.009294    -31.796766     -9.759610      1.446000 
    38.009306    -31.810106     -9.700575      1.453000 
    38.009317    -31.823444     -9.641540      1.461000 
    38.009329    -31.836780     -9.582504      1.471000 
    38.009340    -31.850113     -9.523468      1.480000 
    38.009352    -31.863441     -9.464431      1.499000 
    38.009363    -31.876766     -9.405393      1.500000 
    38.009375    -31.890089     -9.346355      1.510000 
    38.009387    -31.903408     -9.287316      1.518000 
    38.009398    -31.916725     -9.228276      1.523000 
    38.009410    -31.930038     -9.169236      1.526000 
    38.009421    -31.943348     -9.110195      1.527000 
    38.009433    -31.956656     -9.051153      1.527000 
    38.009444    -31.969960     -8.992111      1.525000 
    38.009456    -31.983261     -8.933069      1.521000 
    38.009468    -31.996561     -8.874026      1.515000 
    42.006273    -30.360508    -11.990496      1.448000 
    42.006285    -30.373983    -11.931487      1.457000 
    42.006296    -30.387457    -11.872478      1.472000 
    42.006308    -30.400923    -11.813468      1.487000 
    42.006319    -30.414387    -11.754457      1.500000 
    42.006331    -30.427847    -11.695445      1.511000 
    42.006343    -30.441303    -11.636433      1.519000 
    42.006354    -30.454756    -11.577419      1.524000 
    42.006366    -30.468204    -11.518406      1.525000 
    42.006377    -30.481647    -11.459391      1.529000 
    42.006389    -30.495089    -11.400376      1.537000 
    42.006400    -30.508526    -11.341360      1.552000 
    42.006412    -30.521960    -11.282343      1.567000 
    42.006424    -30.535389    -11.223325      1.578000 
    42.006435    -30.548815    -11.164307      1.580000 
    42.006447    -30.562237    -11.105288      1.580000 
    42.006458    -30.575653    -11.046269      1.584000 
    42.006470    -30.589070    -10.987249      1.590000 
    42.006481    -30.602480    -10.928228      1.596000 
    42.006493    -30.615887    -10.869206      1.602000 
    42.006505    -30.629292    -10.810184      1.612000 
    42.006516    -30.642690    -10.751160      1.620000 
    42.006528    -30.656088    -10.692137      1.620000 
    42.006539    -30.669481    -10.633112      1.613000 
    42.006551    -30.682870    -10.574087      1.600000 
    42.006563    -30.696257    -10.515061      1.581000 
    42.006574    -30.709639    -10.456035      1.552000 
    42.006586    -30.723019    -10.397008      1.522000 
    42.006597    -30.736395    -10.337980      1.501000 
    42.006609    -30.749767    -10.278952      1.500000 
    42.006620    -30.763136    -10.219922      1.517000 
    42.006632    -30.776500    -10.160893      1.550000 
    42.006644    -30.789864    -10.101862      1.591000 
    42.006655    -30.803223    -10.042831      1.638000 
    42.006667    -30.816580     -9.983799      1.679000 
    42.006678    -30.829931     -9.924767      1.709000 
    42.006690    -30.843280     -9.865734      1.726000 
    42.006701    -30.856627     -9.806700      1.727000 
    42.006713    -30.869968     -9.747666      1.713000 
    42.006725    -30.883308     -9.688631      1.685000 
    42.006736    -30.896645     -9.629596      1.663000 
    42.006748    -30.909979     -9.570559      1.659000 
    42.006759    -30.923310     -9.511523      1.671000 
    42.006771    -30.936636     -9.452485      1.693000 
    42.006782    -30.949960     -9.393447      1.720000 
    42.006794    -30.963282     -9.334408      1.747000 
    42.006806    -30.976599     -9.275369      1.769000 
    42.006817    -30.989914     -9.216329      1.786000 
    42.006829    -31.003225     -9.157289      1.802000 
    42.006840    -31.016535     -9.098247      1.819000 
    42.006852    -31.029840     -9.039206      1.834000 
    42.006863    -31.043142     -8.980163      1.841000 
    42.006875    -31.056442     -8.921120      1.850000 
    42.006887    -31.069740     -8.862077      1.856000 
    42.006898    -31.083035     -8.803033      1.861000 
    42.006910    -31.096327     -8.743988      1.867000 
    42.006921    -31.109613     -8.684943      1.872000 
    42.006933    -31.122900     -8.625897      1.877000 
    42.006944    -31.136183     -8.566851      1.881000 
    42.006956    -31.149464     -8.507804      1.885000 
    42.006968    -31.162740     -8.448756      1.889000 
    42.006979    -31.176016     -8.389708      1.893000 
    42.006991    -31.189287     -8.330659      1.897000 
    42.007002    -31.202557     -8.271610      1.902000 
    42.007014    -31.215822     -8.212560      1.907000 
    42.007025    -31.229088     -8.153510      1.911000 
    42.007037    -31.242350     -8.094459      1.914000 
    42.007049    -31.255608     -8.035407      1.916000 
    44.499757    -31.070923     -8.025431      1.577000 
    44.499769    -31.084180     -8.084492      1.577000 
    44.499780    -31.097440     -8.143553      1.576000 
    44.499792    -31.110704     -8.202613      1.575000 
    44.499803    -31.123972     -8.261673      1.574000 
    44.499815    -31.137240     -8.320732      1.572000 
    44.499826    -31.150510     -8.379790      1.569000 
    44.499838    -31.163786     -8.438848      1.565000 
    44.499850    -31.177061     -8.497905      1.561000 
    44.499861    -31.190342     -8.556962      1.559000 
    44.499873    -31.203625     -8.616018      1.559000 
    44.499884    -31.216910     -8.675074      1.562000 
    44.499896    -31.230198     -8.734129      1.569000 
    44.499907    -31.243488     -8.793183      1.576000 
    44.499919    -31.256783     -8.852237      1.584000 
    44.499931    -31.270079     -8.911290      1.590000 
    44.499942    -31.283379     -8.970343      1.593000 
    44.499954    -31.296680     -9.029395      1.594000 
    44.499965    -31.309986     -9.088447      1.592000 
    44.499977    -31.323296     -9.147498      1.588000 
    44.499988    -31.336605     -9.206548      1.585000 
    44.500000    -31.349920     -9.265597      1.644000 
    44.500012    -31.363237     -9.324647      1.639000 
    44.500023    -31.376558     -9.383695      1.636000 
    44.500035    -31.389881     -9.442743      1.640000 
    44.500046    -31.403208     -9.501790      1.644000 
    44.500058    -31.416538     -9.560837      1.647000 
    44.500069    -31.429870     -9.619883      1.644000 
    44.500081    -31.443207     -9.678928      1.635000 
    44.500093    -31.456547     -9.737973      1.625000 
    44.500104    -31.469889     -9.797017      1.618000 
    44.500116    -31.483232     -9.856060      1.610000 
    44.500127    -31.496582     -9.915103      1.602000 
    44.500139    -31.509933     -9.974145      1.594000 
    44.500150    -31.523289    -10.033187      1.586000 
    44.500162    -31.536648    -10.092228      1.578000 
    44.500174    -31.550009    -10.151268      1.569000 
    44.500185    -31.563375    -10.210307      1.562000 
    44.500197    -31.576742    -10.269346      1.556000 
    44.500208    -31.590115    -10.328385      1.553000 
    44.500220    -31.603490    -10.387422      1.554000 
    44.500231    -31.616869    -10.446459      1.559000 
    44.500243    -31.630250    -10.505495      1.563000 
    44.500255    -31.643637    -10.564531      1.567000 
    44.500266    -31.657024    -10.623566      1.569000 
    44.500278    -31.670418    -10.682600      1.568000 
    44.500289    -31.683813    -10.741634      1.565000 
    44.500301    -31.697214    -10.800667      1.560000 
    44.500313    -31.710617    -10.859699      1.553000 
    44.500324    -31.724024    -10.918730      1.547000 
    44.500336    -31.737434    -10.977761      1.543000 
    44.500347    -31.750849    -11.036791      1.539000 
    44.500359    -31.764265    -11.095821      1.538000 
    44.500370    -31.777687    -11.154849      1.540000 
    44.500382    -31.791113    -11.213877      1.543000 
    44.500394    -31.804540    -11.272904      1.545000 
    44.500405    -31.817972    -11.331931      1.545000 
    44.500417    -31.831410    -11.390957      1.545000 
    44.500428    -31.844849    -11.449982      1.544000 
    44.500440    -31.858294    -11.509006      1.541000 
    44.500451    -31.871740    -11.568030      1.537000 
    44.500463    -31.885193    -11.627053      1.530000 
    44.500475    -31.898647    -11.686075      1.519000 
    44.500486    -31.912107    -11.745097      1.502000 
    44.500498    -31.925570    -11.804118      1.484000 
    44.500509    -31.939037    -11.863138      1.483000 
    44.500521    -31.952509    -11.922157      1.504000 
    44.500532    -31.965982    -11.981176      1.530000 
    46.003681    -29.431244    -11.973192      2.146000 
    46.003692    -29.444715    -11.914182      2.150000 
    46.003704    -29.458183    -11.855172      2.161000 
    46.003715    -29.471650    -11.796162      2.175000 
    46.003727    -29.485110    -11.737150      2.190000 
    46.003738    -29.498566    -11.678138      2.207000 
    46.003750    -29.512018    -11.619125      2.223000 
    46.003762    -29.525469    -11.560112      2.231000 
    46.003773    -29.538914    -11.501097      2.236000 
    46.003785    -29.552355    -11.442082      2.239000 
    46.003796    -29.565792    -11.383066      2.245000 
    46.003808    -29.579227    -11.324050      2.256000 
    46.003819    -29.592657    -11.265032      2.276000 
    46.003831    -29.606083    -11.206015      2.290000 
    46.003843    -29.619507    -11.146996      2.294000 
    46.003854    -29.632925    -11.087976      2.294000 
    46.003866    -29.646340    -11.028956      2.295000 
    46.003877    -29.659752    -10.969936      2.294000 
    46.003889    -29.673160    -10.910914      2.293000 
    46.003900    -29.686563    -10.851892      2.290000 
    46.003912    -29.699965    -10.792869      2.284000 
    46.003924    -29.713362    -10.733845      2.279000 
    46.003935    -29.726755    -10.674821      2.273000 
    46.003947    -29.740147    -10.615796      2.267000 
    46.003958    -29.753532    -10.556771      2.260000 
    46.003970    -29.766916    -10.497744      2.254000 
    46.003981    -29.780296    -10.438717      2.247000 
    46.003993    -29.793673    -10.379690      2.241000 
    46.004005    -29.807045    -10.320662      2.234000 
    46.004016    -29.820415    -10.261633      2.228000 
    46.004028    -29.833780    -10.202603      2.220000 
    46.004039    -29.847143    -10.143573      2.212000 
    46.004051    -29.860502    -10.084542      2.204000 
    46.004062    -29.873860    -10.025510      2.195000 
    46.004074    -29.887213     -9.966478      2.187000 
    46.004086    -29.900562     -9.907445      2.184000 
    46.004097    -29.913910     -9.848412      2.171000 
    46.004109    -29.927252     -9.789377      2.157000 
    46.004120    -29.940592     -9.730343      2.141000 
    46.004132    -29.953930     -9.671307      2.131000 
    46.004144    -29.967262     -9.612271      2.125000 
    46.004155    -29.980593     -9.553234      2.125000 
    46.004167    -29.993920     -9.494197      2.131000 
    46.004178    -30.007244     -9.435159      2.137000 
    46.004190    -30.020567     -9.376121      2.141000 
    46.004201    -30.033884     -9.317081      2.142000 
    46.004213    -30.047200     -9.258042      2.140000 
    46.004225    -30.060510     -9.199001      2.140000 
    46.004236    -30.073820     -9.139960      2.140000 
    46.004248    -30.087126     -9.080919      2.137000 
    46.004259    -30.100430     -9.021876      2.132000 
    46.004271    -30.113730     -8.962834      2.126000 
    46.004282    -30.127028     -8.903790      2.119000 
    46.004294    -30.140322     -8.844746      2.110000 
    46.004306    -30.153612     -8.785702      2.100000 
    46.004317    -30.166903     -8.726656      2.090000 
    46.004329    -30.180187     -8.667611      2.078000 
    46.004340    -30.193472     -8.608564      2.064000 
    46.004352    -30.206750     -8.549517      2.050000 
    46.004363    -30.220030     -8.490470      2.035000 
    46.004375    -30.233303     -8.431422      2.018000 
    46.004387    -30.246574     -8.372373      2.005000 
    46.004398    -30.259846     -8.313324      1.989000 
    46.004410    -30.273111     -8.254274      1.967000 
    46.004421    -30.286375     -8.195224      1.940000 
    46.004433    -30.299637     -8.136173      1.913000 
    46.004444    -30.312895     -8.077122      1.887000 
    46.004456    -30.326153     -8.018070      1.862000 
    48.497153    -30.134060     -8.025372      2.287000 
    48.497164    -30.147316     -8.084433      2.325000 
    48.497176    -30.160576     -8.143494      2.364000 
    48.497188    -30.173838     -8.202554      2.394000 
    48.497199    -30.187103     -8.261613      2.412000 
    48.497211    -30.200370     -8.320672      2.417000 
    48.497222    -30.213640     -8.379731      2.413000 
    48.497234    -30.226913     -8.438789      2.400000 
    48.497245    -30.240190     -8.497846      2.384000 
    48.497257    -30.253468     -8.556903      2.369000 
    48.497269    -30.266748     -8.615959      2.353000 
    48.497280    -30.280033     -8.675014      2.336000 
    48.497292    -30.293320     -8.734070      2.322000 
    48.497303    -30.306610     -8.793124      2.311000 
    48.497315    -30.319902     -8.852178      2.304000 
    48.497326    -30.333199     -8.911231      2.302000 
    48.497338    -30.346497     -8.970284      2.302000 
    48.497350    -30.359797     -9.029336      2.308000 
    48.497361    -30.373100     -9.088387      2.318000 
    48.497373    -30.386408     -9.147438      2.331000 
    48.497384    -30.399717     -9.206489      2.346000 
    48.497396    -30.413030     -9.265538      2.362000 
    48.497407    -30.426348     -9.324587      2.379000 
    48.497419    -30.439667     -9.383636      2.391000 
    48.497431    -30.452990     -9.442684      2.393000 
    48.497442    -30.466314     -9.501731      2.377000 
    48.497454    -30.479643     -9.560777      2.350000 
    48.497465    -30.492973     -9.619823      2.324000 
    48.497477    -30.506308     -9.678869      2.315000 
    48.497488    -30.519646     -9.737914      2.322000 
    48.497500    -30.532988     -9.796958      2.331000 
    48.497512    -30.546331     -9.856001      2.333000 
    48.497523    -30.559679     -9.915044      2.324000 
    48.497535    -30.573029     -9.974086      2.318000 
    48.497546    -30.586384    -10.033128      2.311000 
    48.497558    -30.599740    -10.092169      2.311000 
    48.497569    -30.613100    -10.151209      2.316000 
    48.497581    -30.626465    -10.210248      2.325000 
    48.497593    -30.639832    -10.269287      2.333000 
    48.497604    -30.653202    -10.328326      2.336000 
    48.497616    -30.666576    -10.387363      2.336000 
    48.497627    -30.679955    -10.446400      2.333000 
    48.497639    -30.693335    -10.505436      2.328000 
    48.497650    -30.706718    -10.564472      2.321000 
    48.497662    -30.720106    -10.623507      2.312000 
    48.497674    -30.733498    -10.682541      2.300000 
    48.497685    -30.746893    -10.741575      2.288000 
    48.497697    -30.760290    -10.800608      2.276000 
    48.497708    -30.773693    -10.859640      2.263000 
    48.497720    -30.787098    -10.918671      2.250000 
    48.497731    -30.800507    -10.977702      2.237000 
    48.497743    -30.813920    -11.036732      2.221000 
    48.497755    -30.827335    -11.095761      2.206000 
    48.497766    -30.840755    -11.154790      2.199000 
    48.497778    -30.854180    -11.213818      2.193000 
    48.497801    -30.881039    -11.331872      2.187000 
    48.497812    -30.894474    -11.390898      2.186000 
    48.497824    -30.907911    -11.449923      2.179000 
    48.497836    -30.921354    -11.508947      2.171000 
    48.497847    -30.934801    -11.567971      2.168000 
    48.497859    -30.948252    -11.626994      2.168000 
    48.497870    -30.961704    -11.686016      2.170000 
    48.497882    -30.975163    -11.745038      2.174000 
    48.497894    -30.988625    -11.804059      2.178000 
    48.497905    -31.002090    -11.863079      2.183000 
    48.497917    -31.015560    -11.922098      2.188000 
    48.497928    -31.029036    -11.981116      2.194000 
    50.001088    -28.510553    -11.898181      2.025000 
    50.001100    -28.524020    -11.839170      2.021000 
    50.001111    -28.537481    -11.780159      2.033000 
    50.001123    -28.550941    -11.721147      2.055000 
    50.001134    -28.564398    -11.662135      2.082000 
    50.001146    -28.577848    -11.603121      2.103000 
    50.001157    -28.591295    -11.544107      2.104000 
    50.001169    -28.604738    -11.485092      2.083000 
    50.001181    -28.618177    -11.426077      2.064000 
    50.001204    -28.645046    -11.308043      2.059000 
    50.001215    -28.658476    -11.249025      2.058000 
    50.001227    -28.671900    -11.190007      2.065000 
    50.001238    -28.685322    -11.130988      2.069000 
    50.001250    -28.698738    -11.071968      2.069000 
    50.001262    -28.712152    -11.012947      2.063000 
    50.001273    -28.725561    -10.953926      2.054000 
    50.001285    -28.738968    -10.894904      2.044000 
    50.001296    -28.752370    -10.835882      2.036000 
    50.001308    -28.765770    -10.776858      2.028000 
    50.001319    -28.779165    -10.717834      2.022000 
    50.001331    -28.792559    -10.658809      2.019000 
    50.001343    -28.805946    -10.599784      2.018000 
    50.001354    -28.819330    -10.540758      2.023000 
    50.001366    -28.832712    -10.481731      2.031000 
    50.001377    -28.846090    -10.422704      2.041000 
    50.001389    -28.859467    -10.363676      2.055000 
    50.001400    -28.872837    -10.304647      2.070000 
    50.001412    -28.886206    -10.245617      2.084000 
    50.001424    -28.899570    -10.186587      2.099000 
    50.001435    -28.912931    -10.127557      2.115000 
    50.001447    -28.926289    -10.068525      2.131000 
    50.001458    -28.939644    -10.009493      2.146000 
    50.001470    -28.952995     -9.950460      2.162000 
    50.001481    -28.966343     -9.891427      2.176000 
    50.001493    -28.979689     -9.832393      2.188000 
    50.001505    -28.993030     -9.773358      2.200000 
    50.001528    -29.019703     -9.655287      2.209000 
    50.001539    -29.033035     -9.596251      2.217000 
    50.001551    -29.046366     -9.537213      2.223000 
    50.001563    -29.059690     -9.478176      2.226000 
    50.001574    -29.073013     -9.419137      2.228000 
    50.001586    -29.086332     -9.360098      2.228000 
    50.001597    -29.099650     -9.301059      2.226000 
    50.001609    -29.112963     -9.242018      2.223000 
    50.001620    -29.126274     -9.182977      2.219000 
    50.001632    -29.139582     -9.123936      2.213000 
    50.001644    -29.152885     -9.064894      2.205000 
    50.001655    -29.166187     -9.005851      2.197000 
    50.001667    -29.179487     -8.946808      2.188000 
    50.001678    -29.192783     -8.887764      2.181000 
    50.001690    -29.206076     -8.828720      2.174000 
    50.001701    -29.219366     -8.769675      2.168000 
    50.001713    -29.232653     -8.710629      2.164000 
    50.001725    -29.245937     -8.651583      2.161000 
    50.001736    -29.259218     -8.592536      2.160000 
    50.001748    -29.272497     -8.533489      2.160000 
    50.001759    -29.285774     -8.474441      2.161000 
    50.001771    -29.299047     -8.415392      2.163000 
    50.001782    -29.312319     -8.356343      2.165000 
    50.001794    -29.325586     -8.297293      2.168000 
    50.001806    -29.338852     -8.238243      2.171000 
    50.001817    -29.352114     -8.179192      2.175000 
    50.001829    -29.365374     -8.120141      2.179000 
    50.001840    -29.378632     -8.061089      2.184000 
    50.001852    -29.391886     -8.002037      2.190000 
    52.494537    -29.190727     -8.010357      2.332000 
    52.494549    -29.203983     -8.069418      2.314000 
    52.494560    -29.217241     -8.128478      2.293000 
    52.494572    -29.230503     -8.187538      2.274000 
    52.494583    -29.243769     -8.246598      2.257000 
    52.494595    -29.257034     -8.305657      2.244000 
    52.494606    -29.270304     -8.364715      2.234000 
    52.494618    -29.283577     -8.423773      2.231000 
    52.494630    -29.296852     -8.482830      2.231000 
    52.494641    -29.310130     -8.541887      2.225000 
    52.494653    -29.323410     -8.600943      2.215000 
    52.494664    -29.336693     -8.659999      2.208000 
    52.494676    -29.349980     -8.719054      2.210000 
    52.494687    -29.363268     -8.778108      2.215000 
    52.494699    -29.376560     -8.837162      2.216000 
    52.494711    -29.389854     -8.896215      2.219000 
    52.494722    -29.403152     -8.955267      2.223000 
    52.494734    -29.416452     -9.014319      2.227000 
    52.494745    -29.429756     -9.073371      2.231000 
    52.494757    -29.443062     -9.132422      2.236000 
    52.494769    -29.456371     -9.191472      2.240000 
    52.494780    -29.469685     -9.250522      2.248000 
    52.494792    -29.483000     -9.309570      2.253000 
    52.494803    -29.496319     -9.368619      2.254000 
    52.494815    -29.509640     -9.427667      2.252000 
    52.494826    -29.522963     -9.486714      2.254000 
    52.494838    -29.536291     -9.545760      2.257000 
    52.494850    -29.549622     -9.604806      2.257000 
    52.494861    -29.562956     -9.663852      2.252000 
    52.494873    -29.576292     -9.722896      2.245000 
    52.494884    -29.589632     -9.781940      2.235000 
    52.494896    -29.602976     -9.840984      2.223000 
    52.494907    -29.616322     -9.900026      2.209000 
    52.494919    -29.629671     -9.959068      2.186000 
    52.494931    -29.643024    -10.018110      2.158000 
    52.494942    -29.656382    -10.077151      2.130000 
    52.494954    -29.669740    -10.136191      2.106000 
    52.494965    -29.683104    -10.195230      2.086000 
    52.494977    -29.696470    -10.254269      2.075000 
    52.494988    -29.709840    -10.313307      2.074000 
    52.495000    -29.723213    -10.372345      2.088000 
    52.495012    -29.736590    -10.431382      2.115000 
    52.495023    -29.749970    -10.490418      2.147000 
    52.495035    -29.763353    -10.549453      2.178000 
    52.495046    -29.776740    -10.608488      2.220000 
    52.495058    -29.790130    -10.667522      2.266000 
    52.495069    -29.803524    -10.726556      2.310000 
    52.495081    -29.816921    -10.785589      2.348000 
    52.495093    -29.830322    -10.844621      2.375000 
    52.495104    -29.843727    -10.903652      2.386000 
    52.495116    -29.857136    -10.962683      2.377000 
    52.495127    -29.870546    -11.021713      2.346000 
    52.495139    -29.883963    -11.080742      2.303000 
    52.495150    -29.897380    -11.139771      2.251000 
    52.495162    -29.910805    -11.198799      2.196000 
    52.495174    -29.924230    -11.257826      2.142000 
    52.495185    -29.937660    -11.316853      2.100000 
    52.495197    -29.951096    -11.375878      2.078000 
    52.495208    -29.964533    -11.434904      2.075000 
    52.495220    -29.977974    -11.493928      2.093000 
    52.495231    -29.991419    -11.552951      2.120000 
    52.495243    -30.004870    -11.611974      2.151000 
    52.495255    -30.018322    -11.670997      2.190000 
    52.495266    -30.031778    -11.730018      2.234000 
    52.495278    -30.045238    -11.789039      2.276000 
    52.495289    -30.058704    -11.848059      2.318000 
    52.495301    -30.072172    -11.907078      2.329000 
    52.495313    -30.085646    -11.966096      2.308000 
    53.998854    -28.012000     -9.951029      1.773000 
    53.998866    -28.025349     -9.891995      1.761000 
    53.998877    -28.038692     -9.832961      1.750000 
    53.998889    -28.052034     -9.773926      1.751000 
    53.998900    -28.065372     -9.714891      1.754000 
    53.998924    -28.092041     -9.596818      1.748000 
    53.998935    -28.105370     -9.537781      1.727000 
    53.998947    -28.118696     -9.478743      1.717000 
    53.999132    -28.331507     -8.534052      1.936000 
    53.999144    -28.344784     -8.475004      1.936000 
    53.999155    -28.358057     -8.415956      1.931000 
    53.999178    -28.384596     -8.297856      1.926000 
    53.999190    -28.397861     -8.238806      1.922000 
    53.999213    -28.424383     -8.120704      1.924000 
    53.999225    -28.437641     -8.061651      1.931000 
    53.999236    -28.450897     -8.002599      1.939000 
    56.491921    -28.253407     -8.030063      1.984000 
    56.491933    -28.266665     -8.089123      1.985000 
    56.491944    -28.279922     -8.148182      1.986000 
    56.491956    -28.293184     -8.207240      1.984000 
    56.491968    -28.306450     -8.266298      1.983000 
    56.491979    -28.319715     -8.325355      1.978000 
    56.491991    -28.332985     -8.384411      1.965000 
    56.492002    -28.346258     -8.443467      1.942000 
    56.492014    -28.359533     -8.502523      1.920000 
    56.492025    -28.372810     -8.561578      1.910000 
    56.492037    -28.386091     -8.620632      1.919000 
    56.492049    -28.399376     -8.679686      1.943000 
    56.492060    -28.412660     -8.738739      1.967000 
    56.492072    -28.425950     -8.797792      1.988000 
    56.492083    -28.439241     -8.856844      2.001000 
    56.492095    -28.452538     -8.915895      2.012000 
    56.492106    -28.465836     -8.974946      2.023000 
    56.492130    -28.492440     -9.093046      2.034000 
    56.492141    -28.505747     -9.152095      2.043000 
    56.492153    -28.519054     -9.211143      2.051000 
    56.492164    -28.532368     -9.270191      2.058000 
    56.492176    -28.545683     -9.329238      2.061000 
    56.492188    -28.559002     -9.388285      2.062000 
    56.492199    -28.572323     -9.447331      2.063000 
    56.492211    -28.585648     -9.506376      2.064000 
    56.492222    -28.598976     -9.565421      2.065000 
    56.492234    -28.612307     -9.624465      2.065000 
    56.492245    -28.625640     -9.683508      2.063000 
    56.492257    -28.638977     -9.742551      2.060000 
    56.492269    -28.652319     -9.801594      2.058000 
    56.492280    -28.665663     -9.860635      2.055000 
    56.492292    -28.679008     -9.919676      2.045000 
    56.492303    -28.692360     -9.978716      2.028000 
    56.492315    -28.705711    -10.037756      2.004000 
    56.492326    -28.719069    -10.096795      1.976000 
    56.492338    -28.732430    -10.155833      1.951000 
    56.492350    -28.745792    -10.214871      1.924000 
    56.492361    -28.759160    -10.273908      1.933000 
    56.492373    -28.772530    -10.332945      1.903000 
    56.492384    -28.785904    -10.391980      1.908000 
    56.492396    -28.799278    -10.451015      1.906000 
    56.492407    -28.812660    -10.510050      1.905000 
    56.492419    -28.826042    -10.569083      1.906000 
    56.492431    -28.839432    -10.628116      1.903000 
    56.492442    -28.852821    -10.687149      1.899000 
    56.492454    -28.866217    -10.746180      1.893000 
    56.492465    -28.879614    -10.805211      1.886000 
    56.492477    -28.893015    -10.864242      1.878000 
    56.492488    -28.906420    -10.923271      1.870000 
    56.492500    -28.919828    -10.982300      1.860000 
    56.492512    -28.933240    -11.041328      1.851000 
    56.492523    -28.946655    -11.100356      1.841000 
    56.492535    -28.960075    -11.159383      1.831000 
    56.492546    -28.973500    -11.218409      1.822000 
    56.492558    -28.986925    -11.277434      1.813000 
    56.492569    -29.000357    -11.336459      1.804000 
    56.492581    -29.013790    -11.395483      1.796000 
    56.492593    -29.027230    -11.454506      1.789000 
    56.492604    -29.040670    -11.513529      1.782000 
    56.492616    -29.054117    -11.572550      1.778000 
    56.492627    -29.067568    -11.631571      1.775000 
    56.492639    -29.081020    -11.690592      1.774000 
    56.492650    -29.094479    -11.749611      1.775000 
    56.492662    -29.107939    -11.808630      1.778000 
    56.492674    -29.121405    -11.867648      1.785000 
    56.492685    -29.134874    -11.926666      1.793000 
    56.492697    -29.148348    -11.985682      1.800000 
    60.489931    -28.013067    -11.087650      2.011000 
    60.489942    -28.026484    -11.146677      2.022000 
    60.489954    -28.039906    -11.205704      2.030000 
    60.489965    -28.053328    -11.264729      2.037000 
    60.489977    -28.066755    -11.323754      2.042000 
    60.489988    -28.080187    -11.382778      2.045000 
    60.490000    -28.093622    -11.441802      2.046000 
    60.490012    -28.107061    -11.500824      2.046000 
    60.490023    -28.120504    -11.559846      2.044000 
    60.490035    -28.133951    -11.618868      2.042000 
    60.490046    -28.147402    -11.677888      2.039000 
    60.490058    -28.160856    -11.736908      2.035000 
    60.490069    -28.174314    -11.795927      2.030000 
    60.490081    -28.187777    -11.854945      2.024000 
    60.490093    -28.201242    -11.913963      2.018000 
    60.490104    -28.214712    -11.972980      2.011000 
   210.497222    -30.132753     -8.035029      1.543000 
   210.497234    -30.146010     -8.094085      1.550000 
   210.497245    -30.159267     -8.153141      1.558000 
   210.497257    -30.172530     -8.212195      1.568000 
   210.497269    -30.185795     -8.271250      1.581000 
   210.497280    -30.199060     -8.330303      1.590000 
   210.497292    -30.212330     -8.389356      1.598000 
   210.497303    -30.225601     -8.448409      1.602000 
   210.497315    -30.238878     -8.507461      1.603000 
   210.497326    -30.252155     -8.566512      1.608000 
   210.497338    -30.265436     -8.625563      1.605000 
   210.497350    -30.278719     -8.684613      1.599000 
   210.497361    -30.292006     -8.743663      1.591000 
   210.497373    -30.305294     -8.802712      1.590000 
   210.497384    -30.318586     -8.861761      1.595000 
   210.497396    -30.331880     -8.920809      1.600000 
   210.497407    -30.345179     -8.979856      1.602000 
   210.497419    -30.358479     -9.038903      1.605000 
   210.497431    -30.371782     -9.097949      1.609000 
   210.497442    -30.385090     -9.156994      1.614000 
   210.497454    -30.398400     -9.216039      1.618000 
   210.497465    -30.411710     -9.275084      1.621000 
   210.497477    -30.425028     -9.334127      1.623000 
   210.497488    -30.438345     -9.393170      1.624000 
   210.497500    -30.451668     -9.452213      1.624000 
   210.497512    -30.464990     -9.511255      1.624000 
   210.497523    -30.478320     -9.570296      1.623000 
   210.497535    -30.491650     -9.629337      1.621000 
   210.497546    -30.504984     -9.688377      1.619000 
   210.497558    -30.518320     -9.747416      1.616000 
   210.497569    -30.531662     -9.806455      1.614000 
   210.497581    -30.545006     -9.865493      1.612000 
   210.497593    -30.558352     -9.924530      1.611000 
   210.497604    -30.571701     -9.983567      1.612000 
   210.497616    -30.585054    -10.042603      1.613000 
   210.497627    -30.598412    -10.101639      1.616000 
   210.497639    -30.611773    -10.160674      1.622000 
   210.497650    -30.625135    -10.219708      1.629000 
   210.497662    -30.638502    -10.278741      1.632000 
   210.497674    -30.651873    -10.337774      1.628000 
   210.497685    -30.665245    -10.396807      1.618000 
   210.497697    -30.678621    -10.455838      1.613000 
   210.497708    -30.692001    -10.514869      1.612000 
   210.497720    -30.705385    -10.573899      1.619000 
   210.497731    -30.718773    -10.632929      1.634000 
   210.497743    -30.732164    -10.691958      1.648000 
   210.497755    -30.745558    -10.750986      1.661000 
   210.497766    -30.758957    -10.810013      1.672000 
   210.497778    -30.772358    -10.869040      1.671000 
   210.497789    -30.785763    -10.928066      1.658000 
   210.497801    -30.799171    -10.987092      1.638000 
   210.497812    -30.812584    -11.046117      1.626000 
   210.497824    -30.825998    -11.105141      1.631000 
   210.497836    -30.839418    -11.164164      1.654000 
   210.497847    -30.852840    -11.223187      1.678000 
   210.497859    -30.866268    -11.282208      1.695000 
   210.497870    -30.879700    -11.341230      1.702000 
   210.497882    -30.893133    -11.400250      1.705000 
   210.497894    -30.906570    -11.459270      1.714000 
   210.497905    -30.920013    -11.518289      1.723000 
   210.497917    -30.933458    -11.577307      1.736000 
   210.497928    -30.946909    -11.636325      1.744000 
   210.497940    -30.960363    -11.695342      1.742000 
   210.497951    -30.973820    -11.754358      1.731000 
   210.497963    -30.987282    -11.813373      1.708000 
   210.497975    -31.000748    -11.872388      1.676000 
   210.497986    -31.014215    -11.931402      1.652000 
   210.497998    -31.027689    -11.990415      1.642000 
   212.001146    -28.494331    -11.959690      2.398000 
   212.001157    -28.507805    -11.900675      2.328000 
   212.001169    -28.521273    -11.841660      2.281000 
   212.001181    -28.534735    -11.782644      2.225000 
   212.001192    -28.548195    -11.723627      2.176000 
   212.001204    -28.561651    -11.664610      2.132000 
   212.001215    -28.575104    -11.605592      2.099000 
   212.001227    -28.588550    -11.546573      2.082000 
   212.001238    -28.601995    -11.487553      2.086000 
   212.001250    -28.615437    -11.428533      2.119000 
   212.001262    -28.628874    -11.369512      2.144000 
   212.001273    -28.642305    -11.310490      2.141000 
   212.001285    -28.655735    -11.251467      2.093000 
   212.001296    -28.669160    -11.192444      2.013000 
   212.001308    -28.682583    -11.133420      1.942000 
   212.001319    -28.696000    -11.074395      1.948000 
   212.001331    -28.709415    -11.015370      2.034000 
   212.001343    -28.722826    -10.956344      2.155000 
   212.001354    -28.736233    -10.897317      2.216000 
   212.001366    -28.749636    -10.838290      2.170000 
   212.001377    -28.763037    -10.779262      2.069000 
   212.001389    -28.776434    -10.720233      1.986000 
   212.001400    -28.789825    -10.661203      1.943000 
   212.001412    -28.803215    -10.602173      1.939000 
   212.001424    -28.816600    -10.543142      1.949000 
   212.001435    -28.829983    -10.484111      1.947000 
   212.001447    -28.843363    -10.425078      1.933000 
   212.001458    -28.856737    -10.366045      1.913000 
   212.001470    -28.870110    -10.307012      1.892000 
   212.001481    -28.883478    -10.247978      1.877000 
   212.001493    -28.896845    -10.188943      1.877000 
   212.001505    -28.910206    -10.129907      1.888000 
   212.001516    -28.923565    -10.070871      1.908000 
   212.001528    -28.936920    -10.011834      1.934000 
   212.001539    -28.950272     -9.952796      1.961000 
   212.001551    -28.963621     -9.893758      1.987000 
   212.001563    -28.976967     -9.834719      2.007000 
   212.001574    -28.990309     -9.775680      2.021000 
   212.001586    -29.003649     -9.716640      2.027000 
   212.001597    -29.016985     -9.657599      2.022000 
   212.001609    -29.030317     -9.598558      2.010000 
   212.001620    -29.043648     -9.539516      1.999000 
   212.001632    -29.056973     -9.480473      1.986000 
   212.001644    -29.070297     -9.421430      1.976000 
   212.001655    -29.083616     -9.362386      1.969000 
   212.001667    -29.096933     -9.303341      1.968000 
   212.001678    -29.110249     -9.244296      1.969000 
   212.001690    -29.123560     -9.185251      1.982000 
   212.001701    -29.136870     -9.126204      2.003000 
   212.001713    -29.150173     -9.067157      1.951000 
   212.001725    -29.163477     -9.008110      1.870000 
   212.001736    -29.176777     -8.949062      1.805000 
   212.001748    -29.190073     -8.890013      1.816000 
   212.001759    -29.203365     -8.830964      1.880000 
   212.001771    -29.216658     -8.771914      1.954000 
   212.001782    -29.229944     -8.712863      2.004000 
   212.001794    -29.243230     -8.653812      2.029000 
   212.001806    -29.256514     -8.594760      2.023000 
   212.001817    -29.269793     -8.535708      1.980000 
   212.001829    -29.283070     -8.476655      1.920000 
   212.001840    -29.296343     -8.417602      1.862000 
   212.001852    -29.309614     -8.358548      1.826000 
   212.001863    -29.322884     -8.299494      1.817000 
   212.001875    -29.336150     -8.240438      1.828000 
   212.001887    -29.349413     -8.181383      1.836000 
   212.001898    -29.362673     -8.122327      1.839000 
   212.001910    -29.375930     -8.063270      1.844000 
   212.001921    -29.389187     -8.004213      1.849000 
   214.494618    -29.198318     -8.043540      2.400000 
   214.494630    -29.211576     -8.102596      2.410000 
   214.494641    -29.224836     -8.161651      2.439000 
   214.494653    -29.238098     -8.220705      2.449000 
   214.494664    -29.251364     -8.279760      2.415000 
   214.494676    -29.264631     -8.338813      2.374000 
   214.494687    -29.277900     -8.397866      2.334000 
   214.494699    -29.291176     -8.456918      2.334000 
   214.494711    -29.304451     -8.515970      2.375000 
   214.494722    -29.317730     -8.575021      2.415000 
   214.494734    -29.331010     -8.634072      2.445000 
   214.494745    -29.344296     -8.693122      2.459000 
   214.494757    -29.357582     -8.752172      2.448000 
   214.494769    -29.370872     -8.811221      2.420000 
   214.494780    -29.384165     -8.870269      2.400000 
   214.494792    -29.397460     -8.929317      2.384000 
   214.494803    -29.410759     -8.988364      2.379000 
   214.494815    -29.424060     -9.047410      2.390000 
   214.494826    -29.437365     -9.106456      2.408000 
   214.494838    -29.450672     -9.165502      2.422000 
   214.494850    -29.463982     -9.224547      2.433000 
   214.494861    -29.477297     -9.283591      2.444000 
   214.494873    -29.490612     -9.342634      2.452000 
   214.494884    -29.503931     -9.401677      2.455000 
   214.494896    -29.517254     -9.460720      2.462000 
   214.494907    -29.530579     -9.519761      2.471000 
   214.494919    -29.543907     -9.578802      2.480000 
   214.494931    -29.557240     -9.637843      2.488000 
   214.494942    -29.570576     -9.696883      2.493000 
   214.494954    -29.583914     -9.755922      2.497000 
   214.494965    -29.597254     -9.814960      2.500000 
   214.494977    -29.610600     -9.873998      2.501000 
   214.494988    -29.623945     -9.933036      2.500000 
   214.495000    -29.637297     -9.992072      2.495000 
   214.495012    -29.650652    -10.051108      2.487000 
   214.495023    -29.664010    -10.110144      2.480000 
   214.495035    -29.677370    -10.169178      2.479000 
   214.495046    -29.690735    -10.228212      2.486000 
   214.495058    -29.704102    -10.287246      2.504000 
   214.495069    -29.717472    -10.346279      2.539000 
   214.495081    -29.730846    -10.405311      2.586000 
   214.495093    -29.744225    -10.464342      2.642000 
   214.495104    -29.757607    -10.523373      2.703000 
   214.495116    -29.770990    -10.582403      2.772000 
   214.495127    -29.784378    -10.641432      2.840000 
   214.495139    -29.797771    -10.700461      2.900000 
   214.495150    -29.811167    -10.759489      2.951000 
   214.495162    -29.824566    -10.818516      2.983000 
   214.495174    -29.837967    -10.877543      2.984000 
   214.495185    -29.851374    -10.936569      2.962000 
   214.495197    -29.864782    -10.995594      2.935000 
   214.495208    -29.878197    -11.054619      2.902000 
   214.495220    -29.891611    -11.113643      2.868000 
   214.495231    -29.905033    -11.172666      2.835000 
   214.495243    -29.918457    -11.231688      2.807000 
   214.495255    -29.931885    -11.290710      2.782000 
   214.495266    -29.945316    -11.349731      2.762000 
   214.495278    -29.958752    -11.408751      2.747000 
   214.495289    -29.972190    -11.467771      2.734000 
   214.495301    -29.985634    -11.526790      2.719000 
   214.495313    -29.999080    -11.585808      2.722000 
   214.495324    -30.012531    -11.644825      2.753000 
   214.495336    -30.025988    -11.703842      2.798000 
   214.495347    -30.039446    -11.762858      2.848000 
   214.495359    -30.052908    -11.821873      2.879000 
   214.495370    -30.066374    -11.880888      2.880000 
   214.495382    -30.079844    -11.939902      2.851000 
   214.495394    -30.093319    -11.998915      2.797000 
   215.998924    -28.003450     -9.996258      2.264000 
   215.998935    -28.016804     -9.937220      2.262000 
   215.998947    -28.030151     -9.878182      2.260000 
   215.998958    -28.043497     -9.819143      2.259000 
   215.998970    -28.056839     -9.760103      2.258000 
   215.998981    -28.070177     -9.701063      2.257000 
   215.998993    -28.083513     -9.642022      2.256000 
   215.999005    -28.096848     -9.582980      2.255000 
   215.999016    -28.110176     -9.523938      2.254000 
   215.999028    -28.123503     -9.464895      2.254000 
   215.999039    -28.136826     -9.405852      2.255000 
   215.999051    -28.150146     -9.346808      2.258000 
   215.999062    -28.163464     -9.287763      2.266000 
   215.999074    -28.176779     -9.228718      2.277000 
   215.999086    -28.190088     -9.169672      2.296000 
   215.999097    -28.203398     -9.110626      2.316000 
   215.999109    -28.216703     -9.051579      2.337000 
   215.999120    -28.230005     -8.992531      2.358000 
   215.999132    -28.243305     -8.933483      2.375000 
   215.999144    -28.256601     -8.874434      2.386000 
   215.999155    -28.269896     -8.815384      2.392000 
   215.999167    -28.283186     -8.756334      2.405000 
   215.999178    -28.296474     -8.697284      2.422000 
   215.999190    -28.309760     -8.638232      2.445000 
   215.999201    -28.323042     -8.579180      2.472000 
   215.999213    -28.336320     -8.520128      2.489000 
   215.999225    -28.349598     -8.461075      2.494000 
   215.999236    -28.362871     -8.402022      2.482000 
   215.999248    -28.376143     -8.342968      2.457000 
   215.999259    -28.389412     -8.283913      2.426000 
   215.999271    -28.402678     -8.224858      2.412000 
   215.999282    -28.415941     -8.165802      2.413000 
   215.999294    -28.429201     -8.106745      2.418000 
   215.999306    -28.442460     -8.047689      2.417000 
   218.492002    -28.252077     -8.004267      2.266000 
   218.492014    -28.265333     -8.063323      2.253000 
   218.492025    -28.278591     -8.122378      2.235000 
   218.492037    -28.291853     -8.181432      2.214000 
   218.492049    -28.305117     -8.240486      2.191000 
   218.492060    -28.318382     -8.299539      2.175000 
   218.492072    -28.331652     -8.358592      2.166000 
   218.492083    -28.344923     -8.417644      2.158000 
   218.492095    -28.358196     -8.476696      2.145000 
   218.492106    -28.371473     -8.535747      2.136000 
   218.492118    -28.384754     -8.594798      2.133000 
   218.492141    -28.411322     -8.712897      2.133000 
   218.492153    -28.424610     -8.771946      2.137000 
   218.492164    -28.437900     -8.830994      2.144000 
   218.492176    -28.451195     -8.890042      2.152000 
   218.492188    -28.464493     -8.949089      2.160000 
   218.492199    -28.477793     -9.008135      2.169000 
   218.492211    -28.491095     -9.067181      2.179000 
   218.492222    -28.504400     -9.126226      2.188000 
   218.492234    -28.517710     -9.185271      2.195000 
   218.492245    -28.531020     -9.244315      2.200000 
   218.492257    -28.544334     -9.303359      2.203000 
   218.492269    -28.557652     -9.362402      2.206000 
   218.492280    -28.570972     -9.421444      2.209000 
   218.492292    -28.584297     -9.480485      2.211000 
   218.492303    -28.597624     -9.539526      2.212000 
   218.492315    -28.610954     -9.598567      2.212000 
   218.492326    -28.624287     -9.657607      2.207000 
   218.492338    -28.637623     -9.716646      2.205000 
   218.492350    -28.650963     -9.775684      2.213000 
   218.492361    -28.664305     -9.834722      2.231000 
   218.492373    -28.677650     -9.893759      2.240000 
   218.492384    -28.691000     -9.952796      2.228000 
   218.492396    -28.704351    -10.011832      2.209000 
   218.492407    -28.717709    -10.070867      2.220000 
   218.492419    -28.731068    -10.129902      2.259000 
   218.492431    -28.744429    -10.188936      2.314000 
   218.492442    -28.757793    -10.247969      2.336000 
   218.492454    -28.771164    -10.307002      2.320000 
   218.492465    -28.784536    -10.366034      2.306000 
   218.492477    -28.797910    -10.425065      2.311000 
   218.492488    -28.811290    -10.484096      2.328000 
   218.492500    -28.824673    -10.543126      2.349000 
   218.492512    -28.838058    -10.602155      2.370000 
   218.492523    -28.851448    -10.661184      2.388000 
   218.492535    -28.864841    -10.720212      2.398000 
   218.492546    -28.878239    -10.779239      2.401000 
   218.492558    -28.891640    -10.838266      2.393000 
   218.492569    -28.905043    -10.897292      2.398000 
   218.492581    -28.918450    -10.956317      2.400000 
   218.492593    -28.931862    -11.015342      2.396000 
   218.492604    -28.945276    -11.074365      2.391000 
   218.492616    -28.958694    -11.133389      2.385000 
   218.492627    -28.972116    -11.192411      2.379000 
   218.492639    -28.985542    -11.251433      2.376000 
   218.492650    -28.998972    -11.310454      2.376000 
   218.492662    -29.012403    -11.369474      2.381000 
   218.492674    -29.025840    -11.428494      2.390000 
   218.492685    -29.039282    -11.487513      2.403000 
   218.492697    -29.052727    -11.546531      2.419000 
   218.492708    -29.066175    -11.605548      2.437000 
   218.492720    -29.079626    -11.664565      2.458000 
   218.492731    -29.093082    -11.723581      2.470000 
   218.492743    -29.106543    -11.782596      2.471000 
   218.492755    -29.120007    -11.841611      2.471000 
   218.492766    -29.133474    -11.900624      2.476000 
   218.492778    -29.146948    -11.959637      2.484000 
   222.490000    -28.000960    -11.026750      1.830000 
   222.490012    -28.014374    -11.085774      1.850000 
   222.490023    -28.027792    -11.144798      1.860000 
   222.490035    -28.041212    -11.203821      1.832000 
   222.490046    -28.054638    -11.262843      1.750000 
   222.490058    -28.068068    -11.321864      1.657000 
   222.490069    -28.081500    -11.380885      1.648000 
   222.490081    -28.094934    -11.439905      1.673000 
   222.490093    -28.108376    -11.498924      1.708000 
   222.490104    -28.121819    -11.557943      1.739000 
   222.490116    -28.135267    -11.616961      1.764000 
   222.490127    -28.148718    -11.675978      1.774000 
   222.490139    -28.162174    -11.734994      1.773000 
   222.490150    -28.175632    -11.794010      1.771000 
   222.490162    -28.189096    -11.853025      1.773000 
   222.490174    -28.202564    -11.912039      1.783000 
   222.490185    -28.216036    -11.971052      1.798000 
   227.008924    -31.302168    -11.949890      1.901000 
   227.008935    -31.315638    -11.890875      1.884000 
   227.008947    -31.329102    -11.831860      1.872000 
   227.008958    -31.342564    -11.772844      1.865000 
   227.008970    -31.356022    -11.713827      1.864000 
   227.008981    -31.369474    -11.654809      1.865000 
   227.008993    -31.382923    -11.595790      1.869000 
   227.009005    -31.396370    -11.536771      1.878000 
   227.009016    -31.409813    -11.477751      1.888000 
   227.009028    -31.423250    -11.418730      1.899000 
   227.009039    -31.436686    -11.359709      1.912000 
   227.009051    -31.450115    -11.300687      1.927000 
   227.009062    -31.463543    -11.241664      1.938000 
   227.009074    -31.476965    -11.182641      1.954000 
   227.009086    -31.490385    -11.123616      1.953000 
   227.009097    -31.503800    -11.064591      1.937000 
   227.009109    -31.517212    -11.005566      1.944000 
   227.009120    -31.530620    -10.946539      1.962000 
   227.009132    -31.544025    -10.887512      2.004000 
   227.009144    -31.557426    -10.828485      1.999000 
   227.009155    -31.570826    -10.769456      1.980000 
   227.009167    -31.584219    -10.710427      1.968000 
   227.009178    -31.597609    -10.651397      1.976000 
   227.009190    -31.610996    -10.592367      1.970000 
   227.009201    -31.624380    -10.533336      1.966000 
   227.009213    -31.637760    -10.474304      1.975000 
   227.009225    -31.651136    -10.415271      1.978000 
   227.009236    -31.664510    -10.356238      1.972000 
   227.009248    -31.677880    -10.297204      1.962000 
   227.009259    -31.691246    -10.238170      1.956000 
   227.009271    -31.704609    -10.179135      1.949000 
   227.009282    -31.717970    -10.120099      1.947000 
   227.009294    -31.731325    -10.061062      1.951000 
   227.009306    -31.744678    -10.002025      1.964000 
   227.009317    -31.758030     -9.942987      1.972000 
   227.009329    -31.771376     -9.883949      1.976000 
   227.009340    -31.784720     -9.824910      1.977000 
   227.009352    -31.798060     -9.765870      1.973000 
   227.009363    -31.811396     -9.706830      1.969000 
   227.009375    -31.824730     -9.647789      1.962000 
   227.009387    -31.838060     -9.588747      1.952000 
   227.009398    -31.851389     -9.529705      1.941000 
   227.009410    -31.864712     -9.470662      1.931000 
   227.009421    -31.878033     -9.411619      1.916000 
   227.009433    -31.891352     -9.352575      1.883000 
   227.009444    -31.904667     -9.293530      1.829000 
   227.009456    -31.917978     -9.234485      1.764000 
   227.009468    -31.931288     -9.175439      1.715000 
   227.009479    -31.944593     -9.116392      1.697000 
   227.009491    -31.957897     -9.057345      1.705000 
   227.009502    -31.971197     -8.998297      1.717000 
   227.009514    -31.984495     -8.939249      1.721000 
   227.009525    -31.997790     -8.880200      1.740000 
   231.006319    -30.365255    -11.961315      1.902000 
   231.006331    -30.378727    -11.902301      1.887000 
   231.006343    -30.392193    -11.843286      1.879000 
   231.006354    -30.405657    -11.784270      1.873000 
   231.006366    -30.419115    -11.725254      1.869000 
   231.006377    -30.432571    -11.666237      1.866000 
   231.006389    -30.446022    -11.607219      1.864000 
   231.006400    -30.459469    -11.548200      1.864000 
   231.006412    -30.472914    -11.489181      1.865000 
   231.006424    -30.486353    -11.430161      1.868000 
   231.006435    -30.499788    -11.371140      1.873000 
   231.006447    -30.513220    -11.312118      1.880000 
   231.006458    -30.526650    -11.253096      1.889000 
   231.006470    -30.540073    -11.194073      1.898000 
   231.006481    -30.553493    -11.135050      1.908000 
   231.006493    -30.566912    -11.076025      1.922000 
   231.006505    -30.580324    -11.017000      1.942000 
   231.006516    -30.593735    -10.957974      1.965000 
   231.006528    -30.607141    -10.898948      1.988000 
   231.006539    -30.620544    -10.839921      2.014000 
   231.006551    -30.633944    -10.780893      2.042000 
   231.006563    -30.647339    -10.721865      2.063000 
   231.006574    -30.660730    -10.662835      2.086000 
   231.006586    -30.674120    -10.603805      2.118000 
   231.006597    -30.687506    -10.544775      2.143000 
   231.006609    -30.700886    -10.485744      2.154000 
   231.006620    -30.714266    -10.426712      2.155000 
   231.006632    -30.727638    -10.367679      2.157000 
   231.006644    -30.741010    -10.308646      2.161000 
   231.006655    -30.754377    -10.249612      2.165000 
   231.006667    -30.767742    -10.190577      2.164000 
   231.006678    -30.781103    -10.131542      2.161000 
   231.006690    -30.794462    -10.072506      2.157000 
   231.006701    -30.807817    -10.013470      2.149000 
   231.006713    -30.821169     -9.954433      2.136000 
   231.006725    -30.834517     -9.895395      2.127000 
   231.006736    -30.847860     -9.836356      2.123000 
   231.006748    -30.861202     -9.777317      2.132000 
   231.006759    -30.874540     -9.718277      2.147000 
   231.006771    -30.887877     -9.659237      2.158000 
   231.006782    -30.901209     -9.600196      2.156000 
   231.006794    -30.914537     -9.541154      2.141000 
   231.006806    -30.927862     -9.482112      2.131000 
   231.006817    -30.941185     -9.423069      2.138000 
   231.006829    -30.954506     -9.364026      2.164000 
   231.006840    -30.967821     -9.304982      2.200000 
   231.006852    -30.981134     -9.245937      2.232000 
   231.006863    -30.994446     -9.186892      2.259000 
   231.006875    -31.007753     -9.127846      2.279000 
   231.006887    -31.021057     -9.068799      2.291000 
   231.006898    -31.034359     -9.009752      2.300000 
   231.006910    -31.047659     -8.950704      2.312000 
   231.006921    -31.060953     -8.891656      2.328000 
   231.006933    -31.074247     -8.832607      2.346000 
   231.006944    -31.087538     -8.773558      2.362000 
   231.006956    -31.100824     -8.714508      2.375000 
   231.006968    -31.114107     -8.655457      2.385000 
   231.006979    -31.127390     -8.596406      2.395000 
   231.006991    -31.140669     -8.537354      2.403000 
   231.007002    -31.153946     -8.478302      2.405000 
   231.007014    -31.167217     -8.419249      2.415000 
   231.007025    -31.180489     -8.360195      2.420000 
   231.007037    -31.193756     -8.301141      2.424000 
   231.007049    -31.207022     -8.242086      2.427000 
   231.007060    -31.220284     -8.183031      2.429000 
   231.007072    -31.233543     -8.123975      2.428000 
   231.007083    -31.246801     -8.064919      2.426000 
   231.007095    -31.260056     -8.005862      2.422000 
   233.499792    -31.066725     -8.028280      2.480000 
   233.499803    -31.079979     -8.087338      2.480000 
   233.499826    -31.106499     -8.205452      2.484000 
   233.499838    -31.119760     -8.264508      2.481000 
   233.499850    -31.133026     -8.323564      2.466000 
   233.499861    -31.146296     -8.382620      2.450000 
   233.499873    -31.159567     -8.441674      2.445000 
   233.499884    -31.172840     -8.500728      2.444000 
   233.499896    -31.186117     -8.559782      2.441000 
   233.499907    -31.199396     -8.618835      2.439000 
   233.499919    -31.212679     -8.677887      2.431000 
   233.499931    -31.225964     -8.736939      2.437000 
   233.499942    -31.239252     -8.795990      2.445000 
   233.499954    -31.252542     -8.855041      2.460000 
   233.499965    -31.265837     -8.914091      2.473000 
   233.499977    -31.279133     -8.973140      2.474000 
   233.499988    -31.292433     -9.032189      2.467000 
   233.500000    -31.305735     -9.091238      2.263000 
   233.500012    -31.319040     -9.150285      2.269000 
   233.500023    -31.332348     -9.209332      2.268000 
   233.500035    -31.345660     -9.268379      2.262000 
   233.500046    -31.358974     -9.327425      2.253000 
   233.500058    -31.372292     -9.386470      2.240000 
   233.500069    -31.385610     -9.445515      2.226000 
   233.500081    -31.398935     -9.504559      2.212000 
   233.500093    -31.412260     -9.563602      2.197000 
   233.500104    -31.425590     -9.622645      2.182000 
   233.500116    -31.438925     -9.681687      2.167000 
   233.500127    -31.452260     -9.740729      2.151000 
   233.500139    -31.465600     -9.799770      2.135000 
   233.500150    -31.478943     -9.858810      2.119000 
   233.500162    -31.492287     -9.917850      2.102000 
   233.500174    -31.505636     -9.976889      2.085000 
   233.500185    -31.518988    -10.035927      2.069000 
   233.500197    -31.532345    -10.094965      2.060000 
   233.500208    -31.545702    -10.154002      2.041000 
   233.500220    -31.559065    -10.213038      2.008000 
   233.500231    -31.572430    -10.272074      1.971000 
   233.500243    -31.585798    -10.331109      1.944000 
   233.500255    -31.599170    -10.390144      1.924000 
   233.500266    -31.612547    -10.449178      1.913000 
   233.500278    -31.625925    -10.508211      1.909000 
   233.500289    -31.639309    -10.567243      1.897000 
   233.500301    -31.652695    -10.626275      1.884000 
   233.500313    -31.666084    -10.685306      1.859000 
   233.500324    -31.679478    -10.744337      1.826000 
   233.500336    -31.692873    -10.803366      1.835000 
   233.500347    -31.706272    -10.862395      1.836000 
   233.500359    -31.719677    -10.921424      1.839000 
   233.500370    -31.733086    -10.980452      1.847000 
   233.500382    -31.746496    -11.039479      1.856000 
   233.500394    -31.759910    -11.098505      1.867000 
   233.500405    -31.773329    -11.157531      1.883000 
   233.500417    -31.786750    -11.216555      1.893000 
   233.500428    -31.800177    -11.275580      1.898000 
   233.500440    -31.813606    -11.334603      1.900000 
   233.500451    -31.827040    -11.393626      1.897000 
   233.500463    -31.840475    -11.452648      1.894000 
   233.500475    -31.853916    -11.511669      1.893000 
   233.500486    -31.867361    -11.570690      1.891000 
   233.500498    -31.880810    -11.629710      1.889000 
   233.500509    -31.894262    -11.688729      1.888000 
   233.500521    -31.907719    -11.747747      1.887000 
   233.500532    -31.921179    -11.806765      1.888000 
   233.500544    -31.934643    -11.865782      1.890000 
   233.500556    -31.948110    -11.924798      1.893000 
   233.500567    -31.961582    -11.983814      1.899000 
   235.003715    -29.430046    -11.958818      2.408000 
   235.003727    -29.443518    -11.899804      2.388000 
   235.003738    -29.456984    -11.840790      2.367000 
   235.003750    -29.470446    -11.781774      2.344000 
   235.003762    -29.483902    -11.722758      2.326000 
   235.003773    -29.497356    -11.663741      2.311000 
   235.003785    -29.510805    -11.604724      2.297000 
   235.003796    -29.524254    -11.545705      2.284000 
   235.003808    -29.537695    -11.486686      2.273000 
   235.003819    -29.551134    -11.427666      2.263000 
   235.003831    -29.564568    -11.368646      2.254000 
   235.003843    -29.578000    -11.309624      2.246000 
   235.003854    -29.591427    -11.250602      2.242000 
   235.003866    -29.604850    -11.191580      2.241000 
   235.003877    -29.618270    -11.132556      2.245000 
   235.003889    -29.631685    -11.073532      2.254000 
   235.003900    -29.645100    -11.014507      2.267000 
   235.003912    -29.658506    -10.955482      2.281000 
   235.003924    -29.671913    -10.896456      2.294000 
   235.003935    -29.685314    -10.837429      2.308000 
   235.003947    -29.698711    -10.778401      2.320000 
   235.003958    -29.712107    -10.719373      2.329000 
   235.003970    -29.725498    -10.660344      2.335000 
   235.003981    -29.738886    -10.601314      2.338000 
   235.003993    -29.752270    -10.542284      2.340000 
   235.004005    -29.765650    -10.483253      2.341000 
   235.004016    -29.779026    -10.424221      2.343000 
   235.004028    -29.792400    -10.365189      2.346000 
   235.004039    -29.805770    -10.306156      2.350000 
   235.004051    -29.819138    -10.247123      2.353000 
   235.004062    -29.832500    -10.188088      2.358000 
   235.004074    -29.845860    -10.129053      2.363000 
   235.004086    -29.859217    -10.070018      2.368000 
   235.004097    -29.872572    -10.010981      2.374000 
   235.004109    -29.885921     -9.951944      2.390000 
   235.004120    -29.899267     -9.892907      2.388000 
   235.004132    -29.912611     -9.833869      2.387000 
   235.004144    -29.925953     -9.774830      2.402000 
   235.004155    -29.939290     -9.715790      2.410000 
   235.004167    -29.952623     -9.656750      2.421000 
   235.004178    -29.965954     -9.597710      2.432000 
   235.004190    -29.979282     -9.538668      2.436000 
   235.004201    -29.992605     -9.479626      2.436000 
   235.004213    -30.005928     -9.420584      2.434000 
   235.004225    -30.019247     -9.361540      2.428000 
   235.004236    -30.032562     -9.302497      2.418000 
   235.004248    -30.045874     -9.243452      2.404000 
   235.004259    -30.059183     -9.184407      2.385000 
   235.004271    -30.072490     -9.125362      2.376000 
   235.004282    -30.085794     -9.066315      2.375000 
   235.004294    -30.099094     -9.007268      2.381000 
   235.004306    -30.112392     -8.948221      2.391000 
   235.004317    -30.125687     -8.889173      2.405000 
   235.004329    -30.138977     -8.830124      2.418000 
   235.004340    -30.152267     -8.771075      2.427000 
   235.004352    -30.165552     -8.712025      2.429000 
   235.004363    -30.178837     -8.652975      2.422000 
   235.004375    -30.192118     -8.593924      2.405000 
   235.004387    -30.205395     -8.534873      2.383000 
   235.004398    -30.218670     -8.475820      2.360000 
   235.004410    -30.231941     -8.416768      2.344000 
   235.004421    -30.245210     -8.357715      2.334000 
   235.004433    -30.258478     -8.298661      2.334000 
   235.004444    -30.271742     -8.239606      2.345000 
   235.004456    -30.285004     -8.180551      2.365000 
   235.004468    -30.298262     -8.121496      2.385000 
   235.004479    -30.311518     -8.062440      2.402000 
   235.004491    -30.324772     -8.003383      2.414000 
   237.497188    -30.132792     -8.040112      2.096000 
   237.497199    -30.146046     -8.099170      2.088000 
   237.497211    -30.159304     -8.158228      2.103000 
   237.497222    -30.172562     -8.217286      2.119000 
   237.497234    -30.185823     -8.276343      2.115000 
   237.497245    -30.199090     -8.335400      2.097000 
   237.497257    -30.212357     -8.394456      2.078000 
   237.497269    -30.225628     -8.453511      2.071000 
   237.497280    -30.238900     -8.512566      2.080000 
   237.497292    -30.252174     -8.571620      2.097000 
   237.497303    -30.265453     -8.630674      2.112000 
   237.497315    -30.278734     -8.689727      2.127000 
   237.497326    -30.292019     -8.748779      2.134000 
   237.497338    -30.305305     -8.807831      2.123000 
   237.497350    -30.318596     -8.866883      2.101000 
   237.497361    -30.331888     -8.925933      2.093000 
   237.497373    -30.345184     -8.984984      2.103000 
   237.497384    -30.358482     -9.044033      2.120000 
   237.497396    -30.371784     -9.103082      2.131000 
   237.497407    -30.385088     -9.162131      2.134000 
   237.497419    -30.398396     -9.221178      2.127000 
   237.497431    -30.411707     -9.280226      2.114000 
   237.497442    -30.425018     -9.339272      2.108000 
   237.497454    -30.438335     -9.398318      2.109000 
   237.497465    -30.451654     -9.457364      2.112000 
   237.497477    -30.464977     -9.516408      2.114000 
   237.497488    -30.478304     -9.575453      2.116000 
   237.497500    -30.491632     -9.634496      2.119000 
   237.497512    -30.504965     -9.693539      2.121000 
   237.497523    -30.518300     -9.752581      2.125000 
   237.497535    -30.531637     -9.811623      2.128000 
   237.497546    -30.544977     -9.870664      2.131000 
   237.497558    -30.558323     -9.929704      2.133000 
   237.497569    -30.571670     -9.988744      2.134000 
   237.497581    -30.585022    -10.047783      2.134000 
   237.497593    -30.598377    -10.106822      2.131000 
   237.497604    -30.611734    -10.165859      2.127000 
   237.497616    -30.625095    -10.224896      2.122000 
   237.497627    -30.638460    -10.283933      2.114000 
   237.497639    -30.651829    -10.342969      2.105000 
   237.497650    -30.665200    -10.402004      2.096000 
   237.497662    -30.678574    -10.461039      2.085000 
   237.497674    -30.691954    -10.520072      2.074000 
   237.497685    -30.705334    -10.579106      2.063000 
   237.497697    -30.718720    -10.638138      2.053000 
   237.497708    -30.732107    -10.697170      2.044000 
   237.497720    -30.745500    -10.756201      2.037000 
   237.497731    -30.758896    -10.815231      2.031000 
   237.497743    -30.772295    -10.874261      2.027000 
   237.497755    -30.785698    -10.933290      2.021000 
   237.497766    -30.799105    -10.992319      2.020000 
   237.497778    -30.812513    -11.051346      2.025000 
   237.497789    -30.825928    -11.110373      2.033000 
   237.497801    -30.839346    -11.169400      2.040000 
   237.497812    -30.852768    -11.228425      2.050000 
   237.497824    -30.866192    -11.287450      2.062000 
   237.497836    -30.879620    -11.346475      2.076000 
   237.497847    -30.893053    -11.405498      2.092000 
   237.497859    -30.906488    -11.464521      2.109000 
   237.497870    -30.919930    -11.523543      2.124000 
   237.497882    -30.933372    -11.582564      2.139000 
   237.497894    -30.946820    -11.641585      2.146000 
   237.497905    -30.960272    -11.700605      2.154000 
   237.497917    -30.973726    -11.759624      2.169000 
   237.497928    -30.987186    -11.818642      2.198000 
   237.497940    -31.000650    -11.877660      2.233000 
   237.497951    -31.014116    -11.936677      2.247000 
   237.497963    -31.027588    -11.995693      2.189000 
   239.001100    -28.484852    -11.998487      2.257000 
   239.001111    -28.498322    -11.939474      2.257000 
   239.001123    -28.511790    -11.880460      2.245000 
   239.001134    -28.525251    -11.821445      2.224000 
   239.001146    -28.538710    -11.762430      2.194000 
   239.001157    -28.552164    -11.703414      2.163000 
   239.001169    -28.565617    -11.644397      2.143000 
   239.001181    -28.579063    -11.585379      2.129000 
   239.001192    -28.592506    -11.526361      2.121000 
   239.001204    -28.605946    -11.467342      2.120000 
   239.001215    -28.619383    -11.408322      2.125000 
   239.001227    -28.632814    -11.349301      2.135000 
   239.001238    -28.646242    -11.290280      2.150000 
   239.001250    -28.659666    -11.231258      2.165000 
   239.001262    -28.673086    -11.172235      2.179000 
   239.001273    -28.686504    -11.113212      2.192000 
   239.001285    -28.699917    -11.054188      2.204000 
   239.001296    -28.713326    -10.995163      2.211000 
   239.001308    -28.726732    -10.936138      2.209000 
   239.001319    -28.740135    -10.877112      2.197000 
   239.001331    -28.753534    -10.818085      2.189000 
   239.001343    -28.766930    -10.759057      2.181000 
   239.001354    -28.780320    -10.700029      2.171000 
   239.001366    -28.793709    -10.641000      2.158000 
   239.001377    -28.807093    -10.581970      2.144000 
   239.001389    -28.820475    -10.522940      2.127000 
   239.001400    -28.833853    -10.463909      2.109000 
   239.001412    -28.847225    -10.404878      2.088000 
   239.001424    -28.860598    -10.345845      2.067000 
   239.001435    -28.873964    -10.286812      2.045000 
   239.001447    -28.887327    -10.227779      2.022000 
   239.001458    -28.900688    -10.168745      2.003000 
   239.001470    -28.914045    -10.109710      1.984000 
   239.001481    -28.927400    -10.050674      1.964000 
   239.001493    -28.940750     -9.991638      1.941000 
   239.001505    -28.954100     -9.932601      1.911000 
   239.001516    -28.967443     -9.873564      1.880000 
   239.001528    -28.980783     -9.814526      1.853000 
   239.001539    -28.994122     -9.755487      1.832000 
   239.001551    -29.007456     -9.696447      1.816000 
   239.001563    -29.020786     -9.637407      1.808000 
   239.001574    -29.034117     -9.578367      1.811000 
   239.001586    -29.047441     -9.519325      1.821000 
   239.001597    -29.060762     -9.460284      1.826000 
   239.001609    -29.074081     -9.401241      1.823000 
   239.001620    -29.087399     -9.342198      1.818000 
   239.001632    -29.100710     -9.283154      1.818000 
   239.001644    -29.114020     -9.224110      1.816000 
   239.001655    -29.127327     -9.165065      1.820000 
   239.001667    -29.140630     -9.106019      1.831000 
   239.001678    -29.153933     -9.046973      1.837000 
   239.001690    -29.167230     -8.987926      1.837000 
   239.001701    -29.180525     -8.928879      1.832000 
   239.001713    -29.193817     -8.869831      1.819000 
   239.001725    -29.207106     -8.810783      1.800000 
   239.001736    -29.220392     -8.751733      1.780000 
   239.001748    -29.233677     -8.692684      1.764000 
   239.001759    -29.246956     -8.633633      1.754000 
   239.001771    -29.260235     -8.574583      1.752000 
   239.001782    -29.273508     -8.515531      1.757000 
   239.001794    -29.286781     -8.456479      1.767000 
   239.001806    -29.300050     -8.397427      1.780000 
   239.001817    -29.313318     -8.338373      1.792000 
   239.001829    -29.326584     -8.279320      1.803000 
   239.001840    -29.339844     -8.220266      1.807000 
   239.001852    -29.353104     -8.161211      1.806000 
   239.001863    -29.366360     -8.102155      1.804000 
   239.001875    -29.379614     -8.043099      1.807000 
   241.494572    -29.190270     -8.014391      2.419000 
   241.494583    -29.203522     -8.073451      2.455000 
   241.494595    -29.216776     -8.132510      2.505000 
   241.494606    -29.230034     -8.191569      2.535000 
   241.494618    -29.243294     -8.250627      2.529000 
   241.494630    -29.256557     -8.309684      2.488000 
   241.494641    -29.269823     -8.368741      2.441000 
   241.494653    -29.283090     -8.427797      2.425000 
   241.494664    -29.296362     -8.486853      2.439000 
   241.494676    -29.309635     -8.545908      2.466000 
   241.494687    -29.322912     -8.604963      2.483000 
   241.494699    -29.336191     -8.664017      2.486000 
   241.494711    -29.349476     -8.723070      2.484000 
   241.494722    -29.362760     -8.782123      2.481000 
   241.494734    -29.376047     -8.841176      2.474000 
   241.494745    -29.389338     -8.900227      2.463000 
   241.494757    -29.402632     -8.959278      2.453000 
   241.494769    -29.415928     -9.018329      2.444000 
   241.494780    -29.429228     -9.077379      2.440000 
   241.494792    -29.442530     -9.136428      2.419000 
   241.494803    -29.455835     -9.195477      2.367000 
   241.494815    -29.469145     -9.254525      2.324000 
   241.494826    -29.482456     -9.313573      2.346000 
   241.494838    -29.495770     -9.372620      2.383000 
   241.494850    -29.509089     -9.431666      2.390000 
   241.494861    -29.522408     -9.490712      2.376000 
   241.494873    -29.535732     -9.549757      2.362000 
   241.494884    -29.549059     -9.608801      2.349000 
   241.494896    -29.562387     -9.667845      2.338000 
   241.494907    -29.575722     -9.726889      2.329000 
   241.494919    -29.589058     -9.785931      2.325000 
   241.494931    -29.602398     -9.844973      2.323000 
   241.494942    -29.615740     -9.904014      2.321000 
   241.494954    -29.629086     -9.963055      2.320000 
   241.494965    -29.642435    -10.022095      2.320000 
   241.494977    -29.655788    -10.081135      2.323000 
   241.494988    -29.669144    -10.140173      2.329000 
   241.495000    -29.682503    -10.199212      2.334000 
   241.495012    -29.695866    -10.258249      2.337000 
   241.495023    -29.709230    -10.317286      2.340000 
   241.495035    -29.722600    -10.376322      2.341000 
   241.495046    -29.735973    -10.435358      2.341000 
   241.495058    -29.749350    -10.494392      2.338000 
   241.495069    -29.762728    -10.553427      2.330000 
   241.495081    -29.776112    -10.612460      2.319000 
   241.495093    -29.789497    -10.671493      2.305000 
   241.495104    -29.802889    -10.730525      2.288000 
   241.495116    -29.816280    -10.789556      2.267000 
   241.495127    -29.829678    -10.848587      2.245000 
   241.495139    -29.843079    -10.907617      2.219000 
   241.495150    -29.856483    -10.966647      2.188000 
   241.495162    -29.869890    -11.025675      2.156000 
   241.495174    -29.883303    -11.084703      2.124000 
   241.495185    -29.896717    -11.143731      2.094000 
   241.495197    -29.910137    -11.202757      2.064000 
   241.495208    -29.923560    -11.261783      2.030000 
   241.495220    -29.936987    -11.320808      1.990000 
   241.495231    -29.950417    -11.379833      1.963000 
   241.495243    -29.963850    -11.438857      1.956000 
   241.495255    -29.977287    -11.497880      1.964000 
   241.495266    -29.990728    -11.556902      1.982000 
   241.495278    -30.004173    -11.615924      2.009000 
   241.495289    -30.017624    -11.674945      2.041000 
   241.495301    -30.031076    -11.733965      2.075000 
   241.495313    -30.044533    -11.792984      2.102000 
   241.495324    -30.057995    -11.852003      2.117000 
   241.495336    -30.071459    -11.911021      2.117000 
   241.495347    -30.084929    -11.970038      2.109000 
   242.998877    -28.000137    -10.007279      2.043000 
   242.998889    -28.013487     -9.948242      2.017000 
   242.998900    -28.026830     -9.889206      1.992000 
   242.998912    -28.040173     -9.830168      1.975000 
   242.998924    -28.053510     -9.771130      1.970000 
   242.998935    -28.066847     -9.712091      1.971000 
   242.998947    -28.080177     -9.653052      1.968000 
   242.998958    -28.093508     -9.594012      1.956000 
   242.998970    -28.106833     -9.534971      1.938000 
   242.998981    -28.120155     -9.475930      1.927000 
   242.998993    -28.133474     -9.416888      1.921000 
   242.999005    -28.146791     -9.357846      1.917000 
   242.999016    -28.160105     -9.298803      1.915000 
   242.999028    -28.173416     -9.239759      1.916000 
   242.999039    -28.186724     -9.180715      1.918000 
   242.999051    -28.200027     -9.121670      1.922000 
   242.999062    -28.213330     -9.062624      1.927000 
   242.999074    -28.226627     -9.003578      1.933000 
   242.999086    -28.239923     -8.944531      1.937000 
   242.999097    -28.253216     -8.885484      1.943000 
   242.999109    -28.266506     -8.826436      1.959000 
   242.999120    -28.279793     -8.767388      1.977000 
   242.999132    -28.293077     -8.708339      1.945000 
   242.999144    -28.306358     -8.649289      1.852000 
   242.999155    -28.319635     -8.590239      1.861000 
   242.999167    -28.332912     -8.531188      1.936000 
   242.999178    -28.346186     -8.472137      1.972000 
   242.999190    -28.359455     -8.413085      1.929000 
   242.999201    -28.372723     -8.354033      1.821000 
   242.999213    -28.385988     -8.294979      1.705000 
   242.999225    -28.399250     -8.235926      1.644000 
   242.999236    -28.412510     -8.176872      1.653000 
   242.999248    -28.425766     -8.117817      1.696000 
   242.999259    -28.439020     -8.058762      1.724000 
