    29.204086    -24.799858    -18.015907      1.514000 
    29.204097    -24.789248    -18.078781      1.496000 
    29.204109    -24.778627    -18.141653      1.475000 
    29.204120    -24.767996    -18.204523      1.454000 
    29.204132    -24.757353    -18.267391      1.433000 
    29.204144    -24.746698    -18.330257      1.415000 
    29.204155    -24.736034    -18.393122      1.399000 
    29.204178    -24.725357    -18.455984      1.386000 
    29.204190    -24.714670    -18.518845      1.376000 
    29.204201    -24.703974    -18.581703      1.373000 
    29.204213    -24.693266    -18.644562      1.373000 
    29.204225    -24.682545    -18.707417      1.367000 
    29.204236    -24.671812    -18.770270      1.365000 
    29.204248    -24.661070    -18.833120      1.366000 
    29.204259    -24.650316    -18.895970      1.368000 
    29.204271    -24.639551    -18.958817      1.369000 
    29.204282    -24.628775    -19.021662      1.369000 
    29.204306    -24.617987    -19.084505      1.366000 
    29.204317    -24.607185    -19.147346      1.362000 
    29.204329    -24.596375    -19.210188      1.356000 
    29.204340    -24.585550    -19.273024      1.348000 
    29.204352    -24.574717    -19.335860      1.340000 
    29.204363    -24.563870    -19.398693      1.332000 
    29.204375    -24.553013    -19.461527      1.324000 
    29.204387    -24.542143    -19.524355      1.317000 
    29.204398    -24.531260    -19.587183      1.310000 
    29.204410    -24.520367    -19.650010      1.305000 
    29.204433    -24.509460    -19.712833      1.303000 
    29.204444    -24.498543    -19.775654      1.304000 
    29.204456    -24.487612    -19.838474      1.312000 
    29.204468    -24.476670    -19.901293      1.320000 
    29.204479    -24.465715    -19.964108      1.325000 
    30.204769    -26.993307    -19.602797      1.608000 
    30.204780    -26.982410    -19.665623      1.598000 
    30.204792    -26.971502    -19.728445      1.590000 
    30.204803    -26.960580    -19.791265      1.584000 
    30.204815    -26.949650    -19.854086      1.593000 
    30.204826    -26.938704    -19.916900      1.621000 
    30.204838    -26.927748    -19.979715      1.664000 
    31.661620    -23.872585    -19.946556      1.856000 
    31.661632    -23.861639    -19.883753      1.858000 
    31.661644    -23.850704    -19.820948      1.849000 
    31.661655    -23.839783    -19.758140      1.833000 
    31.661667    -23.828873    -19.695332      1.822000 
    31.661678    -23.817974    -19.632520      1.828000 
    31.661690    -23.807089    -19.569708      1.843000 
    31.661701    -23.796213    -19.506891      1.849000 
    31.661725    -23.785353    -19.444075      1.847000 
    31.661736    -23.774502    -19.381256      1.841000 
    31.661748    -23.763662    -19.318436      1.831000 
    31.661759    -23.752834    -19.255611      1.829000 
    31.661771    -23.742020    -19.192787      1.832000 
    31.661782    -23.731216    -19.129961      1.841000 
    31.661794    -23.720425    -19.067133      1.850000 
    31.661806    -23.709642    -19.004301      1.854000 
    31.661817    -23.698874    -18.941470      1.852000 
    31.661829    -23.688116    -18.878633      1.847000 
    31.661852    -23.677370    -18.815798      1.838000 
    31.661863    -23.666636    -18.752958      1.848000 
    31.661875    -23.655910    -18.690119      1.852000 
    31.661887    -23.645199    -18.627275      1.849000 
    31.661898    -23.634497    -18.564432      1.841000 
    31.661910    -23.623806    -18.501587      1.827000 
    31.661921    -23.613127    -18.438738      1.816000 
    31.661933    -23.602459    -18.375889      1.815000 
    31.661944    -23.591803    -18.313038      1.823000 
    31.661968    -23.581156    -18.250183      1.839000 
    31.661979    -23.570520    -18.187328      1.858000 
    31.661991    -23.559895    -18.124472      1.849000 
    31.662002    -23.549282    -18.061611      1.811000 
    32.661979    -26.338442    -19.953380      1.567000 
    32.661991    -26.327494    -19.890577      1.573000 
    32.662002    -26.316559    -19.827770      1.599000 
    32.662014    -26.305634    -19.764963      1.657000 
    32.662025    -26.294724    -19.702154      1.718000 
    32.662037    -26.283823    -19.639343      1.750000 
    32.662049    -26.272936    -19.576530      1.723000 
    32.662060    -26.262060    -19.513716      1.681000 
    32.662072    -26.251196    -19.450900      1.659000 
    32.662083    -26.240343    -19.388080      1.675000 
    32.662106    -26.229504    -19.325258      1.714000 
    32.662118    -26.218676    -19.262436      1.736000 
    32.662130    -26.207859    -19.199610      1.758000 
    32.662141    -26.197054    -19.136784      1.771000 
    32.662153    -26.186260    -19.073956      1.780000 
    32.662164    -26.175478    -19.011124      1.787000 
    32.662176    -26.164707    -18.948292      1.792000 
    32.662188    -26.153948    -18.885456      1.799000 
    32.662199    -26.143202    -18.822620      1.804000 
    32.662211    -26.132463    -18.759780      1.809000 
    32.662234    -26.121738    -18.696941      1.813000 
    32.662245    -26.111025    -18.634098      1.816000 
    32.662257    -26.100323    -18.571255      1.819000 
    32.662269    -26.089630    -18.508408      1.821000 
    32.662280    -26.078950    -18.445560      1.824000 
    32.662292    -26.068280    -18.382710      1.822000 
    32.662303    -26.057623    -18.319859      1.803000 
    32.662315    -26.046974    -18.257006      1.794000 
    32.662326    -26.036339    -18.194150      1.811000 
    32.662338    -26.025711    -18.131292      1.844000 
    32.662361    -26.015097    -18.068434      1.876000 
    32.662373    -26.004492    -18.005573      1.883000 
    39.136215    -23.553362    -18.051422      1.416000 
    39.136227    -23.542747    -18.114292      1.407000 
    39.136238    -23.532122    -18.177160      1.406000 
    39.136250    -23.521484    -18.240026      1.407000 
    39.136262    -23.510838    -18.302889      1.407000 
    39.136273    -23.500177    -18.365751      1.405000 
    39.136285    -23.489510    -18.428612      1.407000 
    39.136296    -23.478828    -18.491468      1.414000 
    39.136319    -23.468138    -18.554325      1.423000 
    39.136331    -23.457434    -18.617180      1.419000 
    39.136343    -23.446720    -18.680033      1.407000 
    39.136354    -23.435995    -18.742882      1.393000 
    39.136366    -23.425259    -18.805730      1.376000 
    39.136377    -23.414510    -18.868578      1.371000 
    39.136389    -23.403751    -18.931421      1.379000 
    39.136400    -23.392980    -18.994265      1.393000 
    39.136412    -23.382198    -19.057106      1.408000 
    39.136435    -23.371407    -19.119946      1.424000 
    39.136447    -23.360600    -19.182781      1.435000 
    39.136458    -23.349785    -19.245617      1.445000 
    39.136470    -23.338955    -19.308450      1.451000 
    39.136481    -23.328115    -19.371283      1.451000 
    39.136493    -23.317265    -19.434110      1.446000 
    39.136505    -23.306400    -19.496939      1.440000 
    39.136516    -23.295525    -19.559763      1.431000 
    39.136528    -23.284637    -19.622585      1.423000 
    39.136539    -23.273739    -19.685408      1.416000 
    39.136563    -23.262827    -19.748226      1.410000 
    39.136574    -23.251904    -19.811045      1.405000 
    39.136586    -23.240967    -19.873860      1.403000 
    39.136597    -23.230019    -19.936672      1.402000 
    39.136609    -23.219059    -19.999483      1.403000 
    40.136574    -26.022774    -18.033272      1.494000 
    40.136586    -26.012163    -18.096142      1.483000 
    40.136597    -26.001540    -18.159008      1.473000 
    40.136609    -25.990908    -18.221874      1.462000 
    40.136620    -25.980263    -18.284739      1.453000 
    40.136632    -25.969608    -18.347600      1.447000 
    40.136644    -25.958942    -18.410460      1.443000 
    40.136655    -25.948265    -18.473318      1.441000 
    40.136667    -25.937576    -18.536175      1.442000 
    40.136690    -25.926878    -18.599030      1.448000 
    40.136701    -25.916166    -18.661882      1.457000 
    40.136713    -25.905445    -18.724733      1.465000 
    40.136725    -25.894712    -18.787580      1.469000 
    40.136736    -25.883968    -18.850428      1.470000 
    40.136748    -25.873213    -18.913273      1.475000 
    40.136759    -25.862448    -18.976116      1.485000 
    40.136771    -25.851667    -19.038958      1.495000 
    40.136782    -25.840878    -19.101797      1.503000 
    40.136806    -25.830076    -19.164635      1.509000 
    40.136817    -25.819263    -19.227468      1.509000 
    40.136829    -25.808440    -19.290302      1.507000 
    40.136840    -25.797604    -19.353134      1.502000 
    40.136852    -25.786755    -19.415962      1.490000 
    40.136863    -25.775894    -19.478790      1.469000 
    40.136875    -25.765024    -19.541616      1.455000 
    40.136887    -25.754140    -19.604440      1.449000 
    40.136898    -25.743244    -19.667261      1.448000 
    40.136910    -25.732338    -19.730082      1.455000 
    40.136933    -25.721418    -19.792898      1.463000 
    40.136944    -25.710485    -19.855715      1.469000 
    40.136956    -25.699541    -19.918528      1.471000 
    40.136968    -25.688585    -19.981339      1.470000 
    42.594109    -25.108408    -19.982920      1.863000 
    42.594120    -25.097454    -19.920115      1.844000 
    42.594132    -25.086514    -19.857310      1.825000 
    42.594144    -25.075584    -19.794500      1.808000 
    42.594155    -25.064669    -19.731691      1.797000 
    42.594167    -25.053762    -19.668880      1.789000 
    42.594178    -25.042870    -19.606066      1.784000 
    42.594190    -25.031988    -19.543250      1.782000 
    42.594201    -25.021120    -19.480433      1.769000 
    42.594225    -25.010263    -19.417612      1.758000 
    42.594236    -24.999418    -19.354790      1.763000 
    42.594248    -24.988585    -19.291965      1.778000 
    42.594259    -24.977762    -19.229140      1.791000 
    42.594271    -24.966951    -19.166313      1.806000 
    42.594282    -24.956154    -19.103483      1.819000 
    42.594294    -24.945366    -19.040651      1.831000 
    42.594306    -24.934591    -18.977818      1.839000 
    42.594317    -24.923826    -18.914982      1.846000 
    42.594329    -24.913074    -18.852144      1.851000 
    42.594352    -24.902332    -18.789305      1.853000 
    42.594363    -24.891603    -18.726463      1.852000 
    42.594375    -24.880884    -18.663622      1.849000 
    42.594387    -24.870176    -18.600777      1.841000 
    42.594398    -24.859480    -18.537930      1.832000 
    42.594410    -24.848795    -18.475080      1.820000 
    42.594421    -24.838120    -18.412230      1.808000 
    42.594433    -24.827457    -18.349377      1.793000 
    42.594444    -24.816805    -18.286522      1.779000 
    42.594468    -24.806164    -18.223665      1.771000 
    42.594479    -24.795532    -18.160809      1.771000 
    42.594491    -24.784912    -18.097946      1.774000 
    42.594502    -24.774303    -18.035086      1.778000 
    50.068727    -24.795988    -18.013820      1.963000 
    50.068738    -24.785381    -18.076687      1.953000 
    50.068750    -24.774761    -18.139551      1.946000 
    50.068762    -24.764132    -18.202414      1.942000 
    50.068773    -24.753490    -18.265274      1.941000 
    50.068785    -24.742840    -18.328133      1.937000 
    50.068796    -24.732178    -18.390990      1.940000 
    50.068808    -24.721502    -18.453844      1.950000 
    50.068831    -24.710820    -18.516699      1.963000 
    50.068843    -24.700123    -18.579550      1.978000 
    50.068854    -24.689417    -18.642399      1.990000 
    50.068866    -24.678698    -18.705248      1.995000 
    50.068877    -24.667969    -18.768091      1.995000 
    50.068889    -24.657228    -18.830936      1.992000 
    50.068900    -24.646477    -18.893778      1.990000 
    50.068912    -24.635714    -18.956617      2.000000 
    50.068924    -24.624937    -19.019457      1.985000 
    50.068935    -24.614153    -19.082293      1.979000 
    50.068958    -24.603354    -19.145126      1.976000 
    50.068970    -24.592545    -19.207958      1.972000 
    50.068981    -24.581724    -19.270788      1.951000 
    50.068993    -24.570890    -19.333616      1.944000 
    50.069005    -24.560047    -19.396442      1.938000 
    50.069016    -24.549190    -19.459267      1.927000 
    50.069039    -24.527443    -19.584910      1.915000 
    50.069051    -24.516550    -19.647728      1.906000 
    50.069063    -24.505648    -19.710545      1.915000 
    50.069086    -24.494732    -19.773360      1.928000 
    50.069097    -24.483803    -19.836170      1.934000 
    50.069109    -24.472862    -19.898981      1.927000 
    50.069120    -24.461910    -19.961788      1.907000 
    51.069410    -26.990099    -19.601547      2.073000 
    51.069421    -26.979202    -19.664364      2.064000 
    51.069433    -26.968296    -19.727179      2.050000 
    51.069444    -26.957376    -19.789993      2.036000 
    51.069456    -26.946445    -19.852804      2.023000 
    51.069468    -26.935501    -19.915613      2.012000 
    51.069479    -26.924547    -19.978420      2.003000 
    52.526262    -23.873234    -19.955976      2.353000 
    52.526273    -23.862284    -19.893170      2.361000 
    52.526285    -23.851345    -19.830360      2.370000 
    52.526296    -23.840420    -19.767550      2.381000 
    52.526308    -23.829506    -19.704737      2.384000 
    52.526331    -23.818604    -19.641920      2.386000 
    52.526343    -23.807713    -19.579103      2.385000 
    52.526354    -23.796835    -19.516285      2.383000 
    52.526366    -23.785969    -19.453463      2.378000 
    52.526377    -23.775114    -19.390638      2.371000 
    52.526389    -23.764273    -19.327814      2.362000 
    52.526400    -23.753440    -19.264986      2.351000 
    52.526412    -23.742622    -19.202156      2.339000 
    52.526424    -23.731815    -19.139326      2.325000 
    52.526435    -23.721020    -19.076492      2.311000 
    52.526458    -23.710234    -19.013659      2.296000 
    52.526470    -23.699461    -18.950820      2.281000 
    52.526481    -23.688700    -18.887981      2.266000 
    52.526493    -23.677950    -18.825142      2.253000 
    52.526505    -23.667212    -18.762299      2.240000 
    52.526516    -23.656483    -18.699453      2.228000 
    52.526528    -23.645767    -18.636606      2.218000 
    52.526539    -23.635061    -18.573757      2.209000 
    52.526551    -23.624369    -18.510908      2.202000 
    52.526563    -23.613686    -18.448055      2.196000 
    52.526586    -23.603012    -18.385200      2.192000 
    52.526597    -23.592352    -18.322346      2.189000 
    52.526609    -23.581703    -18.259487      2.187000 
    52.526620    -23.571064    -18.196627      2.187000 
    52.526632    -23.560434    -18.133766      2.188000 
    52.526644    -23.549818    -18.070902      2.189000 
    52.526655    -23.539211    -18.008038      2.192000 
    53.526620    -26.336176    -19.940826      2.019000 
    53.526632    -26.325228    -19.878017      1.997000 
    53.526655    -26.314293    -19.815208      1.975000 
    53.526667    -26.303370    -19.752396      1.954000 
    53.526678    -26.292460    -19.689580      1.937000 
    53.526690    -26.281560    -19.626764      1.921000 
    53.526701    -26.270674    -19.563946      1.905000 
    53.526713    -26.259798    -19.501125      1.887000 
    53.526725    -26.248934    -19.438303      1.865000 
    53.526736    -26.238083    -19.375479      1.840000 
    53.526748    -26.227243    -19.312653      1.818000 
    53.526759    -26.216415    -19.249825      1.803000 
    53.526782    -26.205599    -19.186995      1.798000 
    53.526794    -26.194794    -19.124163      1.797000 
    53.526806    -26.184002    -19.061327      1.795000 
    53.526817    -26.173220    -18.998491      1.789000 
    53.526829    -26.162449    -18.935654      1.787000 
    53.526840    -26.151691    -18.872812      1.792000 
    53.526852    -26.140944    -18.809970      1.799000 
    53.526863    -26.130207    -18.747128      1.809000 
    53.526875    -26.119482    -18.684282      1.820000 
    53.526898    -26.108768    -18.621433      1.832000 
    53.526910    -26.098066    -18.558584      1.843000 
    53.526921    -26.087376    -18.495733      1.856000 
    53.526933    -26.076694    -18.432880      1.868000 
    53.526944    -26.066027    -18.370024      1.881000 
    53.526956    -26.055368    -18.307167      1.893000 
    53.526968    -26.044722    -18.244308      1.905000 
    53.526979    -26.034084    -18.181448      1.917000 
    53.526991    -26.023458    -18.118586      1.928000 
    53.527002    -26.012844    -18.055721      1.939000 
    60.000868    -23.553053    -18.048275      1.628000 
    60.000880    -23.542437    -18.111137      1.608000 
    60.000891    -23.531813    -18.173996      1.593000 
    60.000903    -23.521175    -18.236855      1.580000 
    60.000914    -23.510529    -18.299710      1.567000 
    60.000926    -23.499868    -18.362564      1.558000 
    60.000938    -23.489200    -18.425417      1.559000 
    60.000949    -23.478520    -18.488268      1.570000 
    60.000972    -23.467829    -18.551117      1.589000 
    60.000984    -23.457127    -18.613962      1.611000 
    60.000995    -23.446411    -18.676807      1.621000 
    60.001007    -23.435686    -18.739650      1.617000 
    60.001019    -23.424952    -18.802490      1.602000 
    60.001030    -23.414204    -18.865330      1.583000 
    60.001042    -23.403444    -18.928167      1.561000 
    60.001053    -23.392673    -18.991001      1.546000 
    60.001065    -23.381893    -19.053837      1.543000 
    60.001076    -23.371100    -19.116667      1.547000 
    60.001100    -23.360294    -19.179497      1.591000 
    60.001111    -23.349478    -19.242325      1.615000 
    60.001123    -23.338650    -19.305150      1.573000 
    60.001134    -23.327810    -19.367973      1.544000 
    60.001146    -23.316960    -19.430794      1.528000 
    60.001157    -23.306095    -19.493614      1.532000 
    60.001169    -23.295220    -19.556433      1.549000 
    60.001181    -23.284332    -19.619247      1.563000 
    60.001192    -23.273434    -19.682060      1.573000 
    60.001204    -23.262524    -19.744873      1.580000 
    60.001227    -23.251600    -19.807682      1.584000 
    60.001238    -23.240664    -19.870490      1.593000 
    60.001250    -23.229717    -19.933294      1.605000 
    60.001262    -23.218758    -19.996100      1.616000 
   209.511238    -25.110985    -19.977200      1.806000 
   209.511250    -25.100027    -19.914390      1.782000 
   209.511262    -25.089080    -19.851582      1.799000 
   209.511273    -25.078146    -19.788769      1.840000 
   209.511285    -25.067225    -19.725954      1.863000 
   209.511296    -25.056314    -19.663137      1.868000 
   209.511308    -25.045416    -19.600319      1.875000 
   209.511319    -25.034530    -19.537498      1.884000 
   209.511343    -25.023657    -19.474674      1.896000 
   209.511354    -25.012793    -19.411852      1.898000 
   209.511366    -25.001944    -19.349024      1.890000 
   209.511377    -24.991104    -19.286196      1.881000 
   209.511389    -24.980276    -19.223366      1.869000 
   209.511400    -24.969461    -19.160534      1.862000 
   209.511412    -24.958656    -19.097698      1.864000 
   209.511424    -24.947865    -19.034863      1.873000 
   209.511435    -24.937084    -18.972025      1.882000 
   209.511447    -24.926315    -18.909184      1.898000 
   209.511470    -24.915558    -18.846340      1.900000 
   209.511481    -24.904810    -18.783499      1.877000 
   209.511493    -24.894075    -18.720652      1.842000 
   209.511505    -24.883350    -18.657804      1.835000 
   209.511516    -24.872639    -18.594954      1.868000 
   209.511528    -24.861937    -18.532103      1.904000 
   209.511539    -24.851246    -18.469250      1.924000 
   209.511551    -24.840567    -18.406393      1.938000 
   209.511563    -24.829899    -18.343536      1.953000 
   209.511574    -24.819240    -18.280678      1.972000 
   209.511597    -24.808594    -18.217815      1.993000 
   209.511609    -24.797958    -18.154955      1.999000 
   209.511620    -24.787333    -18.092089      1.996000 
   209.511632    -24.776718    -18.029222      1.985000 
   216.985833    -24.789434    -18.028404      2.888000 
   216.985845    -24.778822    -18.091270      2.882000 
   216.985856    -24.768196    -18.154135      2.875000 
   216.985868    -24.757560    -18.216995      2.866000 
   216.985891    -24.746916    -18.279856      2.858000 
   216.985903    -24.736258    -18.342714      2.848000 
   216.985914    -24.725590    -18.405570      2.838000 
   216.985926    -24.714910    -18.468424      2.828000 
   216.985938    -24.704220    -18.531277      2.822000 
   216.985949    -24.693520    -18.594128      2.809000 
   216.985961    -24.682806    -18.656977      2.801000 
   216.985972    -24.672083    -18.719824      2.806000 
   216.985984    -24.661348    -18.782667      2.823000 
   216.985995    -24.650600    -18.845510      2.839000 
   216.986019    -24.639845    -18.908352      2.856000 
   216.986030    -24.629074    -18.971191      2.873000 
   216.986042    -24.618294    -19.034027      2.889000 
   216.986053    -24.607502    -19.096865      2.902000 
   216.986065    -24.596699    -19.159697      2.911000 
   216.986076    -24.585884    -19.222528      2.917000 
   216.986088    -24.575056    -19.285358      2.919000 
   216.986100    -24.564219    -19.348186      2.918000 
   216.986111    -24.553368    -19.411010      2.914000 
   216.986123    -24.542505    -19.473835      2.909000 
   216.986146    -24.531631    -19.536655      2.902000 
   216.986157    -24.520746    -19.599476      2.895000 
   216.986169    -24.509850    -19.662294      2.886000 
   216.986181    -24.498940    -19.725110      2.875000 
   216.986192    -24.488016    -19.787924      2.861000 
   216.986204    -24.477083    -19.850735      2.845000 
   216.986215    -24.466139    -19.913544      2.832000 
   216.986227    -24.455180    -19.976353      2.816000 
   217.986505    -26.993420    -19.553610      2.057000 
   217.986516    -26.982530    -19.616428      2.053000 
   217.986528    -26.971628    -19.679247      2.046000 
   217.986539    -26.960714    -19.742060      2.042000 
   217.986551    -26.949790    -19.804873      2.034000 
   217.986563    -26.938852    -19.867683      2.021000 
   217.986574    -26.927902    -19.930492      2.008000 
   217.986586    -26.916940    -19.993300      1.996000 
   219.443368    -23.869614    -19.959350      3.039000 
   219.443380    -23.858660    -19.896542      3.031000 
   219.443391    -23.847715    -19.833730      3.033000 
   219.443403    -23.836784    -19.770918      3.047000 
   219.443414    -23.825867    -19.708101      3.055000 
   219.443426    -23.814959    -19.645285      3.047000 
   219.443438    -23.804064    -19.582466      3.014000 
   219.443449    -23.793180    -19.519646      2.993000 
   219.443461    -23.782310    -19.456821      3.032000 
   219.443484    -23.771452    -19.393997      3.081000 
   219.443495    -23.760603    -19.331170      3.128000 
   219.443507    -23.749767    -19.268340      3.146000 
   219.443519    -23.738943    -19.205510      3.175000 
   219.443530    -23.728130    -19.142677      3.188000 
   219.443542    -23.717330    -19.079842      3.192000 
   219.443553    -23.706541    -19.017006      3.185000 
   219.443565    -23.695763    -18.954166      3.170000 
   219.443576    -23.684996    -18.891325      3.146000 
   219.443588    -23.674240    -18.828484      3.124000 
   219.443611    -23.663498    -18.765638      3.115000 
   219.443623    -23.652765    -18.702791      3.121000 
   219.443634    -23.642044    -18.639942      3.139000 
   219.443646    -23.631334    -18.577093      3.161000 
   219.443657    -23.620634    -18.514240      3.180000 
   219.443669    -23.609947    -18.451387      3.182000 
   219.443681    -23.599272    -18.388530      3.163000 
   219.443692    -23.588606    -18.325674      3.134000 
   219.443704    -23.577951    -18.262814      3.103000 
   219.443715    -23.567307    -18.199951      3.076000 
   219.443738    -23.556673    -18.137089      3.056000 
   219.443750    -23.546053    -18.074224      3.041000 
   219.443762    -23.535440    -18.011356      3.024000 
   220.443715    -26.340033    -19.980457      1.954000 
   220.443738    -26.329073    -19.917650      1.957000 
   220.443750    -26.318125    -19.854840      1.959000 
   220.443762    -26.307190    -19.792027      1.961000 
   220.443773    -26.296267    -19.729212      1.961000 
   220.443785    -26.285355    -19.666395      1.961000 
   220.443796    -26.274454    -19.603577      1.965000 
   220.443808    -26.263569    -19.540756      1.971000 
   220.443819    -26.252691    -19.477934      1.980000 
   220.443831    -26.241829    -19.415110      1.991000 
   220.443843    -26.230976    -19.352283      2.007000 
   220.443866    -26.220137    -19.289454      2.023000 
   220.443877    -26.209307    -19.226624      2.040000 
   220.443889    -26.198490    -19.163792      2.060000 
   220.443900    -26.187685    -19.100958      2.072000 
   220.443912    -26.176891    -19.038120      2.067000 
   220.443924    -26.166110    -18.975283      2.058000 
   220.443935    -26.155338    -18.912441      2.058000 
   220.443947    -26.144579    -18.849600      2.068000 
   220.443958    -26.133831    -18.786757      2.092000 
   220.443970    -26.123095    -18.723910      2.106000 
   220.443993    -26.112370    -18.661062      2.102000 
   220.444005    -26.101654    -18.598213      2.090000 
   220.444016    -26.090952    -18.535360      2.077000 
   220.444028    -26.080260    -18.472507      2.064000 
   220.444039    -26.069578    -18.409653      2.059000 
   220.444051    -26.058908    -18.346794      2.066000 
   220.444063    -26.048248    -18.283936      2.085000 
   220.444074    -26.037601    -18.221075      2.095000 
   220.444086    -26.026964    -18.158213      2.084000 
   220.444109    -26.016338    -18.095348      2.073000 
   220.444120    -26.005722    -18.032480      2.076000 
   226.917975    -23.564700    -18.002800      1.318000 
   226.917986    -23.554089    -18.065666      1.314000 
   226.917998    -23.543467    -18.128529      1.311000 
   226.918009    -23.532833    -18.191391      1.309000 
   226.918021    -23.522190    -18.254251      1.310000 
   226.918044    -23.511536    -18.317108      1.315000 
   226.918056    -23.500870    -18.379965      1.320000 
   226.918067    -23.490194    -18.442820      1.326000 
   226.918079    -23.479506    -18.505670      1.334000 
   226.918090    -23.468807    -18.568521      1.345000 
   226.918102    -23.458097    -18.631370      1.354000 
   226.918113    -23.447376    -18.694218      1.336000 
   226.918125    -23.436646    -18.757063      1.296000 
   226.918137    -23.425901    -18.819904      1.259000 
   226.918148    -23.415148    -18.882746      1.260000 
   226.918171    -23.404380    -18.945585      1.299000 
   226.918183    -23.393602    -19.008423      1.351000 
   226.918194    -23.382814    -19.071259      1.393000 
   226.918206    -23.372013    -19.134092      1.417000 
   226.918218    -23.361200    -19.196922      1.414000 
   226.918229    -23.350376    -19.259752      1.388000 
   226.918241    -23.339542    -19.322580      1.357000 
   226.918252    -23.328695    -19.385405      1.342000 
   226.918264    -23.317837    -19.448229      1.343000 
   226.918275    -23.306965    -19.511051      1.352000 
   226.918299    -23.296082    -19.573870      1.354000 
   226.918310    -23.285187    -19.636688      1.355000 
   226.918322    -23.274280    -19.699505      1.356000 
   226.918333    -23.263363    -19.762318      1.358000 
   226.918345    -23.252432    -19.825129      1.361000 
   226.918356    -23.241490    -19.887940      1.366000 
   226.918368    -23.230534    -19.950747      1.373000 
   227.918345    -26.022861    -18.048150      1.354000 
   227.918356    -26.012243    -18.111013      1.351000 
   227.918368    -26.001614    -18.173876      1.355000 
   227.918391    -25.980322    -18.299595      1.367000 
   227.918403    -25.969660    -18.362452      1.382000 
   227.918426    -25.958986    -18.425306      1.401000 
   227.918438    -25.948301    -18.488160      1.421000 
   227.918449    -25.937607    -18.551010      1.442000 
   227.918461    -25.926900    -18.613860      1.464000 
   227.918472    -25.916183    -18.676706      1.481000 
   227.918484    -25.905455    -18.739552      1.501000 
   227.918495    -25.894714    -18.802395      1.528000 
   227.918507    -25.883963    -18.865236      1.553000 
   227.918519    -25.873200    -18.928078      1.578000 
   227.918530    -25.862425    -18.990913      1.600000 
   227.918553    -25.851640    -19.053750      1.614000 
   227.918565    -25.840843    -19.116585      1.619000 
   227.918576    -25.830034    -19.179417      1.618000 
   227.918588    -25.819214    -19.242247      1.612000 
   227.918600    -25.808380    -19.305075      1.610000 
   227.918611    -25.797539    -19.367900      1.609000 
   227.918623    -25.786682    -19.430723      1.614000 
   227.918634    -25.775814    -19.493546      1.626000 
   227.918646    -25.764936    -19.556366      1.647000 
   227.918657    -25.754044    -19.619184      1.660000 
   227.918681    -25.743141    -19.682000      1.680000 
   227.918692    -25.732225    -19.744816      1.709000 
   227.918704    -25.721298    -19.807627      1.767000 
   227.918715    -25.710360    -19.870438      1.802000 
   227.918727    -25.699408    -19.933245      1.792000 
   227.918738    -25.688444    -19.996052      1.755000 
   230.375868    -25.112822    -19.978914      2.196000 
   230.375880    -25.101860    -19.916105      2.189000 
   230.375891    -25.090914    -19.853294      2.177000 
   230.375903    -25.079977    -19.790482      2.159000 
   230.375926    -25.069054    -19.727667      2.161000 
   230.375938    -25.058142    -19.664850      2.183000 
   230.375949    -25.047241    -19.602032      2.193000 
   230.375961    -25.036352    -19.539210      2.189000 
   230.375972    -25.025476    -19.476387      2.184000 
   230.375984    -25.014612    -19.413563      2.178000 
   230.375995    -25.003760    -19.350735      2.176000 
   230.376007    -24.992920    -19.287907      2.178000 
   230.376019    -24.982090    -19.225077      2.178000 
   230.376042    -24.971273    -19.162243      2.176000 
   230.376053    -24.960466    -19.099407      2.176000 
   230.376065    -24.949673    -19.036572      2.174000 
   230.376076    -24.938890    -18.973734      2.166000 
   230.376088    -24.928120    -18.910892      2.161000 
   230.376100    -24.917358    -18.848050      2.164000 
   230.376111    -24.906610    -18.785206      2.170000 
   230.376123    -24.895874    -18.722359      2.180000 
   230.376134    -24.885147    -18.659512      2.191000 
   230.376146    -24.874434    -18.596660      2.201000 
   230.376169    -24.863730    -18.533808      2.216000 
   230.376181    -24.853037    -18.470955      2.210000 
   230.376192    -24.842356    -18.408098      2.206000 
   230.376204    -24.831684    -18.345242      2.206000 
   230.376215    -24.821026    -18.282381      2.209000 
   230.376227    -24.810377    -18.219520      2.214000 
   230.376238    -24.799740    -18.156656      2.206000 
   230.376250    -24.789112    -18.093792      2.199000 
   230.376262    -24.778498    -18.030926      2.189000 
   237.850486    -24.797670    -18.031820      2.332000 
   237.850498    -24.787054    -18.094685      2.312000 
   237.850509    -24.776426    -18.157547      2.287000 
   237.850521    -24.765787    -18.220407      2.260000 
   237.850532    -24.755136    -18.283266      2.226000 
   237.850544    -24.744476    -18.346123      2.195000 
   237.850556    -24.733805    -18.408978      2.185000 
   237.850579    -24.723122    -18.471830      2.194000 
   237.850590    -24.712427    -18.534681      2.217000 
   237.850602    -24.701723    -18.597532      2.227000 
   237.850613    -24.691008    -18.660380      2.205000 
   237.850625    -24.680280    -18.723225      2.158000 
   237.850637    -24.669540    -18.786068      2.133000 
   237.850648    -24.658790    -18.848910      2.121000 
   237.850660    -24.648030    -18.911750      2.113000 
   237.850671    -24.637259    -18.974588      2.102000 
   237.850683    -24.626474    -19.037424      2.087000 
   237.850706    -24.615679    -19.100258      2.077000 
   237.850718    -24.604872    -19.163090      2.076000 
   237.850729    -24.594051    -19.225920      2.077000 
   237.850741    -24.583221    -19.288748      2.080000 
   237.850752    -24.572380    -19.351574      2.078000 
   237.850764    -24.561525    -19.414398      2.069000 
   237.850775    -24.550661    -19.477220      2.048000 
   237.850787    -24.539783    -19.540041      2.029000 
   237.850799    -24.528894    -19.602860      2.015000 
   237.850810    -24.517992    -19.665676      2.007000 
   237.850833    -24.507078    -19.728490      2.003000 
   237.850845    -24.496155    -19.791304      1.998000 
   237.850856    -24.485216    -19.854113      1.990000 
   237.850868    -24.474266    -19.916922      1.975000 
   237.850880    -24.463305    -19.979729      1.956000 
   238.851157    -26.998644    -19.579819      1.874000 
   238.851169    -26.987747    -19.642635      1.866000 
   238.851181    -26.976837    -19.705450      1.873000 
   238.851192    -26.965918    -19.768263      1.894000 
   238.851204    -26.954985    -19.831074      1.924000 
   238.851215    -26.944040    -19.893883      1.961000 
   238.851238    -26.933083    -19.956690      2.000000 
   240.308021    -23.879732    -19.951134      2.388000 
   240.308032    -23.868776    -19.888323      2.402000 
   240.308044    -23.857834    -19.825512      2.416000 
   240.308056    -23.846903    -19.762697      2.432000 
   240.308067    -23.835981    -19.699880      2.450000 
   240.308079    -23.825075    -19.637062      2.474000 
   240.308090    -23.814180    -19.574242      2.492000 
   240.308102    -23.803295    -19.511420      2.488000 
   240.308113    -23.792425    -19.448595      2.485000 
   240.308137    -23.781565    -19.385770      2.504000 
   240.308148    -23.770718    -19.322940      2.534000 
   240.308160    -23.759880    -19.260110      2.561000 
   240.308171    -23.749058    -19.197279      2.564000 
   240.308183    -23.738243    -19.134445      2.556000 
   240.308194    -23.727442    -19.071610      2.530000 
   240.308206    -23.716654    -19.008772      2.514000 
   240.308218    -23.705873    -18.945930      2.496000 
   240.308229    -23.695107    -18.883090      2.474000 
   240.308241    -23.684353    -18.820246      2.451000 
   240.308264    -23.673609    -18.757400      2.428000 
   240.308275    -23.662874    -18.694553      2.408000 
   240.308287    -23.652153    -18.631704      2.396000 
   240.308299    -23.641443    -18.568851      2.391000 
   240.308310    -23.630743    -18.505999      2.393000 
   240.308322    -23.620054    -18.443144      2.398000 
   240.308333    -23.609379    -18.380287      2.405000 
   240.308345    -23.598713    -18.317429      2.412000 
   240.308356    -23.588057    -18.254568      2.424000 
   240.308368    -23.577412    -18.191706      2.438000 
   240.308391    -23.566778    -18.128841      2.446000 
   240.308403    -23.556156    -18.065975      2.445000 
   240.308414    -23.545544    -18.003107      2.444000 
   241.308368    -26.349718    -19.975756      2.052000 
   241.308380    -26.338758    -19.912945      2.048000 
   241.308391    -26.327810    -19.850134      2.050000 
   241.308414    -26.316874    -19.787320      2.053000 
   241.308426    -26.305950    -19.724504      2.057000 
   241.308438    -26.295038    -19.661688      2.062000 
   241.308449    -26.284138    -19.598867      2.068000 
   241.308461    -26.273250    -19.536045      2.075000 
   241.308472    -26.262375    -19.473220      2.076000 
   241.308484    -26.251510    -19.410397      2.082000 
   241.308495    -26.240658    -19.347569      2.093000 
   241.308507    -26.229816    -19.284739      2.105000 
   241.308519    -26.218988    -19.221907      2.118000 
   241.308542    -26.208172    -19.159073      2.117000 
   241.308553    -26.197365    -19.096237      2.105000 
   241.308565    -26.186571    -19.033400      2.094000 
   241.308576    -26.175789    -18.970560      2.084000 
   241.308588    -26.165016    -18.907720      2.074000 
   241.308600    -26.154259    -18.844875      2.063000 
   241.308611    -26.143509    -18.782030      2.050000 
   241.308623    -26.132772    -18.719185      2.035000 
   241.308634    -26.122046    -18.656336      2.018000 
   241.308646    -26.111332    -18.593485      1.998000 
   241.308669    -26.100628    -18.530632      1.972000 
   241.308681    -26.089935    -18.467777      1.947000 
   241.308692    -26.079254    -18.404920      1.930000 
   241.308704    -26.068584    -18.342062      1.917000 
   241.308715    -26.057924    -18.279202      1.907000 
   241.308727    -26.047276    -18.216340      1.900000 
   241.308738    -26.036638    -18.153477      1.893000 
   241.308750    -26.026012    -18.090610      1.889000 
   241.308762    -26.015396    -18.027742      1.887000 
