    28.960509    -21.994465    -15.475859      1.487000 
    28.960521    -21.975346    -15.427221      1.492000 
    28.960532    -21.956238    -15.378580      1.505000 
    28.960544    -21.937141    -15.329937      1.534000 
    28.960556    -21.918055    -15.281291      1.557000 
    28.960567    -21.898980    -15.232643      1.540000 
    28.960579    -21.879913    -15.183992      1.486000 
    28.960590    -21.860859    -15.135338      1.414000 
    28.960602    -21.841816    -15.086682      1.383000 
    28.960613    -21.822783    -15.038023      1.412000 
    28.960625    -21.803759    -14.989361      1.464000 
    28.960637    -21.784746    -14.940697      1.509000 
    28.960648    -21.765743    -14.892030      1.540000 
    28.960660    -21.746752    -14.843361      1.543000 
    28.960671    -21.727772    -14.794689      1.515000 
    28.960683    -21.708800    -14.746014      1.472000 
    28.960694    -21.689838    -14.697337      1.449000 
    28.960706    -21.670889    -14.648658      1.438000 
    28.960718    -21.651947    -14.599975      1.424000 
    28.960729    -21.633017    -14.551291      1.410000 
    28.960741    -21.614098    -14.502604      1.396000 
    28.960752    -21.595186    -14.453914      1.386000 
    28.960764    -21.576286    -14.405222      1.382000 
    28.960775    -21.557396    -14.356527      1.382000 
    28.960787    -21.538515    -14.307830      1.385000 
    28.960799    -21.519646    -14.259131      1.380000 
    28.960810    -21.500784    -14.210429      1.404000 
    28.960822    -21.481934    -14.161724      1.426000 
    28.960833    -21.463093    -14.113017      1.414000 
    28.960845    -21.444262    -14.064308      1.390000 
    28.960856    -21.425440    -14.015596      1.374000 
    28.960868    -21.406628    -13.966882      1.376000 
    28.960880    -21.387825    -13.918166      1.385000 
    28.960891    -21.369032    -13.869447      1.388000 
    28.960903    -21.350248    -13.820726      1.355000 
    28.960914    -21.331476    -13.772002      1.332000 
    28.960926    -21.312712    -13.723276      1.304000 
    28.960938    -21.293957    -13.674548      1.280000 
    28.960949    -21.275211    -13.625817      1.274000 
    28.960961    -21.256475    -13.577084      1.290000 
    28.960972    -21.237747    -13.528349      1.323000 
    28.960984    -21.219030    -13.479611      1.356000 
    28.960995    -21.200323    -13.430871      1.386000 
    28.961007    -21.181623    -13.382129      1.396000 
    28.961019    -21.162933    -13.333384      1.379000 
    28.961030    -21.144253    -13.284637      1.368000 
    28.961042    -21.125582    -13.235888      1.371000 
    28.961053    -21.106918    -13.187137      1.388000 
    28.961065    -21.088266    -13.138383      1.410000 
    28.961076    -21.069620    -13.089628      1.430000 
    28.961088    -21.050985    -13.040870      1.439000 
    33.456609    -21.466370    -13.010524      2.205000 
    33.456620    -21.447739    -13.059279      2.190000 
    33.456632    -21.429100    -13.108032      2.179000 
    33.456644    -21.410452    -13.156783      2.172000 
    33.456655    -21.391794    -13.205531      2.170000 
    33.456667    -21.373129    -13.254277      2.171000 
    33.456678    -21.354454    -13.303021      2.175000 
    33.456690    -21.335770    -13.351763      2.182000 
    33.456701    -21.317078    -13.400502      2.191000 
    33.456713    -21.298374    -13.449240      2.202000 
    33.456725    -21.279663    -13.497974      2.213000 
    33.456736    -21.260942    -13.546707      2.221000 
    33.456748    -21.242212    -13.595437      2.226000 
    33.456759    -21.223473    -13.644165      2.226000 
    33.456771    -21.204723    -13.692891      2.223000 
    33.456782    -21.185965    -13.741614      2.216000 
    33.456794    -21.167196    -13.790335      2.204000 
    33.456806    -21.148420    -13.839053      2.190000 
    33.456817    -21.129633    -13.887770      2.172000 
    33.456829    -21.110838    -13.936483      2.153000 
    33.456840    -21.092031    -13.985195      2.130000 
    33.456852    -21.073215    -14.033904      2.102000 
    33.456863    -21.054390    -14.082610      2.079000 
    33.456875    -21.035555    -14.131315      2.064000 
    33.456887    -21.016710    -14.180016      2.055000 
    33.456898    -20.997856    -14.228716      2.049000 
    33.456910    -20.978992    -14.277412      2.036000 
    33.456921    -20.960117    -14.326107      2.046000 
    33.456933    -20.941233    -14.374799      2.049000 
    33.456944    -20.922338    -14.423488      2.046000 
    33.456956    -20.903435    -14.472175      2.034000 
    33.456968    -20.884521    -14.520860      2.003000 
    33.456979    -20.865597    -14.569542      1.991000 
    33.456991    -20.846663    -14.618221      1.990000 
    33.457002    -20.827719    -14.666898      1.982000 
    33.457014    -20.808764    -14.715573      1.976000 
    33.457025    -20.789799    -14.764245      1.971000 
    33.457037    -20.770824    -14.812914      1.968000 
    33.457049    -20.751839    -14.861581      1.967000 
    33.457060    -20.732843    -14.910245      1.974000 
    33.457072    -20.713837    -14.958907      1.981000 
    33.457083    -20.694820    -15.007566      1.978000 
    33.457095    -20.675795    -15.056222      1.975000 
    33.457106    -20.656755    -15.104876      1.978000 
    33.457118    -20.637709    -15.153527      1.987000 
    33.457130    -20.618650    -15.202176      1.999000 
    33.457141    -20.599580    -15.250822      2.017000 
    33.457153    -20.580502    -15.299465      1.998000 
    33.457164    -20.561410    -15.348106      1.993000 
    33.457176    -20.542309    -15.396744      1.994000 
    33.457187    -20.523197    -15.445379      1.998000 
    33.457199    -20.504074    -15.494012      2.003000 
    33.457211    -20.484940    -15.542642      2.009000 
    33.457222    -20.465796    -15.591269      2.016000 
    33.457234    -20.446640    -15.639894      2.025000 
    33.457245    -20.427473    -15.688516      2.033000 
    33.457257    -20.408297    -15.737135      2.039000 
    33.457269    -20.389109    -15.785751      2.045000 
    33.457280    -20.369907    -15.834365      2.050000 
    33.457292    -20.350697    -15.882975      2.049000 
    33.457303    -20.331474    -15.931583      2.048000 
    33.457315    -20.312243    -15.980189      2.048000 
    33.457326    -20.292997    -16.028791      2.050000 
    33.457338    -20.273740    -16.077390      2.052000 
    33.457350    -20.254475    -16.125986      2.050000 
    33.457361    -20.235195    -16.174582      2.041000 
    33.457373    -20.215904    -16.223173      2.022000 
    33.457384    -20.196604    -16.271760      2.006000 
    33.457396    -20.177292    -16.320347      1.999000 
    33.457407    -20.157967    -16.368929      1.993000 
    33.457419    -20.138630    -16.417510      1.985000 
    33.457431    -20.119282    -16.466085      1.973000 
    33.457442    -20.099922    -16.514660      1.960000 
    33.457454    -20.080551    -16.563230      1.949000 
    33.457465    -20.061169    -16.611800      1.940000 
    33.457477    -20.041775    -16.660364      1.934000 
    33.457488    -20.022367    -16.708925      1.930000 
    33.457500    -20.002949    -16.757484      1.919000 
    38.876157    -21.986197    -15.452614      1.438000 
    38.876169    -21.967083    -15.403975      1.447000 
    38.876181    -21.947980    -15.355333      1.457000 
    38.876192    -21.928886    -15.306688      1.466000 
    38.876204    -21.909805    -15.258040      1.473000 
    38.876215    -21.890734    -15.209390      1.478000 
    38.876227    -21.871674    -15.160738      1.481000 
    38.876238    -21.852623    -15.112082      1.482000 
    38.876250    -21.833584    -15.063424      1.482000 
    38.876262    -21.814554    -15.014764      1.481000 
    38.876273    -21.795536    -14.966100      1.482000 
    38.876285    -21.776527    -14.917435      1.484000 
    38.876296    -21.757530    -14.868766      1.487000 
    38.876308    -21.738543    -14.820095      1.491000 
    38.876319    -21.719564    -14.771422      1.497000 
    38.876331    -21.700598    -14.722746      1.506000 
    38.876343    -21.681643    -14.674067      1.518000 
    38.876354    -21.662695    -14.625386      1.533000 
    38.876366    -21.643759    -14.576702      1.548000 
    38.876377    -21.624832    -14.528016      1.563000 
    38.876389    -21.605917    -14.479328      1.576000 
    38.876400    -21.587011    -14.430636      1.588000 
    38.876412    -21.568113    -14.381943      1.598000 
    38.876424    -21.549229    -14.333247      1.606000 
    38.876435    -21.530352    -14.284548      1.610000 
    38.876447    -21.511486    -14.235847      1.612000 
    38.876458    -21.492628    -14.187143      1.611000 
    38.876470    -21.473783    -14.138438      1.607000 
    38.876481    -21.454947    -14.089729      1.602000 
    38.876493    -21.436117    -14.041018      1.596000 
    38.876505    -21.417301    -13.992305      1.591000 
    38.876516    -21.398493    -13.943590      1.587000 
    38.876528    -21.379696    -13.894872      1.583000 
    38.876539    -21.360907    -13.846151      1.581000 
    38.876551    -21.342127    -13.797428      1.581000 
    38.876563    -21.323357    -13.748703      1.577000 
    38.876574    -21.304598    -13.699976      1.581000 
    38.876586    -21.285847    -13.651246      1.596000 
    38.876597    -21.267103    -13.602514      1.623000 
    38.876609    -21.248371    -13.553780      1.653000 
    38.876620    -21.229649    -13.505043      1.678000 
    38.876632    -21.210936    -13.456304      1.691000 
    38.876644    -21.192230    -13.407562      1.696000 
    38.876655    -21.173536    -13.358819      1.698000 
    38.876667    -21.154850    -13.310073      1.707000 
    38.876678    -21.136173    -13.261325      1.723000 
    38.876690    -21.117504    -13.212574      1.736000 
    38.876701    -21.098846    -13.163821      1.738000 
    38.876713    -21.080196    -13.115066      1.732000 
    38.876725    -21.061556    -13.066309      1.729000 
    38.876736    -21.042925    -13.017550      1.723000 
    43.372257    -21.457050    -13.036402      1.528000 
    43.372269    -21.438416    -13.085156      1.520000 
    43.372280    -21.419771    -13.133907      1.517000 
    43.372292    -21.401120    -13.182657      1.518000 
    43.372303    -21.382458    -13.231404      1.523000 
    43.372315    -21.363787    -13.280148      1.532000 
    43.372326    -21.345106    -13.328891      1.545000 
    43.372338    -21.326418    -13.377631      1.561000 
    43.372350    -21.307718    -13.426369      1.578000 
    43.372361    -21.289011    -13.475104      1.595000 
    43.372373    -21.270294    -13.523838      1.612000 
    43.372384    -21.251568    -13.572569      1.627000 
    43.372396    -21.232834    -13.621298      1.639000 
    43.372407    -21.214088    -13.670024      1.647000 
    43.372419    -21.195333    -13.718748      1.651000 
    43.372431    -21.176570    -13.767470      1.657000 
    43.372442    -21.157797    -13.816189      1.667000 
    43.372454    -21.139015    -13.864906      1.674000 
    43.372465    -21.120222    -13.913621      1.669000 
    43.372477    -21.101421    -13.962333      1.643000 
    43.372488    -21.082610    -14.011043      1.605000 
    43.372500    -21.063790    -14.059750      1.574000 
    43.372512    -21.044958    -14.108455      1.580000 
    43.372523    -21.026117    -14.157158      1.593000 
    43.372535    -21.007269    -14.205858      1.600000 
    43.372546    -20.988407    -14.254555      1.581000 
    43.372558    -20.969538    -14.303251      1.584000 
    43.372569    -20.950659    -14.351944      1.587000 
    43.372581    -20.931768    -14.400634      1.589000 
    43.372593    -20.912868    -14.449322      1.588000 
    43.372604    -20.893960    -14.498007      1.583000 
    43.372616    -20.875040    -14.546690      1.574000 
    43.372627    -20.856110    -14.595370      1.573000 
    43.372639    -20.837170    -14.644048      1.574000 
    43.372650    -20.818220    -14.692724      1.576000 
    43.372662    -20.799260    -14.741396      1.582000 
    43.372674    -20.780290    -14.790067      1.589000 
    43.372685    -20.761309    -14.838734      1.597000 
    43.372697    -20.742317    -14.887400      1.606000 
    43.372708    -20.723316    -14.936062      1.614000 
    43.372720    -20.704306    -14.984722      1.621000 
    43.372731    -20.685282    -15.033379      1.626000 
    43.372743    -20.666250    -15.082034      1.631000 
    43.372755    -20.647205    -15.130686      1.634000 
    43.372766    -20.628153    -15.179336      1.636000 
    43.372778    -20.609089    -15.227983      1.642000 
    43.372789    -20.590014    -15.276627      1.645000 
    43.372801    -20.570927    -15.325269      1.640000 
    43.372812    -20.551830    -15.373908      1.632000 
    43.372824    -20.532724    -15.422544      1.629000 
    43.372836    -20.513605    -15.471178      1.630000 
    43.372847    -20.494476    -15.519808      1.632000 
    43.372859    -20.475336    -15.568437      1.636000 
    43.372870    -20.456186    -15.617062      1.640000 
    43.372882    -20.437025    -15.665685      1.642000 
    43.372894    -20.417852    -15.714305      1.645000 
    43.372905    -20.398668    -15.762922      1.649000 
    43.372917    -20.379475    -15.811537      1.653000 
    43.372928    -20.360268    -15.860149      1.658000 
    43.372940    -20.341051    -15.908758      1.663000 
    43.372951    -20.321821    -15.957364      1.669000 
    43.372963    -20.302584    -16.005966      1.676000 
    43.372975    -20.283333    -16.054567      1.683000 
    43.372986    -20.264070    -16.103167      1.691000 
    43.372998    -20.244797    -16.151760      1.700000 
    43.373009    -20.225512    -16.200354      1.710000 
    43.373021    -20.206215    -16.248943      1.721000 
    43.373032    -20.186907    -16.297530      1.732000 
    43.373044    -20.167587    -16.346113      1.745000 
    43.373056    -20.148256    -16.394693      1.757000 
    43.373067    -20.128916    -16.443272      1.769000 
    43.373079    -20.109560    -16.491846      1.779000 
    43.373090    -20.090195    -16.540419      1.787000 
    43.373102    -20.070818    -16.588987      1.792000 
    43.373113    -20.051428    -16.637554      1.814000 
    43.373125    -20.032026    -16.686117      1.843000 
    43.373137    -20.012613    -16.734678      1.848000 
    48.791794    -21.993114    -15.466434      2.047000 
    48.791806    -21.973997    -15.417795      2.041000 
    48.791817    -21.954890    -15.369154      2.030000 
    48.791829    -21.935795    -15.320509      2.017000 
    48.791840    -21.916710    -15.271862      2.009000 
    48.791852    -21.897635    -15.223213      2.013000 
    48.791863    -21.878570    -15.174560      2.027000 
    48.791875    -21.859516    -15.125905      2.052000 
    48.791887    -21.840473    -15.077248      2.079000 
    48.791898    -21.821442    -15.028588      2.099000 
    48.791910    -21.802420    -14.979925      2.108000 
    48.791921    -21.783410    -14.931260      2.109000 
    48.791933    -21.764408    -14.882592      2.104000 
    48.791944    -21.745419    -14.833921      2.092000 
    48.791956    -21.726437    -14.785248      2.081000 
    48.791968    -21.707466    -14.736572      2.069000 
    48.791979    -21.688507    -14.687894      2.058000 
    48.791991    -21.669558    -14.639213      2.050000 
    48.792002    -21.650620    -14.590530      2.054000 
    48.792014    -21.631690    -14.541844      2.069000 
    48.792025    -21.612770    -14.493156      2.086000 
    48.792037    -21.593860    -14.444465      2.102000 
    48.792049    -21.574963    -14.395772      2.114000 
    48.792060    -21.556072    -14.347076      2.137000 
    48.792072    -21.537193    -14.298378      2.152000 
    48.792083    -21.518324    -14.249678      2.166000 
    48.792095    -21.499466    -14.200974      2.178000 
    48.792106    -21.480616    -14.152269      2.186000 
    48.792118    -21.461775    -14.103561      2.192000 
    48.792130    -21.442945    -14.054851      2.196000 
    48.792141    -21.424124    -14.006138      2.200000 
    48.792153    -21.405313    -13.957422      2.201000 
    48.792164    -21.386513    -13.908705      2.201000 
    48.792176    -21.367720    -13.859985      2.199000 
    48.792188    -21.348938    -13.811262      2.196000 
    48.792199    -21.330166    -13.762538      2.191000 
    48.792211    -21.311403    -13.713811      2.186000 
    48.792222    -21.292648    -13.665081      2.180000 
    48.792234    -21.273905    -13.616349      2.173000 
    48.792245    -21.255169    -13.567615      2.166000 
    48.792257    -21.236444    -13.518879      2.159000 
    48.792269    -21.217728    -13.470140      2.152000 
    48.792280    -21.199020    -13.421399      2.145000 
    48.792292    -21.180323    -13.372656      2.138000 
    48.792303    -21.161633    -13.323910      2.132000 
    48.792315    -21.142954    -13.275162      2.125000 
    48.792326    -21.124283    -13.226412      2.118000 
    48.792338    -21.105621    -13.177660      2.116000 
    48.792350    -21.086970    -13.128905      2.120000 
    48.792361    -21.068325    -13.080148      2.129000 
    48.792373    -21.049690    -13.031389      2.132000 
    53.287894    -21.461668    -13.025074      1.946000 
    53.287905    -21.443037    -13.073829      1.946000 
    53.287917    -21.424397    -13.122581      1.946000 
    53.287928    -21.405746    -13.171331      1.948000 
    53.287940    -21.387089    -13.220079      1.951000 
    53.287951    -21.368420    -13.268825      1.954000 
    53.287963    -21.349745    -13.317568      1.957000 
    53.287975    -21.331059    -13.366309      1.959000 
    53.287986    -21.312363    -13.415048      1.961000 
    53.287998    -21.293660    -13.463784      1.962000 
    53.288009    -21.274946    -13.512519      1.963000 
    53.288021    -21.256224    -13.561250      1.962000 
    53.288032    -21.237492    -13.609980      1.961000 
    53.288044    -21.218750    -13.658707      1.958000 
    53.288056    -21.199999    -13.707432      1.956000 
    53.288067    -21.181238    -13.756155      1.953000 
    53.288079    -21.162470    -13.804875      1.950000 
    53.288090    -21.143690    -13.853593      1.946000 
    53.288102    -21.124903    -13.902309      1.946000 
    53.288113    -21.106104    -13.951022      1.945000 
    53.288125    -21.087296    -13.999732      1.943000 
    53.288137    -21.068480    -14.048441      1.940000 
    53.288148    -21.049652    -14.097147      1.936000 
    53.288160    -21.030815    -14.145850      1.932000 
    53.288171    -21.011969    -14.194551      1.929000 
    53.288183    -20.993113    -14.243250      1.927000 
    53.288194    -20.974245    -14.291946      1.929000 
    53.288206    -20.955370    -14.340640      1.940000 
    53.288218    -20.936483    -14.389331      1.938000 
    53.288229    -20.917587    -14.438020      1.933000 
    53.288241    -20.898682    -14.486706      1.933000 
    53.288252    -20.879766    -14.535390      1.933000 
    53.288264    -20.860840    -14.584072      1.932000 
    53.288275    -20.841904    -14.632750      1.928000 
    53.288287    -20.822956    -14.681427      1.924000 
    53.288299    -20.804000    -14.730101      1.919000 
    53.288310    -20.785034    -14.778772      1.915000 
    53.288322    -20.766056    -14.827440      1.913000 
    53.288333    -20.747068    -14.876107      1.911000 
    53.288345    -20.728071    -14.924770      1.911000 
    53.288356    -20.709064    -14.973431      1.912000 
    53.288368    -20.690044    -15.022089      1.914000 
    53.288380    -20.671017    -15.070745      1.917000 
    53.288391    -20.651976    -15.119398      1.922000 
    53.288403    -20.632927    -15.168049      1.928000 
    53.288414    -20.613867    -15.216697      1.929000 
    53.288426    -20.594793    -15.265342      1.941000 
    53.288438    -20.575712    -15.313985      1.960000 
    53.288449    -20.556620    -15.362625      1.973000 
    53.288461    -20.537516    -15.411262      1.976000 
    53.288472    -20.518402    -15.459897      1.980000 
    53.288484    -20.499277    -15.508528      1.984000 
    53.288495    -20.480140    -15.557158      1.994000 
    53.288507    -20.460995    -15.605784      2.006000 
    53.288519    -20.441837    -15.654408      2.018000 
    53.288530    -20.422668    -15.703029      2.028000 
    53.288542    -20.403488    -15.751647      2.035000 
    53.288553    -20.384296    -15.800263      2.037000 
    53.288565    -20.365095    -15.848876      2.033000 
    53.288576    -20.345882    -15.897486      2.020000 
    53.288588    -20.326658    -15.946093      2.014000 
    53.288600    -20.307423    -15.994698      2.015000 
    53.288611    -20.288176    -16.043299      2.021000 
    53.288623    -20.268917    -16.091898      2.031000 
    53.288634    -20.249647    -16.140493      2.038000 
    53.288646    -20.230368    -16.189089      2.041000 
    53.288657    -20.211075    -16.237679      2.037000 
    53.288669    -20.191770    -16.286266      2.028000 
    53.288681    -20.172455    -16.334850      2.015000 
    53.288692    -20.153128    -16.383432      1.997000 
    53.288704    -20.133790    -16.432010      1.980000 
    53.288715    -20.114439    -16.480587      1.967000 
    53.288727    -20.095078    -16.529160      1.960000 
    53.288738    -20.075705    -16.577730      1.957000 
    53.288750    -20.056318    -16.626299      1.968000 
    53.288762    -20.036920    -16.674864      1.978000 
    53.288773    -20.017511    -16.723425      1.988000 
    58.707431    -21.995802    -15.474013      1.711000 
    58.707442    -21.976683    -15.425374      1.709000 
    58.707454    -21.957575    -15.376732      1.706000 
    58.707465    -21.938478    -15.328087      1.700000 
    58.707477    -21.919392    -15.279440      1.693000 
    58.707488    -21.900316    -15.230790      1.687000 
    58.707500    -21.881252    -15.182138      1.683000 
    58.707512    -21.862198    -15.133482      1.682000 
    58.707523    -21.843155    -15.084824      1.682000 
    58.707535    -21.824121    -15.036164      1.685000 
    58.707546    -21.805100    -14.987501      1.689000 
    58.707558    -21.786087    -14.938835      1.695000 
    58.707569    -21.767086    -14.890167      1.705000 
    58.707581    -21.748095    -14.841496      1.718000 
    58.707593    -21.729113    -14.792823      1.728000 
    58.707604    -21.710142    -14.744147      1.733000 
    58.707616    -21.691181    -14.695468      1.732000 
    58.707627    -21.672232    -14.646787      1.726000 
    58.707639    -21.653292    -14.598104      1.710000 
    58.707650    -21.634361    -14.549418      1.701000 
    58.707662    -21.615442    -14.500729      1.710000 
    58.707674    -21.596533    -14.452038      1.746000 
    58.707685    -21.577633    -14.403344      1.807000 
    58.707697    -21.558743    -14.354648      1.862000 
    58.707708    -21.539864    -14.305950      1.896000 
    58.707720    -21.520992    -14.257249      1.893000 
    58.707731    -21.502132    -14.208545      1.853000 
    58.707743    -21.483282    -14.159839      1.801000 
    58.707755    -21.464441    -14.111131      1.767000 
    58.707766    -21.445610    -14.062420      1.773000 
    58.707778    -21.426790    -14.013707      1.819000 
    58.707789    -21.407978    -13.964992      1.869000 
    58.707801    -21.389177    -13.916274      1.896000 
    58.707812    -21.370384    -13.867553      1.911000 
    58.707824    -21.351603    -13.818831      1.909000 
    58.707836    -21.332829    -13.770105      1.892000 
    58.707847    -21.314066    -13.721378      1.873000 
    58.707859    -21.295311    -13.672648      1.852000 
    58.707870    -21.276566    -13.623916      1.829000 
    58.707882    -21.257830    -13.575182      1.805000 
    58.707894    -21.239103    -13.526445      1.785000 
    58.707905    -21.220387    -13.477706      1.768000 
    58.707917    -21.201680    -13.428964      1.762000 
    58.707928    -21.182981    -13.380221      1.767000 
    58.707940    -21.164291    -13.331475      1.787000 
    58.707951    -21.145610    -13.282726      1.813000 
    58.707963    -21.126940    -13.233976      1.839000 
    58.707975    -21.108278    -13.185223      1.868000 
    58.707986    -21.089624    -13.136468      1.897000 
    58.707998    -21.070980    -13.087711      1.918000 
    58.708009    -21.052345    -13.038952      1.933000 
   211.938194    -21.466360    -13.007319      1.866000 
   211.938206    -21.447730    -13.056077      1.879000 
   211.938218    -21.429090    -13.104833      1.887000 
   211.938229    -21.410442    -13.153587      1.886000 
   211.938241    -21.391787    -13.202338      1.901000 
   211.938252    -21.373120    -13.251087      1.922000 
   211.938264    -21.354445    -13.299834      1.917000 
   211.938275    -21.335760    -13.348579      1.881000 
   211.938287    -21.317066    -13.397321      1.827000 
   211.938299    -21.298365    -13.446061      1.797000 
   211.938310    -21.279652    -13.494799      1.797000 
   211.938322    -21.260931    -13.543535      1.821000 
   211.938333    -21.242200    -13.592268      1.842000 
   211.938345    -21.223461    -13.640999      1.872000 
   211.938356    -21.204712    -13.689727      1.910000 
   211.938368    -21.185953    -13.738454      1.943000 
   211.938380    -21.167185    -13.787177      1.984000 
   211.938391    -21.148409    -13.835899      1.981000 
   211.938403    -21.129622    -13.884618      1.996000 
   211.938414    -21.110825    -13.933335      2.003000 
   211.938426    -21.092018    -13.982049      1.999000 
   211.938438    -21.073202    -14.030761      1.977000 
   211.938449    -21.054377    -14.079471      1.934000 
   211.938461    -21.035542    -14.128178      1.892000 
   211.938472    -21.016697    -14.176883      1.913000 
   211.938484    -20.997843    -14.225585      1.961000 
   211.938495    -20.978977    -14.274285      1.991000 
   211.938507    -20.960104    -14.322982      1.961000 
   211.938519    -20.941220    -14.371677      1.893000 
   211.938530    -20.922325    -14.420369      1.848000 
   211.938542    -20.903421    -14.469059      1.821000 
   211.938553    -20.884506    -14.517747      1.909000 
   211.938565    -20.865582    -14.566432      1.983000 
   211.938576    -20.846647    -14.615114      2.091000 
   211.938588    -20.827703    -14.663794      2.143000 
   211.938600    -20.808748    -14.712472      2.120000 
   211.938611    -20.789783    -14.761146      2.038000 
   211.938623    -20.770810    -14.809819      1.965000 
   211.938634    -20.751823    -14.858488      1.929000 
   211.938646    -20.732826    -14.907156      1.917000 
   211.938657    -20.713821    -14.955820      1.922000 
   211.938669    -20.694805    -15.004482      1.952000 
   211.938681    -20.675777    -15.053142      1.993000 
   211.938692    -20.656740    -15.101798      2.016000 
   211.938704    -20.637691    -15.150453      2.029000 
   211.938715    -20.618633    -15.199104      2.025000 
   211.938727    -20.599564    -15.247753      2.006000 
   211.938738    -20.580484    -15.296399      1.999000 
   211.938750    -20.561394    -15.345043      1.998000 
   211.938762    -20.542292    -15.393684      2.003000 
   211.938773    -20.523180    -15.442322      2.012000 
   211.938785    -20.504057    -15.490958      2.006000 
   211.938796    -20.484922    -15.539591      1.986000 
   211.938808    -20.465778    -15.588221      1.960000 
   211.938819    -20.446623    -15.636848      1.943000 
   211.938831    -20.427456    -15.685473      1.937000 
   211.938843    -20.408278    -15.734095      1.939000 
   211.938854    -20.389090    -15.782714      1.957000 
   211.938866    -20.369890    -15.831331      1.992000 
   211.938877    -20.350680    -15.879945      2.059000 
   211.938889    -20.331457    -15.928556      2.107000 
   211.938900    -20.312223    -15.977164      2.094000 
   211.938912    -20.292978    -16.025768      2.031000 
   211.938924    -20.273724    -16.074371      1.992000 
   211.938935    -20.254456    -16.122972      1.993000 
   211.938947    -20.235176    -16.171568      2.008000 
   211.938958    -20.215885    -16.220163      2.012000 
   211.938970    -20.196585    -16.268753      1.988000 
   211.938981    -20.177273    -16.317343      1.964000 
   211.938993    -20.157948    -16.365929      1.951000 
   211.939005    -20.138610    -16.414510      1.947000 
   211.939016    -20.119263    -16.463090      1.946000 
   211.939028    -20.099903    -16.511667      1.948000 
   211.939039    -20.080532    -16.560242      1.943000 
   211.939051    -20.061150    -16.608812      1.938000 
   211.939063    -20.041754    -16.657380      1.929000 
   211.939074    -20.022348    -16.705944      1.921000 
   211.939086    -20.002930    -16.754507      1.896000 
   217.357743    -21.988918    -15.462033      3.099000 
   217.357755    -21.969805    -15.413397      3.097000 
   217.357766    -21.950700    -15.364759      3.092000 
   217.357778    -21.931606    -15.316117      3.087000 
   217.357789    -21.912523    -15.267474      3.092000 
   217.357801    -21.893452    -15.218827      3.113000 
   217.357812    -21.874392    -15.170178      3.155000 
   217.357824    -21.855340    -15.121527      3.213000 
   217.357836    -21.836300    -15.072872      3.248000 
   217.357847    -21.817270    -15.024215      3.267000 
   217.357859    -21.798252    -14.975556      3.264000 
   217.357870    -21.779243    -14.926894      3.252000 
   217.357882    -21.760244    -14.878229      3.255000 
   217.357894    -21.741257    -14.829562      3.266000 
   217.357905    -21.722279    -14.780892      3.285000 
   217.357917    -21.703312    -14.732220      3.311000 
   217.357928    -21.684355    -14.683545      3.338000 
   217.357940    -21.665407    -14.634867      3.354000 
   217.357951    -21.646471    -14.586187      3.362000 
   217.357963    -21.627544    -14.537505      3.363000 
   217.357975    -21.608627    -14.488820      3.360000 
   217.357986    -21.589722    -14.440132      3.368000 
   217.357998    -21.570826    -14.391442      3.379000 
   217.358009    -21.551937    -14.342750      3.386000 
   217.358021    -21.533062    -14.294055      3.401000 
   217.358032    -21.514194    -14.245358      3.414000 
   217.358044    -21.495338    -14.196658      3.414000 
   217.358056    -21.476492    -14.147955      3.397000 
   217.358067    -21.457653    -14.099251      3.364000 
   217.358079    -21.438826    -14.050544      3.317000 
   217.358090    -21.420008    -14.001834      3.252000 
   217.358102    -21.401200    -13.953122      3.200000 
   217.358113    -21.382400    -13.904408      3.173000 
   217.358125    -21.363611    -13.855691      3.138000 
   217.358137    -21.344831    -13.806972      3.196000 
   217.358148    -21.326061    -13.758251      3.272000 
   217.358160    -21.307300    -13.709527      3.288000 
   217.358171    -21.288550    -13.660801      3.230000 
   217.358183    -21.269808    -13.612072      3.092000 
   217.358194    -21.251076    -13.563341      3.052000 
   217.358206    -21.232353    -13.514608      3.139000 
   217.358218    -21.213638    -13.465873      3.134000 
   217.358229    -21.194935    -13.417135      3.125000 
   217.358241    -21.176239    -13.368395      3.119000 
   217.358252    -21.157553    -13.319653      3.115000 
   217.358264    -21.138874    -13.270908      3.114000 
   217.358275    -21.120207    -13.222161      3.117000 
   217.358287    -21.101547    -13.173412      3.122000 
   217.358299    -21.082897    -13.124661      3.128000 
   217.358310    -21.064257    -13.075907      3.133000 
   217.358322    -21.045624    -13.027152      3.138000 
   221.853843    -21.461313    -13.024428      1.825000 
   221.853854    -21.442678    -13.073186      1.825000 
   221.853866    -21.424036    -13.121941      1.813000 
   221.853877    -21.405384    -13.170694      1.813000 
   221.853889    -21.386723    -13.219445      1.824000 
   221.853900    -21.368053    -13.268193      1.840000 
   221.853912    -21.349375    -13.316939      1.855000 
   221.853924    -21.330687    -13.365683      1.868000 
   221.853935    -21.311989    -13.414425      1.882000 
   221.853947    -21.293282    -13.463164      1.896000 
   221.853958    -21.274567    -13.511901      1.908000 
   221.853970    -21.255842    -13.560636      1.919000 
   221.853981    -21.237106    -13.609369      1.927000 
   221.853993    -21.218365    -13.658099      1.932000 
   221.854005    -21.199612    -13.706827      1.935000 
   221.854016    -21.180847    -13.755552      1.935000 
   221.854028    -21.162077    -13.804275      1.932000 
   221.854039    -21.143295    -13.852996      1.927000 
   221.854051    -21.124504    -13.901714      1.918000 
   221.854062    -21.105703    -13.950430      1.909000 
   221.854074    -21.086893    -13.999144      1.898000 
   221.854086    -21.068073    -14.047855      1.890000 
   221.854097    -21.049244    -14.096564      1.880000 
   221.854109    -21.030405    -14.145270      1.873000 
   221.854120    -21.011557    -14.193974      1.869000 
   221.854132    -20.992697    -14.242675      1.869000 
   221.854144    -20.973827    -14.291374      1.874000 
   221.854155    -20.954950    -14.340071      1.881000 
   221.854167    -20.936062    -14.388765      1.890000 
   221.854178    -20.917164    -14.437457      1.898000 
   221.854190    -20.898254    -14.486146      1.903000 
   221.854201    -20.879335    -14.534832      1.905000 
   221.854213    -20.860409    -14.583517      1.912000 
   221.854225    -20.841469    -14.632198      1.924000 
   221.854236    -20.822521    -14.680877      1.938000 
   221.854248    -20.803562    -14.729554      1.947000 
   221.854259    -20.784592    -14.778228      1.954000 
   221.854271    -20.765614    -14.826899      1.957000 
   221.854282    -20.746622    -14.875568      1.959000 
   221.854294    -20.727623    -14.924234      1.961000 
   221.854306    -20.708612    -14.972898      1.961000 
   221.854317    -20.689592    -15.021559      1.955000 
   221.854329    -20.670560    -15.070218      1.945000 
   221.854340    -20.651518    -15.118874      1.933000 
   221.854352    -20.632465    -15.167527      1.922000 
   221.854363    -20.613403    -15.216178      1.916000 
   221.854375    -20.594330    -15.264826      1.920000 
   221.854387    -20.575245    -15.313471      1.931000 
   221.854398    -20.556150    -15.362114      1.921000 
   221.854410    -20.537045    -15.410754      1.893000 
   221.854421    -20.517927    -15.459391      1.863000 
   221.854433    -20.498800    -15.508026      1.850000 
   221.854444    -20.479662    -15.556658      1.860000 
   221.854456    -20.460512    -15.605287      1.880000 
   221.854468    -20.441353    -15.653914      1.889000 
   221.854479    -20.422180    -15.702538      1.891000 
   221.854491    -20.403000    -15.751159      1.890000 
   221.854502    -20.383804    -15.799777      1.887000 
   221.854514    -20.364601    -15.848393      1.881000 
   221.854525    -20.345385    -15.897006      1.868000 
   221.854537    -20.326159    -15.945616      1.839000 
   221.854549    -20.306921    -15.994223      1.821000 
   221.854560    -20.287670    -16.042828      1.820000 
   221.854572    -20.268412    -16.091429      1.837000 
   221.854583    -20.249140    -16.140028      1.865000 
   221.854595    -20.229856    -16.188623      1.891000 
   221.854606    -20.210562    -16.237217      1.910000 
   221.854618    -20.191254    -16.285807      1.918000 
   221.854630    -20.171938    -16.334394      1.921000 
   221.854641    -20.152607    -16.382978      1.922000 
   221.854653    -20.133266    -16.431560      1.923000 
   221.854664    -20.113914    -16.480139      1.920000 
   221.854676    -20.094550    -16.528715      1.916000 
   221.854688    -20.075172    -16.577288      1.910000 
   221.854699    -20.055786    -16.625858      1.904000 
   221.854711    -20.036386    -16.674425      1.907000 
   221.854722    -20.016973    -16.722990      1.905000 
   227.273391    -21.982400    -15.440250      1.371000 
   227.273403    -21.963291    -15.391613      1.385000 
   227.273414    -21.944193    -15.342973      1.400000 
   227.273426    -21.925104    -15.294331      1.411000 
   227.273438    -21.906029    -15.245686      1.418000 
   227.273449    -21.886963    -15.197039      1.422000 
   227.273461    -21.867907    -15.148389      1.419000 
   227.273472    -21.848862    -15.099736      1.411000 
   227.273484    -21.829826    -15.051081      1.409000 
   227.273495    -21.810802    -15.002422      1.414000 
   227.273507    -21.791788    -14.953762      1.423000 
   227.273519    -21.772785    -14.905099      1.433000 
   227.273530    -21.753794    -14.856433      1.446000 
   227.273542    -21.734812    -14.807765      1.461000 
   227.273553    -21.715837    -14.759094      1.471000 
   227.273565    -21.696877    -14.710420      1.473000 
   227.273576    -21.677925    -14.661744      1.464000 
   227.273588    -21.658983    -14.613066      1.454000 
   227.273600    -21.640053    -14.564385      1.452000 
   227.273611    -21.621132    -14.515701      1.456000 
   227.273623    -21.602219    -14.467015      1.464000 
   227.273634    -21.583319    -14.418326      1.492000 
   227.273646    -21.564426    -14.369635      1.537000 
   227.273657    -21.545546    -14.320942      1.574000 
   227.273669    -21.526674    -14.272246      1.601000 
   227.273681    -21.507812    -14.223548      1.528000 
   227.273692    -21.488960    -14.174847      1.461000 
   227.273704    -21.470120    -14.126143      1.426000 
   227.273715    -21.451286    -14.077438      1.412000 
   227.273727    -21.432465    -14.028730      1.405000 
   227.273738    -21.413652    -13.980019      1.404000 
   227.273750    -21.394850    -13.931306      1.424000 
   227.273762    -21.376055    -13.882591      1.455000 
   227.273773    -21.357271    -13.833873      1.492000 
   227.273785    -21.338497    -13.785153      1.519000 
   227.273796    -21.319733    -13.736430      1.534000 
   227.273808    -21.300976    -13.687706      1.539000 
   227.273819    -21.282230    -13.638979      1.532000 
   227.273831    -21.263493    -13.590249      1.514000 
   227.273843    -21.244766    -13.541517      1.502000 
   227.273854    -21.226048    -13.492783      1.489000 
   227.273866    -21.207338    -13.444047      1.477000 
   227.273877    -21.188639    -13.395308      1.463000 
   227.273889    -21.169949    -13.346567      1.455000 
   227.273900    -21.151266    -13.297824      1.453000 
   227.273912    -21.132595    -13.249078      1.455000 
   227.273924    -21.113932    -13.200331      1.462000 
   227.273935    -21.095278    -13.151581      1.471000 
   227.273947    -21.076632    -13.102828      1.481000 
   227.273958    -21.057995    -13.054074      1.488000 
   227.273970    -21.039368    -13.005317      1.492000 
   231.769491    -21.454483    -13.046575      1.825000 
   231.769502    -21.435846    -13.095332      1.818000 
   231.769514    -21.417200    -13.144087      1.802000 
   231.769525    -21.398544    -13.192840      1.783000 
   231.769537    -21.379880    -13.241591      1.772000 
   231.769549    -21.361206    -13.290339      1.766000 
   231.769560    -21.342525    -13.339085      1.772000 
   231.769572    -21.323833    -13.387829      1.793000 
   231.769583    -21.305134    -13.436570      1.819000 
   231.769595    -21.286425    -13.485309      1.829000 
   231.769606    -21.267706    -13.534046      1.820000 
   231.769618    -21.248976    -13.582781      1.806000 
   231.769630    -21.230240    -13.631513      1.796000 
   231.769641    -21.211493    -13.680243      1.793000 
   231.769653    -21.192736    -13.728971      1.798000 
   231.769664    -21.173970    -13.777696      1.807000 
   231.769676    -21.155195    -13.826419      1.812000 
   231.769687    -21.136410    -13.875139      1.816000 
   231.769699    -21.117615    -13.923857      1.820000 
   231.769711    -21.098812    -13.972573      1.825000 
   231.769722    -21.079998    -14.021286      1.829000 
   231.769734    -21.061174    -14.069997      1.832000 
   231.769745    -21.042341    -14.118706      1.835000 
   231.769757    -21.023499    -14.167412      1.835000 
   231.769769    -21.004646    -14.216115      1.834000 
   231.769780    -20.985785    -14.264817      1.831000 
   231.769792    -20.966913    -14.313515      1.826000 
   231.769803    -20.948030    -14.362212      1.820000 
   231.769815    -20.929138    -14.410905      1.813000 
   231.769826    -20.910236    -14.459597      1.805000 
   231.769838    -20.891325    -14.508286      1.799000 
   231.769850    -20.872402    -14.556972      1.793000 
   231.769861    -20.853472    -14.605656      1.791000 
   231.769873    -20.834528    -14.654337      1.791000 
   231.769884    -20.815577    -14.703016      1.783000 
   231.769896    -20.796614    -14.751692      1.775000 
   231.769907    -20.777641    -14.800366      1.773000 
   231.769919    -20.758657    -14.849037      1.777000 
   231.769931    -20.739664    -14.897705      1.785000 
   231.769942    -20.720660    -14.946371      1.794000 
   231.769954    -20.701647    -14.995035      1.804000 
   231.769965    -20.682621    -15.043696      1.811000 
   231.769977    -20.663586    -15.092354      1.815000 
   231.769988    -20.644540    -15.141009      1.817000 
   231.770000    -20.625484    -15.189662      1.821000 
   231.770012    -20.606417    -15.238313      1.829000 
   231.770023    -20.587340    -15.286960      1.838000 
   231.770035    -20.568250    -15.335605      1.847000 
   231.770046    -20.549152    -15.384248      1.856000 
   231.770058    -20.530043    -15.432887      1.865000 
   231.770069    -20.510921    -15.481524      1.873000 
   231.770081    -20.491790    -15.530159      1.881000 
   231.770093    -20.472649    -15.578790      1.888000 
   231.770104    -20.453495    -15.627419      1.895000 
   231.770116    -20.434332    -15.676045      1.900000 
   231.770127    -20.415155    -15.724669      1.905000 
   231.770139    -20.395970    -15.773289      1.912000 
   231.770150    -20.376772    -15.821907      1.924000 
   231.770162    -20.357565    -15.870522      1.935000 
   231.770174    -20.338345    -15.919135      1.928000 
   231.770185    -20.319113    -15.967744      1.904000 
   231.770197    -20.299871    -16.016352      1.885000 
   231.770208    -20.280619    -16.064955      1.889000 
   231.770289    -20.145523    -16.405104      1.993000 
   231.770301    -20.126179    -16.453686      2.011000 
   231.770312    -20.106821    -16.502262      2.018000 
   231.770324    -20.087454    -16.550838      1.977000 
   231.770347    -20.048681    -16.647982      1.898000 
   231.770359    -20.029278    -16.696548      1.830000 
   231.770370    -20.009861    -16.745111      1.810000 
   237.189028    -21.993544    -15.466290      2.809000 
   237.189039    -21.974430    -15.417654      2.795000 
   237.189051    -21.955328    -15.369016      2.766000 
   237.189063    -21.936235    -15.320375      2.729000 
   237.189097    -21.879025    -15.174436      2.617000 
   237.189109    -21.859976    -15.125784      2.707000 
   237.189120    -21.840937    -15.077130      2.765000 
   237.189132    -21.821909    -15.028473      2.701000 
   237.189144    -21.802890    -14.979814      2.565000 
   237.189155    -21.783882    -14.931152      2.438000 
   237.189167    -21.764887    -14.882487      2.348000 
   237.189178    -21.745900    -14.833820      2.340000 
   237.189190    -21.726923    -14.785150      2.424000 
   237.189201    -21.707956    -14.736478      2.467000 
   237.189213    -21.689001    -14.687803      2.467000 
   237.189225    -21.670055    -14.639126      2.439000 
   237.189236    -21.651120    -14.590446      2.434000 
   237.189248    -21.632195    -14.541763      2.442000 
   237.189259    -21.613280    -14.493078      2.455000 
   237.189271    -21.594374    -14.444391      2.459000 
   237.189282    -21.575480    -14.395701      2.453000 
   237.189294    -21.556595    -14.347009      2.445000 
   237.189306    -21.537720    -14.298314      2.455000 
   237.189317    -21.518852    -14.249617      2.481000 
   237.189329    -21.499998    -14.200917      2.508000 
   237.189340    -21.481152    -14.152214      2.526000 
   237.189352    -21.462317    -14.103510      2.526000 
   237.189363    -21.443490    -14.054803      2.506000 
   237.189375    -21.424673    -14.006093      2.492000 
   237.189387    -21.405867    -13.957381      2.495000 
   237.189398    -21.387070    -13.908667      2.511000 
   237.189410    -21.368280    -13.859950      2.532000 
   237.189421    -21.349503    -13.811231      2.555000 
   237.189433    -21.330734    -13.762510      2.585000 
   237.189444    -21.311975    -13.713786      2.610000 
   237.189456    -21.293224    -13.665060      2.631000 
   237.189468    -21.274485    -13.616332      2.649000 
   237.189479    -21.255754    -13.567601      2.652000 
   237.189491    -21.237032    -13.518868      2.630000 
   237.189502    -21.218319    -13.470133      2.587000 
   237.189514    -21.199615    -13.421395      2.549000 
   237.189525    -21.180922    -13.372655      2.572000 
   237.189537    -21.162237    -13.323913      2.619000 
   237.189549    -21.143560    -13.275168      2.663000 
   237.189560    -21.124893    -13.226421      2.705000 
   237.189572    -21.106237    -13.177672      2.745000 
   237.189583    -21.087587    -13.128921      2.782000 
   237.189595    -21.068949    -13.080168      2.815000 
   237.189606    -21.050318    -13.031412      2.837000 
   241.685127    -21.465496    -13.018524      2.023000 
   241.685139    -21.446867    -13.067284      2.018000 
   241.685150    -21.428228    -13.116041      2.014000 
   241.685162    -21.409580    -13.164797      2.012000 
   241.685174    -21.390923    -13.213550      2.011000 
   241.685185    -21.372257    -13.262301      2.011000 
   241.685197    -21.353582    -13.311049      2.009000 
   241.685208    -21.334896    -13.359796      2.010000 
   241.685220    -21.316204    -13.408540      2.003000 
   241.685231    -21.297500    -13.457282      1.989000 
   241.685243    -21.278790    -13.506021      1.973000 
   241.685255    -21.260069    -13.554758      1.958000 
   241.685266    -21.241339    -13.603493      1.957000 
   241.685278    -21.222599    -13.652226      1.965000 
   241.685289    -21.203850    -13.700956      1.970000 
   241.685301    -21.185091    -13.749684      1.962000 
   241.685312    -21.166323    -13.798409      1.938000 
   241.685324    -21.147547    -13.847133      1.909000 
   241.685336    -21.128760    -13.895853      1.893000 
   241.685347    -21.109962    -13.944572      1.904000 
   241.685359    -21.091156    -13.993288      1.910000 
   241.685370    -21.072340    -14.042001      1.913000 
   241.685382    -21.053514    -14.090713      1.911000 
   241.685394    -21.034680    -14.139421      1.908000 
   241.685405    -21.015835    -14.188128      1.911000 
   241.685417    -20.996980    -14.236832      1.918000 
   241.685428    -20.978115    -14.285533      1.931000 
   241.685440    -20.959242    -14.334232      1.945000 
   241.685451    -20.940357    -14.382929      1.951000 
   241.685463    -20.921461    -14.431623      1.954000 
   241.685475    -20.902557    -14.480314      1.955000 
   241.685486    -20.883644    -14.529004      1.953000 
   241.685498    -20.864720    -14.577690      1.961000 
   241.685509    -20.845785    -14.626374      1.973000 
   241.685521    -20.826840    -14.675056      1.981000 
   241.685532    -20.807884    -14.723735      1.986000 
   241.685544    -20.788920    -14.772411      1.989000 
   241.685556    -20.769945    -14.821085      1.990000 
   241.685567    -20.750960    -14.869757      1.991000 
   241.685579    -20.731962    -14.918425      1.992000 
   241.685590    -20.712957    -14.967092      1.995000 
   241.685602    -20.693940    -15.015755      1.994000 
   241.685613    -20.674913    -15.064416      1.989000 
   241.685625    -20.655874    -15.113075      1.980000 
   241.685637    -20.636826    -15.161731      1.971000 
   241.685648    -20.617767    -15.210384      1.968000 
   241.685660    -20.598698    -15.259034      1.972000 
   241.685671    -20.579618    -15.307682      1.981000 
   241.685683    -20.560528    -15.356327      1.999000 
   241.685694    -20.541426    -15.404970      2.001000 
   241.685706    -20.522312    -15.453610      1.992000 
   241.685718    -20.503190    -15.502247      1.977000 
   241.685729    -20.484055    -15.550881      1.962000 
   241.685741    -20.464910    -15.599513      1.949000 
   241.685752    -20.445753    -15.648142      1.933000 
   241.685764    -20.426586    -15.696769      1.915000 
   241.685775    -20.407410    -15.745392      1.899000 
   241.685787    -20.388220    -15.794013      1.886000 
   241.685799    -20.369020    -15.842631      1.880000 
   241.685810    -20.349810    -15.891246      1.878000 
   241.685822    -20.330585    -15.939859      1.879000 
   241.685833    -20.311352    -15.988469      1.888000 
   241.685845    -20.292107    -16.037077      1.901000 
   241.685856    -20.272852    -16.085680      1.903000 
   241.685868    -20.253584    -16.134281      1.903000 
   241.685880    -20.234304    -16.182880      1.898000 
   241.685891    -20.215014    -16.231476      1.886000 
   241.685903    -20.195711    -16.280067      1.870000 
   241.685914    -20.176397    -16.328657      1.861000 
   241.685926    -20.157072    -16.377245      1.856000 
   241.685937    -20.137735    -16.425829      1.856000 
   241.685949    -20.118387    -16.474411      1.860000 
   241.685961    -20.099028    -16.522990      1.871000 
   241.685972    -20.079657    -16.571566      1.887000 
   241.685984    -20.060272    -16.620136      1.908000 
   241.685995    -20.040876    -16.668707      1.924000 
   241.686007    -20.021470    -16.717274      1.932000 
   241.686019    -20.002050    -16.765837      1.932000 
