    32.132315    -23.002047    -16.906599      7.481000 
    32.132326    -23.008180    -16.849356      7.367001 
    32.132338    -23.014313    -16.792112      7.531000 
    32.132350    -23.020445    -16.734867      7.575000 
    32.132361    -23.026573    -16.677622      7.701000 
    32.132373    -23.032701    -16.620377      7.413001 
    32.132384    -23.038830    -16.563131      7.543000 
    32.132396    -23.044954    -16.505884      7.299000 
    32.132407    -23.051079    -16.448637      7.418000 
    32.132419    -23.057201    -16.391390      7.417000 
    32.132431    -23.063324    -16.334140      7.574000 
    32.132442    -23.069445    -16.276894      7.829001 
    32.132454    -23.075563    -16.219645      7.621000 
    32.132465    -23.081682    -16.162394      7.579001 
    32.132477    -23.087800    -16.105145      7.555000 
    32.132477    -23.093916    -16.047894      7.562000 
    32.132488    -23.100030    -15.990641      7.404000 
    32.132500    -23.106144    -15.933390      7.249001 
    32.132512    -23.112255    -15.876137      7.223001 
    32.132523    -23.118366    -15.818884      7.261000 
    32.132535    -23.124475    -15.761631      7.433001 
    32.132546    -23.130585    -15.704377      7.591001 
    32.132558    -23.136690    -15.647122      7.601000 
    32.132569    -23.142797    -15.589867      7.493000 
    32.132581    -23.148903    -15.532612      7.605001 
    32.132593    -23.155006    -15.475356      7.767000 
    32.132604    -23.161110    -15.418099      7.751000 
    32.132616    -23.167210    -15.360842      7.962000 
    32.132627    -23.173310    -15.303584      7.922000 
    32.132639    -23.179409    -15.246326      7.723001 
    32.132650    -23.185507    -15.189067      7.720000 
    32.132662    -23.191603    -15.131808      7.756000 
    32.132662    -23.197699    -15.074549      7.621000 
    32.132674    -23.203793    -15.017289      7.875000 
    32.132685    -23.209887    -14.960028      8.014000 
    32.132697    -23.215979    -14.902767      8.014000 
    32.132708    -23.222070    -14.845505      7.826000 
    32.132720    -23.228159    -14.788243      7.858000 
    32.132731    -23.234247    -14.730980      7.836000 
    32.132743    -23.240335    -14.673717      7.852000 
    32.132755    -23.246422    -14.616453      8.011001 
    32.132766    -23.252508    -14.559189      8.040000 
    32.132778    -23.258593    -14.501924      7.961000 
    32.132789    -23.264675    -14.444659      8.074000 
    32.132801    -23.270758    -14.387393      8.001000 
    32.132812    -23.276838    -14.330127      7.866000 
    32.132824    -23.282919    -14.272861      8.199000 
    32.132836    -23.288998    -14.215593      8.103001 
    32.132847    -23.295074    -14.158326      7.840000 
    32.132859    -23.301151    -14.101058      7.844000 
    32.132859    -23.307228    -14.043789      8.005000 
    32.132870    -23.313301    -13.986520      8.026000 
    32.132882    -23.319376    -13.929250      8.311001 
    32.132894    -23.325449    -13.871980      8.362000 
    32.132905    -23.331520    -13.814710      8.171000 
    32.132917    -23.337591    -13.757439      8.067000 
    32.132928    -23.343660    -13.700167      8.075001 
    32.132940    -23.349730    -13.642895      8.030001 
    32.132951    -23.355797    -13.585623      7.925000 
    32.132963    -23.361862    -13.528350      7.970000 
    32.132975    -23.367928    -13.471076      7.928000 
    32.132986    -23.373993    -13.413803      7.970000 
    32.132998    -23.380056    -13.356528      8.060000 
    32.133009    -23.386118    -13.299253      7.835000 
    32.133021    -23.392180    -13.241978      7.756000 
    32.133032    -23.398240    -13.184702      7.871000 
    32.133044    -23.404300    -13.127426      7.883000 
    32.133056    -23.410358    -13.070150      7.883000 
    32.133056    -23.416416    -13.012872      7.961000 
    34.130984    -24.007915    -16.964565      7.580000 
    34.130995    -24.014050    -16.907324      7.517000 
    34.131007    -24.020182    -16.850082      7.626000 
    34.131019    -24.026314    -16.792840      7.571001 
    34.131030    -24.032444    -16.735598      7.552001 
    34.131042    -24.038572    -16.678354      7.660000 
    34.131053    -24.044700    -16.621110      7.606000 
    34.131065    -24.050827    -16.563866      7.595000 
    34.131076    -24.056952    -16.506620      7.460000 
    34.131088    -24.063076    -16.449375      7.265000 
    34.131100    -24.069199    -16.392130      7.134000 
    34.131111    -24.075320    -16.334883      7.181000 
    34.131111    -24.081440    -16.277636      7.274000 
    34.131123    -24.087559    -16.220388      7.091001 
    34.131134    -24.093676    -16.163141      7.009000 
    34.131146    -24.099792    -16.105892      6.917000 
    34.131157    -24.105907    -16.048643      6.703000 
    34.131169    -24.112022    -15.991393      6.877000 
    34.131181    -24.118134    -15.934143      6.833000 
    34.131192    -24.124247    -15.876892      6.697000 
    34.131204    -24.130356    -15.819641      6.711000 
    34.131215    -24.136465    -15.762389      6.702000 
    34.131227    -24.142572    -15.705137      6.764000 
    34.131238    -24.148680    -15.647884      6.936000 
    34.131250    -24.154785    -15.590631      7.025000 
    34.131262    -24.160889    -15.533377      6.997000 
    34.131273    -24.166992    -15.476122      7.065001 
    34.131285    -24.173094    -15.418867      6.962000 
    34.131296    -24.179193    -15.361612      7.178000 
    34.131296    -24.185293    -15.304356      7.377000 
    34.131308    -24.191393    -15.247100      7.455000 
    34.131319    -24.197489    -15.189843      7.605001 
    34.131331    -24.203585    -15.132585      7.573000 
    34.131343    -24.209680    -15.075327      7.573000 
    34.131354    -24.215775    -15.018069      7.582000 
    34.131366    -24.221867    -14.960810      7.496000 
    34.131377    -24.227959    -14.903550      7.520001 
    34.131389    -24.234049    -14.846290      7.823000 
    34.131400    -24.240137    -14.789030      7.764000 
    34.131412    -24.246225    -14.731769      7.969000 
    34.131424    -24.252314    -14.674507      7.954001 
    34.131435    -24.258398    -14.617245      7.866000 
    34.131447    -24.264482    -14.559982      7.869000 
    34.131458    -24.270567    -14.502719      7.889000 
    34.131470    -24.276650    -14.445456      7.949000 
    34.131481    -24.282730    -14.388192      7.897000 
    34.131493    -24.288810    -14.330927      7.801001 
    34.131493    -24.294891    -14.273662      7.736001 
    34.131505    -24.300968    -14.216397      8.059000 
    34.131516    -24.307047    -14.159131      8.130000 
    34.131528    -24.313122    -14.101864      8.488001 
    34.131539    -24.319199    -14.044597      8.675000 
    34.131551    -24.325272    -13.987330      8.779000 
    34.131563    -24.331345    -13.930062      8.908000 
    34.131574    -24.337418    -13.872794      9.020000 
    34.131586    -24.343487    -13.815525      8.792001 
    34.131597    -24.349558    -13.758255      8.916000 
    34.131609    -24.355625    -13.700985      8.787001 
    34.131620    -24.361694    -13.643715      8.665000 
    34.131632    -24.367762    -13.586444      8.356000 
    34.131644    -24.373827    -13.529173      8.470000 
    34.131655    -24.379892    -13.471901      8.412001 
    34.131667    -24.385956    -13.414629      8.601001 
    34.131678    -24.392017    -13.357356      8.723001 
    34.131690    -24.398080    -13.300083      8.810000 
    34.131690    -24.404140    -13.242809      8.935000 
    34.131701    -24.410200    -13.185535      9.054001 
    34.131713    -24.416260    -13.128261      9.108001 
    34.131725    -24.422318    -13.070985      9.137000 
    34.131736    -24.428373    -13.013710      8.903001 
    36.129664    -25.020205    -16.951792      8.076000 
    36.129676    -25.026337    -16.894552      8.470000 
    36.129687    -25.032469    -16.837313      8.334001 
    36.129699    -25.038600    -16.780071      8.494000 
    36.129711    -25.044730    -16.722830      8.681001 
    36.129722    -25.050858    -16.665588      8.696000 
    36.129734    -25.056986    -16.608347      8.803000 
    36.129734    -25.063110    -16.551104      8.472000 
    36.129745    -25.069235    -16.493860      8.323000 
    36.129757    -25.075357    -16.436617      8.303000 
    36.129769    -25.081480    -16.379372      8.192000 
    36.129780    -25.087600    -16.322126      8.159000 
    36.129792    -25.093720    -16.264881      7.716001 
    36.129803    -25.099838    -16.207636      8.384001 
    36.129815    -25.105955    -16.150389      8.733001 
    36.129826    -25.112070    -16.093142      8.860001 
    36.129838    -25.118185    -16.035892      8.769000 
    36.129850    -25.124298    -15.978645      8.802000 
    36.129861    -25.130410    -15.921396      8.556001 
    36.129873    -25.136520    -15.864147      9.095000 
    36.129884    -25.142630    -15.806897      8.588000 
    36.129896    -25.148739    -15.749647      8.445001 
    36.129907    -25.154846    -15.692396      7.951000 
    36.129919    -25.160952    -15.635144      7.591001 
    36.129931    -25.167055    -15.577893      7.535000 
    36.129931    -25.173160    -15.520640      7.842001 
    36.129942    -25.179262    -15.463387      8.238000 
    36.129954    -25.185364    -15.406134      8.801001 
    36.129965    -25.191463    -15.348880      9.586000 
    36.129977    -25.197561    -15.291625     10.443001 
    36.129988    -25.203660    -15.234370     10.196000 
    36.130000    -25.209757    -15.177115      9.752001 
    36.130012    -25.215850    -15.119859      8.691000 
    36.130023    -25.221947    -15.062602      7.826000 
    36.130035    -25.228039    -15.005345      7.016000 
    36.130046    -25.234130    -14.948087      6.992000 
    36.130058    -25.240221    -14.890829      6.902000 
    36.130069    -25.246311    -14.833571      6.955000 
    36.130081    -25.252400    -14.776311      6.911000 
    36.130093    -25.258488    -14.719052      7.207000 
    36.130104    -25.264572    -14.661792      7.187000 
    36.130116    -25.270658    -14.604531      7.255000 
    36.130127    -25.276743    -14.547270      7.083000 
    36.130127    -25.282825    -14.490008      6.979001 
    36.130139    -25.288906    -14.432746      6.707000 
    36.130150    -25.294989    -14.375484      6.756000 
    36.130162    -25.301067    -14.318221      6.318000 
    36.130174    -25.307146    -14.260957      6.736001 
    36.130185    -25.313225    -14.203693      6.701000 
    36.130197    -25.319302    -14.146428      6.939000 
    36.130208    -25.325377    -14.089163      6.793000 
    36.130220    -25.331451    -14.031898      6.923000 
    36.130231    -25.337524    -13.974632      7.085000 
    36.130243    -25.343596    -13.917365      7.178000 
    36.130255    -25.349669    -13.860098      7.166000 
    36.130266    -25.355738    -13.802831      7.390000 
    36.130278    -25.361807    -13.745563      7.229001 
    36.130289    -25.367874    -13.688294      7.192000 
    36.130301    -25.373941    -13.631025      6.759000 
    36.130313    -25.380009    -13.573756      6.870000 
    36.130313    -25.386074    -13.516486      6.872000 
    36.130324    -25.392138    -13.459215      7.036000 
    36.130336    -25.398201    -13.401944      7.100000 
    36.130347    -25.404263    -13.344673      7.220000 
    36.130359    -25.410324    -13.287401      7.185000 
    36.130370    -25.416386    -13.230129      7.072000 
    36.130382    -25.422443    -13.172856      6.857000 
    36.130394    -25.428501    -13.115583      6.408000 
    36.130405    -25.434559    -13.058310      6.184000 
    36.130417    -25.440617    -13.001035      6.470000 
    37.617674    -23.002672    -16.060478      6.755000 
    37.617685    -23.008787    -16.117758      7.018000 
    37.617697    -23.014906    -16.175034      7.136000 
    37.617708    -23.021023    -16.232311      7.098001 
    37.617720    -23.027143    -16.289589      7.286000 
    37.617731    -23.033262    -16.346863      7.452000 
    37.617743    -23.039385    -16.404139      7.503000 
    37.617755    -23.045507    -16.461414      7.425000 
    37.617755    -23.051634    -16.518688      7.480001 
    37.617766    -23.057758    -16.575960      7.355001 
    37.617778    -23.063887    -16.633236      7.411000 
    37.617789    -23.070015    -16.690508      7.329001 
    37.617801    -23.076143    -16.747780      7.309000 
    37.617812    -23.082275    -16.805052      7.013001 
    37.617824    -23.088408    -16.862322      7.237000 
    37.617836    -23.094540    -16.919592      7.400001 
    37.617847    -23.100676    -16.976862      7.113000 
    38.128333    -26.026545    -16.983793      5.790000 
    38.128345    -26.032679    -16.926558      5.610000 
    38.128356    -26.038810    -16.869318      5.604000 
    38.128368    -26.044943    -16.812078      6.010000 
    38.128368    -26.051073    -16.754840      6.570000 
    38.128380    -26.057203    -16.697600      7.041000 
    38.128391    -26.063332    -16.640360      7.137001 
    38.128403    -26.069456    -16.583118      7.169000 
    38.128414    -26.075583    -16.525875      7.169000 
    38.128426    -26.081707    -16.468634      6.790000 
    38.128437    -26.087830    -16.411392      6.785000 
    38.128449    -26.093950    -16.354149      6.610000 
    38.128461    -26.100070    -16.296904      6.511000 
    38.128472    -26.106190    -16.239660      6.696000 
    38.128484    -26.112309    -16.182415      6.716001 
    38.128495    -26.118423    -16.125170      6.474000 
    38.128507    -26.124538    -16.067924      6.177001 
    38.128519    -26.130653    -16.010677      6.157000 
    38.128530    -26.136766    -15.953430      6.001000 
    38.128542    -26.142878    -15.896183      6.263001 
    38.128553    -26.148989    -15.838935      6.526001 
    38.128565    -26.155096    -15.781686      6.095000 
    38.128565    -26.161205    -15.724437      6.167000 
    38.128576    -26.167313    -15.667187      6.322000 
    38.128588    -26.173416    -15.609937      6.442000 
    38.128600    -26.179522    -15.552686      6.500000 
    38.128611    -26.185625    -15.495435      6.437000 
    38.128623    -26.191727    -15.438183      6.236000 
    38.128634    -26.197828    -15.380931      6.204001 
    38.128646    -26.203926    -15.323678      6.239000 
    38.128657    -26.210026    -15.266425      6.340000 
    38.128669    -26.216124    -15.209171      6.376000 
    38.128681    -26.222220    -15.151917      6.276001 
    38.128692    -26.228313    -15.094662      6.353000 
    38.128704    -26.234407    -15.037406      6.328000 
    38.128715    -26.240501    -14.980151      6.452000 
    38.128727    -26.246592    -14.922894      6.465000 
    38.128738    -26.252684    -14.865637      6.579001 
    38.128750    -26.258772    -14.808380      6.471000 
    38.128762    -26.264860    -14.751122      7.064000 
    38.128762    -26.270947    -14.693863      7.457000 
    38.128773    -26.277033    -14.636605      6.899000 
    38.128785    -26.283117    -14.579345      7.026001 
    38.128796    -26.289202    -14.522085      7.066001 
    38.128808    -26.295284    -14.464825      7.090000 
    38.128819    -26.301367    -14.407564      7.236001 
    38.128831    -26.307447    -14.350302      7.032000 
    38.128843    -26.313526    -14.293040      6.921000 
    38.128854    -26.319605    -14.235778      6.761000 
    38.128866    -26.325682    -14.178515      6.523000 
    38.128877    -26.331758    -14.121252      6.484000 
    38.128900    -26.343908    -14.006723      6.281000 
    38.128912    -26.349981    -13.949458      6.304000 
    38.128924    -26.356052    -13.892193      6.174000 
    38.128935    -26.362123    -13.834927      6.129000 
    38.128947    -26.368195    -13.777661      6.408000 
    38.128947    -26.374264    -13.720394      6.414001 
    38.128958    -26.380331    -13.663127      6.292000 
    38.128981    -26.392464    -13.548591      6.033000 
    38.128993    -26.398527    -13.491322      5.919000 
    38.129005    -26.404593    -13.434053      6.234000 
    38.129016    -26.410654    -13.376783      6.462000 
    38.129028    -26.416718    -13.319513      6.619000 
    38.129039    -26.422777    -13.262242      6.756000 
    38.129051    -26.428839    -13.204971      6.661000 
    38.129062    -26.434896    -13.147699      7.301000 
    38.129086    -26.447012    -13.033155      7.577000 
    39.615764    -23.687181    -13.003993      8.808001 
    39.615775    -23.693240    -13.061298      8.759001 
    39.615787    -23.699299    -13.118603      9.049001 
    39.615799    -23.705359    -13.175908      9.026000 
    39.615810    -23.711418    -13.233212      8.898001 
    39.615810    -23.717482    -13.290516      9.042001 
    39.615822    -23.723543    -13.347819      8.850000 
    39.615833    -23.729607    -13.405122      8.834001 
    39.615845    -23.735672    -13.462424      8.797001 
    39.615856    -23.741737    -13.519726      8.786000 
    39.615868    -23.747805    -13.577027      8.855000 
    39.615880    -23.753872    -13.634328      8.727000 
    39.615891    -23.759940    -13.691628      8.730000 
    39.615903    -23.766010    -13.748928      8.736000 
    39.615914    -23.772081    -13.806227      8.792001 
    39.615926    -23.778152    -13.863526      8.749001 
    39.615938    -23.784225    -13.920824      8.481000 
    39.615949    -23.790298    -13.978122      8.620001 
    39.615961    -23.796373    -14.035419      8.407001 
    39.615972    -23.802448    -14.092716      8.665000 
    39.615984    -23.808525    -14.150012      8.762000 
    39.615995    -23.814604    -14.207308      8.574000 
    39.616007    -23.820683    -14.264603      8.541000 
    39.616007    -23.826763    -14.321898      8.649000 
    39.616019    -23.832846    -14.379192      8.558001 
    39.616030    -23.838926    -14.436486      8.559000 
    39.616042    -23.845010    -14.493780      8.217000 
    39.616053    -23.851095    -14.551072      7.947000 
    39.616065    -23.857180    -14.608365      7.930000 
    39.616076    -23.863268    -14.665656      7.957000 
    39.616088    -23.869354    -14.722948      8.131001 
    39.616100    -23.875444    -14.780239      7.941001 
    39.616111    -23.881535    -14.837529      8.127001 
    39.616123    -23.887625    -14.894819      7.948000 
    39.616134    -23.893717    -14.952108      7.755001 
    39.616146    -23.899810    -15.009396      7.705000 
    39.616157    -23.905905    -15.066685      7.550000 
    39.616169    -23.912000    -15.123972      7.585000 
    39.616181    -23.918097    -15.181259      7.660000 
    39.616192    -23.924194    -15.238546      7.759000 
    39.616192    -23.930296    -15.295832      7.708000 
    39.616204    -23.936396    -15.353118      7.699000 
    39.616215    -23.942495    -15.410403      7.463000 
    39.616227    -23.948599    -15.467687      7.588000 
    39.616238    -23.954702    -15.524971      7.562000 
    39.616250    -23.960808    -15.582255      7.679000 
    39.616262    -23.966913    -15.639538      7.648000 
    39.616273    -23.973020    -15.696820      7.793000 
    39.616285    -23.979130    -15.754102      7.954001 
    39.616296    -23.985239    -15.811383      8.031000 
    39.616308    -23.991350    -15.868664      7.909000 
    39.616319    -23.997461    -15.925944      7.727000 
    39.616331    -24.003576    -15.983224      7.817000 
    39.616343    -24.009690    -16.040503      7.965000 
    39.616354    -24.015806    -16.097782      7.999001 
    39.616366    -24.021923    -16.155060      7.845000 
    39.616377    -24.028042    -16.212337      7.714000 
    39.616389    -24.034160    -16.269613      7.768001 
    39.616389    -24.040281    -16.326890      7.826000 
    39.616400    -24.046404    -16.384167      7.532000 
    39.616412    -24.052528    -16.441442      7.566001 
    39.616424    -24.058653    -16.498716      7.303000 
    39.616435    -24.064777    -16.555990      7.316001 
    39.616447    -24.070906    -16.613264      7.269000 
    39.616458    -24.077034    -16.670538      7.294000 
    39.616470    -24.083162    -16.727812      7.399000 
    39.616481    -24.089294    -16.785082      7.093000 
    39.616493    -24.095427    -16.842354      7.167000 
    39.616505    -24.101560    -16.899626      6.902000 
    39.616516    -24.107695    -16.956896      7.047000 
    41.614444    -24.700888    -13.055284      6.296000 
    41.614444    -24.706947    -13.112589      6.130000 
    41.614456    -24.713007    -13.169894      6.066001 
    41.614468    -24.719069    -13.227198      5.974000 
    41.614479    -24.725130    -13.284502      5.925000 
    41.614491    -24.731194    -13.341806      5.976000 
    41.614502    -24.737259    -13.399109      6.198000 
    41.614514    -24.743322    -13.456411      6.135000 
    41.614525    -24.749390    -13.513713      6.299000 
    41.614537    -24.755457    -13.571015      6.280000 
    41.614549    -24.761524    -13.628316      6.155000 
    41.614560    -24.767593    -13.685616      6.069000 
    41.614572    -24.773664    -13.742916      5.950000 
    41.614583    -24.779736    -13.800216      6.182000 
    41.614595    -24.785809    -13.857515      6.471000 
    41.614606    -24.791882    -13.914814      6.292000 
    41.614618    -24.797956    -13.972112      6.172000 
    41.614630    -24.804031    -14.029409      6.194000 
    41.614641    -24.810108    -14.086706      5.960000 
    41.614641    -24.816185    -14.144003      5.838000 
    41.614653    -24.822264    -14.201299      5.833000 
    41.614664    -24.828342    -14.258595      5.960000 
    41.614676    -24.834423    -14.315890      5.763001 
    41.614688    -24.840506    -14.373184      5.779000 
    41.614699    -24.846588    -14.430478      5.636000 
    41.614711    -24.852673    -14.487772      5.587000 
    41.614722    -24.858759    -14.545065      5.478000 
    41.614734    -24.864843    -14.602358      5.628000 
    41.614745    -24.870932    -14.659650      5.795000 
    41.614757    -24.877020    -14.716941      5.566001 
    41.614769    -24.883108    -14.774232      5.454001 
    41.614780    -24.889200    -14.831523      5.346000 
    41.614792    -24.895290    -14.888813      5.251000 
    41.614803    -24.901384    -14.946102      5.274000 
    41.614815    -24.907478    -15.003391      5.287000 
    41.614826    -24.913572    -15.060679      5.610000 
    41.614826    -24.919668    -15.117967      5.582000 
    41.614838    -24.925768    -15.175255      5.398000 
    41.614850    -24.931866    -15.232541      5.321000 
    41.614861    -24.937965    -15.289828      5.382000 
    41.614873    -24.944065    -15.347114      5.221000 
    41.614884    -24.950169    -15.404399      5.285000 
    41.614896    -24.956270    -15.461684      5.356000 
    41.614907    -24.962376    -15.518968      5.644000 
    41.614919    -24.968481    -15.576252      5.616000 
    41.614931    -24.974588    -15.633535      5.768000 
    41.614942    -24.980696    -15.690817      5.636000 
    41.614954    -24.986805    -15.748099      5.551000 
    41.614965    -24.992914    -15.805381      5.755000 
    41.614977    -24.999027    -15.862662      5.735000 
    41.614988    -25.005138    -15.919942      6.068000 
    41.615000    -25.011253    -15.977222      6.310000 
    41.615012    -25.017368    -16.034502      6.442000 
    41.615023    -25.023485    -16.091780      6.023000 
    41.615023    -25.029602    -16.149060      5.962000 
    41.615035    -25.035723    -16.206337      6.372000 
    41.615046    -25.041842    -16.263615      6.849000 
    41.615058    -25.047962    -16.320890      7.233000 
    41.615069    -25.054087    -16.378166      6.982000 
    41.615081    -25.060210    -16.435442      6.517000 
    41.615093    -25.066336    -16.492718      6.375000 
    41.615104    -25.072460    -16.549992      6.191001 
    41.615116    -25.078588    -16.607265      6.310000 
    41.615127    -25.084719    -16.664540      6.209000 
    41.615139    -25.090849    -16.721811      6.272000 
    41.615150    -25.096980    -16.779083      6.097000 
    41.615162    -25.103113    -16.836355      5.849000 
    41.615174    -25.109247    -16.893625      5.604000 
    41.615185    -25.115383    -16.950897      5.753000 
    45.611806    -26.727450    -13.026361      9.569000 
    45.611817    -26.733507    -13.083665     10.132001 
    45.611829    -26.739569    -13.140969     10.214001 
    45.611840    -26.745628    -13.198272     10.030001 
    45.611852    -26.751692    -13.255574      9.773001 
    45.611863    -26.757753    -13.312877      9.238001 
    45.611875    -26.763819    -13.370178      8.275001 
    45.611887    -26.769882    -13.427479      7.797000 
    45.611898    -26.775948    -13.484780      7.638001 
    45.611898    -26.782015    -13.542080      7.464000 
    45.611910    -26.788082    -13.599380      7.501000 
    45.611921    -26.794151    -13.656679      7.702000 
    45.611933    -26.800222    -13.713978      8.149000 
    45.611944    -26.806293    -13.771276      8.569000 
    45.611956    -26.812365    -13.828574      8.795000 
    45.611968    -26.818438    -13.885871      8.440001 
    45.611979    -26.824512    -13.943168      8.319000 
    45.611991    -26.830587    -14.000464      8.391001 
    45.612002    -26.836664    -14.057760      8.442000 
    45.612014    -26.842741    -14.115055      8.456000 
    45.612025    -26.848820    -14.172350      8.750000 
    45.612037    -26.854898    -14.229644      8.890000 
    45.612049    -26.860980    -14.286938      8.748000 
    45.612060    -26.867060    -14.344231      8.826000 
    45.612072    -26.873142    -14.401524      8.656000 
    45.612083    -26.879227    -14.458816      8.329000 
    45.612095    -26.885311    -14.516108      8.127001 
    45.612095    -26.891397    -14.573399      8.213000 
    45.612106    -26.897484    -14.630690      8.297000 
    45.612118    -26.903572    -14.687980      8.200001 
    45.612130    -26.909660    -14.745270      8.196000 
    45.612141    -26.915750    -14.802559      8.341001 
    45.612153    -26.921843    -14.859848      8.335000 
    45.612164    -26.927935    -14.917136      8.334001 
    45.612176    -26.934029    -14.974423      8.445001 
    45.612187    -26.940123    -15.031710      8.551001 
    45.612199    -26.946218    -15.088997      8.502001 
    45.612211    -26.952316    -15.146283      8.471001 
    45.612222    -26.958414    -15.203568      8.580001 
    45.612234    -26.964514    -15.260853      8.557000 
    45.612245    -26.970613    -15.318138      8.447000 
    45.612257    -26.976715    -15.375421      8.200001 
    45.612269    -26.982819    -15.432705      8.088000 
    45.612280    -26.988922    -15.489988      8.013001 
    45.612292    -26.995028    -15.547270      8.030001 
    57.081308    -23.204739    -16.948704      5.728000 
    57.081308    -23.210873    -16.891468      6.163000 
    57.081319    -23.217007    -16.834230      5.959000 
    57.081331    -23.223139    -16.776995      5.926000 
    57.081343    -23.229270    -16.719755      6.099000 
    57.081354    -23.235400    -16.662518      6.108000 
    57.081366    -23.241528    -16.605278      6.267000 
    57.081377    -23.247656    -16.548038      6.306000 
    57.081389    -23.253780    -16.490799      6.327000 
    57.081400    -23.259907    -16.433558      6.299000 
    57.081412    -23.266030    -16.376314      6.249000 
    57.081424    -23.272152    -16.319073      6.583000 
    57.081435    -23.278273    -16.261831      6.659000 
    57.081447    -23.284391    -16.204588      6.767000 
    57.081458    -23.290510    -16.147345      6.796000 
    57.081470    -23.296627    -16.090100      6.836000 
    57.081481    -23.302744    -16.032854      6.715000 
    57.081493    -23.308857    -15.975610      6.622000 
    57.081505    -23.314972    -15.918364      7.033000 
    57.081505    -23.321083    -15.861117      7.002000 
    57.081516    -23.327194    -15.803870      7.046000 
    57.081528    -23.333303    -15.746623      7.081000 
    57.081539    -23.339413    -15.689375      7.094000 
    57.081551    -23.345518    -15.632126      7.319000 
    57.081562    -23.351625    -15.574877      7.104001 
    57.081574    -23.357730    -15.517627      7.076000 
    57.081586    -23.363834    -15.460377      7.125000 
    57.081597    -23.369938    -15.403126      7.045001 
    57.081609    -23.376038    -15.345875      7.078000 
    57.081620    -23.382137    -15.288623      7.185000 
    57.081632    -23.388237    -15.231371      7.287000 
    57.081644    -23.394335    -15.174118      7.530000 
    57.081655    -23.400433    -15.116865      8.042001 
    57.081667    -23.406528    -15.059611      7.896000 
    57.081678    -23.412622    -15.002356      7.645001 
    57.081690    -23.418715    -14.945101      7.388001 
    57.081690    -23.424809    -14.887846      7.233000 
    57.081701    -23.430899    -14.830590      7.360000 
    57.081713    -23.436989    -14.773333      7.444000 
    57.081725    -23.443077    -14.716076      7.489000 
    57.081736    -23.449165    -14.658818      7.552001 
    57.081748    -23.455252    -14.601560      7.778000 
    57.081759    -23.461336    -14.544301      7.810000 
    57.081771    -23.467422    -14.487042      7.695000 
    57.081782    -23.473505    -14.429783      7.817000 
    57.081794    -23.479588    -14.372522      7.780000 
    57.081806    -23.485668    -14.315262      7.901001 
    57.081817    -23.491749    -14.258000      8.203000 
    57.081829    -23.497828    -14.200739      7.840000 
    57.081840    -23.503906    -14.143476      7.826000 
    57.081852    -23.509983    -14.086214      7.835000 
    57.081863    -23.516060    -14.028950      7.968000 
    57.081875    -23.522133    -13.971687      8.180000 
    57.081887    -23.528208    -13.914422      7.990000 
    57.081887    -23.534280    -13.857158      7.948000 
    57.081898    -23.540352    -13.799892      8.014000 
    57.081910    -23.546421    -13.742626      8.154000 
    57.081921    -23.552492    -13.685360      8.086000 
    57.081933    -23.558561    -13.628093      8.092000 
    57.081944    -23.564629    -13.570826      8.048000 
    57.081956    -23.570696    -13.513558      8.089001 
    57.081968    -23.576760    -13.456290      7.880001 
    57.081979    -23.582825    -13.399021      7.840000 
    57.081991    -23.588888    -13.341752      8.007000 
    57.082002    -23.594952    -13.284482      7.986001 
    57.082014    -23.601013    -13.227212      7.890000 
    57.082025    -23.607073    -13.169941      8.208000 
    57.082037    -23.613132    -13.112670      8.241000 
    59.079977    -24.216640    -16.947630      8.082001 
    59.079988    -24.222775    -16.890392      8.127001 
    59.080000    -24.228909    -16.833155      7.866000 
    59.080012    -24.235040    -16.775915      8.083000 
    59.080023    -24.241170    -16.718678      8.116000 
    59.080035    -24.247301    -16.661436      8.162001 
    59.080046    -24.253430    -16.604197      8.209001 
    59.080058    -24.259556    -16.546955      8.382000 
    59.080069    -24.265682    -16.489716      8.587001 
    59.080081    -24.271807    -16.432472      8.442000 
    59.080093    -24.277930    -16.375230      8.263001 
    59.080104    -24.284052    -16.317987      8.096001 
    59.080116    -24.290173    -16.260744      8.205000 
    59.080127    -24.296291    -16.203500      8.072000 
    59.080127    -24.302410    -16.146255      8.195001 
    59.080139    -24.308527    -16.089010      8.308001 
    59.080150    -24.314644    -16.031763      8.327001 
    59.080162    -24.320759    -15.974518      8.293000 
    59.080174    -24.326872    -15.917271      8.314000 
    59.080185    -24.332983    -15.860024      8.165000 
    59.080197    -24.339094    -15.802776      8.038000 
    59.080208    -24.345203    -15.745527      8.188001 
    59.080220    -24.351313    -15.688278      8.206000 
    59.080231    -24.357420    -15.631028      8.268001 
    59.080243    -24.363525    -15.573778      8.389000 
    59.080255    -24.369630    -15.516527      8.187000 
    59.080266    -24.375734    -15.459276      8.102000 
    59.080278    -24.381838    -15.402024      7.866000 
    59.080289    -24.387938    -15.344772      8.134001 
    59.080301    -24.394037    -15.287519      8.386001 
    59.080313    -24.400137    -15.230266      8.328000 
    59.080324    -24.406235    -15.173012      8.363001 
    59.080324    -24.412333    -15.115757      8.305000 
    59.080336    -24.418428    -15.058502      8.294001 
    59.080347    -24.424522    -15.001247      8.320001 
    59.080359    -24.430614    -14.943991      8.212001 
    59.080370    -24.436708    -14.886734      8.323000 
    59.080382    -24.442799    -14.829477      8.260000 
    59.080394    -24.448889    -14.772220      8.315001 
    59.080405    -24.454977    -14.714961      8.347000 
    59.080417    -24.461065    -14.657703      8.332001 
    59.080428    -24.467152    -14.600444      8.306001 
    59.080440    -24.473236    -14.543184      8.498000 
    59.080451    -24.479322    -14.485924      8.474000 
    59.080463    -24.485405    -14.428663      8.266001 
    59.080475    -24.491488    -14.371402      8.424001 
    59.080486    -24.497568    -14.314140      8.440001 
    59.080498    -24.503649    -14.256877      8.441000 
    59.080509    -24.509727    -14.199615      8.642000 
    59.080521    -24.515804    -14.142351      8.501000 
    59.080521    -24.521881    -14.085088      8.668000 
    59.080532    -24.527958    -14.027823      8.795000 
    59.080544    -24.534033    -13.970558      8.712001 
    59.080556    -24.540108    -13.913293      8.923000 
    59.080567    -24.546179    -13.856027      9.017000 
    59.080579    -24.552252    -13.798761      9.073000 
    59.080590    -24.558323    -13.741494      9.114000 
    59.080602    -24.564390    -13.684227      9.124001 
    59.080613    -24.570460    -13.626959      9.093000 
    59.080625    -24.576529    -13.569690      8.929001 
    59.080637    -24.582594    -13.512421      8.858001 
    59.080648    -24.588660    -13.455152      9.008000 
    59.080660    -24.594725    -13.397882      9.006001 
    59.080671    -24.600788    -13.340612      9.123000 
    59.080683    -24.606850    -13.283341      9.004001 
    59.080694    -24.612911    -13.226070      8.908000 
    59.080706    -24.618973    -13.168798      9.128000 
    59.080706    -24.625032    -13.111525      9.031000 
    59.080718    -24.631090    -13.054253      8.843000 
   210.262269    -23.563147    -13.039284      7.617001 
   210.262280    -23.569197    -13.096570      7.460000 
   210.262292    -23.575247    -13.153857      7.450000 
   210.262303    -23.581297    -13.211143      7.640000 
   210.262303    -23.587349    -13.268428      7.432000 
   210.262315    -23.593401    -13.325713      7.579001 
   210.262326    -23.599455    -13.382998      7.699000 
   210.262338    -23.605510    -13.440282      7.665000 
   210.262350    -23.611565    -13.497565      7.621000 
   210.262361    -23.617622    -13.554849      7.787000 
   210.262373    -23.623680    -13.612131      8.044001 
   210.262384    -23.629740    -13.669413      8.012000 
   210.262396    -23.635798    -13.726695      7.778000 
   210.262407    -23.641860    -13.783976      7.811000 
   210.262419    -23.647920    -13.841257      8.074000 
   210.262431    -23.653984    -13.898537      8.235001 
   210.262442    -23.660048    -13.955816      8.200001 
   210.262454    -23.666113    -14.013096      8.298000 
   210.262465    -23.672178    -14.070374      8.438001 
   210.262477    -23.678246    -14.127653      8.524000 
   210.262488    -23.684315    -14.184930      8.226001 
   210.262500    -23.690384    -14.242207      7.994000 
   210.262500    -23.696453    -14.299484      7.969000 
   210.262512    -23.702524    -14.356760      8.027000 
   210.262523    -23.708595    -14.414036      8.079000 
   210.262535    -23.714670    -14.471311      8.218000 
   210.262546    -23.720743    -14.528586      8.452001 
   210.262558    -23.726820    -14.585860      8.312000 
   210.262569    -23.732897    -14.643134      8.079000 
   210.262581    -23.738974    -14.700407      8.198000 
   210.262593    -23.745052    -14.757679      8.303000 
   210.262604    -23.751133    -14.814951      8.324000 
   210.262616    -23.757214    -14.872223      8.227000 
   210.262627    -23.763296    -14.929494      8.002001 
   210.262639    -23.769380    -14.986765      7.998000 
   210.262650    -23.775463    -15.044035      8.068001 
   210.262662    -23.781550    -15.101304      7.842001 
   210.262674    -23.787636    -15.158573      7.901001 
   210.262685    -23.793724    -15.215842      7.852000 
   210.262697    -23.799812    -15.273110      7.873000 
   210.262697    -23.805902    -15.330377      7.783000 
   210.262708    -23.811995    -15.387644      7.757000 
   210.262720    -23.818087    -15.444911      7.693000 
   210.262731    -23.824180    -15.502177      7.867001 
   210.262743    -23.830276    -15.559442      8.094001 
   210.262755    -23.836372    -15.616707      8.186001 
   210.262766    -23.842468    -15.673971      8.195001 
   210.262778    -23.848566    -15.731235      8.301001 
   210.262789    -23.854668    -15.788498      8.596001 
   210.262801    -23.860767    -15.845761      8.872001 
   210.262813    -23.866870    -15.903023      8.787001 
   210.262824    -23.872972    -15.960285      8.786000 
   210.262836    -23.879078    -16.017546      8.291000 
   210.262847    -23.885183    -16.074806      7.570000 
   210.262859    -23.891290    -16.132067      7.240000 
   210.262870    -23.897398    -16.189325      7.490000 
   210.262882    -23.903507    -16.246586      8.278001 
   210.262882    -23.909618    -16.303843      7.757000 
   210.262894    -23.915730    -16.361101      7.501000 
   210.262905    -23.921843    -16.418358      7.491000 
   210.262917    -23.927958    -16.475615      7.245000 
   210.262928    -23.934072    -16.532871      7.167000 
   210.262940    -23.940190    -16.590128      7.343000 
   210.262951    -23.946308    -16.647383      7.390000 
   210.262963    -23.952427    -16.704638      7.867001 
   210.262975    -23.958548    -16.761890      8.022000 
   210.262986    -23.964670    -16.819143      8.712001 
   210.262998    -23.970795    -16.876396      8.172000 
   210.263009    -23.976917    -16.933650      7.448000 
   210.263021    -23.983044    -16.990902      7.474000 
   210.773495    -26.913809    -16.982208      6.873000 
   210.773507    -26.919935    -16.924955      6.943000 
   210.773519    -26.926060    -16.867700      6.812000 
   210.773530    -26.932184    -16.810446      7.027000 
   210.773542    -26.938307    -16.753191      6.969000 
   210.773553    -26.944427    -16.695934      7.108000 
   210.773565    -26.950546    -16.638680      6.846000 
   210.773576    -26.956667    -16.581423      6.901001 
   210.773588    -26.962784    -16.524164      6.879000 
   210.773600    -26.968900    -16.466908      6.767000 
   210.773611    -26.975014    -16.409649      6.774000 
   210.773623    -26.981129    -16.352390      6.676000 
   210.773634    -26.987240    -16.295130      6.522000 
   210.773646    -26.993353    -16.237870      6.268000 
   210.773657    -26.999460    -16.180610      6.240000 
   212.260938    -24.571938    -13.007151      5.565000 
   212.260938    -24.577986    -13.064439      5.444000 
   212.260949    -24.584036    -13.121726      5.328000 
   212.260961    -24.590084    -13.179013      5.151000 
   212.260972    -24.596136    -13.236299      5.005000 
   212.260984    -24.602188    -13.293585      4.952000 
   212.260995    -24.608244    -13.350870      5.225000 
   212.261007    -24.614298    -13.408155      5.065000 
   212.261019    -24.620354    -13.465440      5.314000 
   212.261030    -24.626410    -13.522723      5.189000 
   212.261042    -24.632465    -13.580007      4.939000 
   212.261053    -24.638525    -13.637290      5.068000 
   212.261065    -24.644585    -13.694572      5.074000 
   212.261076    -24.650644    -13.751854      5.410000 
   212.261088    -24.656706    -13.809135      5.671000 
   212.261100    -24.662770    -13.866416      5.553000 
   212.261111    -24.668833    -13.923697      5.294000 
   212.261123    -24.674896    -13.980977      5.388001 
   212.261134    -24.680962    -14.038256      5.188000 
   212.261134    -24.687029    -14.095535      5.098000 
   212.261146    -24.693096    -14.152814      4.837000 
   212.261157    -24.699165    -14.210092      4.665000 
   212.261169    -24.705235    -14.267369      4.625000 
   212.261181    -24.711306    -14.324646      4.404000 
   212.261192    -24.717379    -14.381923      4.194000 
   212.261204    -24.723452    -14.439199      4.140000 
   212.261215    -24.729525    -14.496474      4.087000 
   212.261227    -24.735600    -14.553749      3.984000 
   212.261238    -24.741676    -14.611024      3.947000 
   212.261250    -24.747753    -14.668298      3.891000 
   212.261262    -24.753834    -14.725571      3.708000 
   212.261273    -24.759912    -14.782844      3.631000 
   212.261285    -24.765993    -14.840116      3.523000 
   212.261296    -24.772076    -14.897388      3.466000 
   212.261308    -24.778158    -14.954660      3.466000 
   212.261319    -24.784243    -15.011931      3.400000 
   212.261331    -24.790327    -15.069201      3.180000 
   212.261331    -24.796413    -15.126471      2.936000 
   212.261343    -24.802502    -15.183740      2.837000 
   212.261354    -24.808590    -15.241009      2.685000 
   212.261366    -24.814678    -15.298277      2.580000 
   212.261377    -24.820770    -15.355545      2.512000 
   212.261389    -24.826862    -15.412812      2.520000 
   212.261400    -24.832954    -15.470079      2.522000 
   212.261412    -24.839050    -15.527345      2.540000 
   212.261424    -24.845144    -15.584611      2.711000 
   212.261435    -24.851242    -15.641876      2.520000 
   212.261447    -24.857340    -15.699141      1.882000 
   212.261458    -24.863440    -15.756405      1.494000 
   212.261470    -24.869540    -15.813668      1.231000 
   212.261481    -24.875640    -15.870931      1.043000 
   212.261493    -24.881744    -15.928194      1.063000 
   212.261505    -24.887848    -15.985455      1.050000 
   212.261516    -24.893953    -16.042717      0.967000 
   212.261516    -24.900060    -16.099977      0.752000 
   212.261528    -24.906166    -16.157238      0.673000 
   212.261539    -24.912275    -16.214499      0.656000 
   212.261551    -24.918386    -16.271757      0.656000 
   212.261563    -24.924498    -16.329016      0.656000 
   212.261574    -24.930610    -16.386274      0.656000 
   212.261586    -24.936724    -16.443531      0.656000 
   212.261597    -24.942839    -16.500788      0.656000 
   212.261609    -24.948956    -16.558044      0.656000 
   212.261620    -24.955072    -16.615301      0.656000 
   212.261632    -24.961191    -16.672556      0.656000 
   212.261644    -24.967314    -16.729810      0.656000 
   212.261655    -24.973434    -16.787066      0.656000 
   212.261667    -24.979557    -16.844318      0.656000 
   212.261678    -24.985682    -16.901571      0.656000 
   212.261690    -24.991808    -16.958824      0.656000 
   214.259606    -25.586857    -13.040773     10.989000 
   214.259618    -25.592905    -13.098061     10.839001 
   214.259630    -25.598955    -13.155348     10.489000 
   214.259641    -25.605005    -13.212635     10.225000 
   214.259653    -25.611057    -13.269922     10.131001 
   214.259664    -25.617111    -13.327208     10.077001 
   214.259676    -25.623165    -13.384494     10.327001 
   214.259687    -25.629220    -13.441779     10.237000 
   214.259699    -25.635277    -13.499063     10.063001 
   214.259711    -25.641333    -13.556348      9.901000 
   214.259722    -25.647390    -13.613631      9.850000 
   214.259734    -25.653450    -13.670914      9.757001 
   214.259745    -25.659510    -13.728197      9.566000 
   214.259757    -25.665571    -13.785479      9.333000 
   214.259769    -25.671633    -13.842761      9.394000 
   214.259769    -25.677696    -13.900042      9.277000 
   214.259780    -25.683760    -13.957323      9.452001 
   214.259792    -25.689825    -14.014603      9.533000 
   214.259803    -25.695890    -14.071883      9.444000 
   214.259815    -25.701958    -14.129162      9.213000 
   214.259826    -25.708027    -14.186441      9.397000 
   214.259838    -25.714096    -14.243719      9.305000 
   214.259850    -25.720165    -14.300997      9.474000 
   214.259861    -25.726236    -14.358274      9.580001 
   214.259873    -25.732310    -14.415551      9.738001 
   214.259884    -25.738382    -14.472827      9.599001 
   214.259896    -25.744457    -14.530103      9.748000 
   214.259907    -25.750534    -14.587378      9.513001 
   214.259919    -25.756610    -14.644653      9.556001 
   214.259931    -25.762690    -14.701927      9.397000 
   214.259942    -25.768768    -14.759201      9.452001 
   214.259954    -25.774849    -14.816474      9.278001 
   214.259954    -25.780930    -14.873747      9.444000 
   214.259965    -25.787010    -14.931019      9.376000 
   214.259977    -25.793095    -14.988291      9.536000 
   214.259988    -25.799180    -15.045562      9.518001 
   214.260000    -25.805265    -15.102832      9.414001 
   214.260012    -25.811352    -15.160102      9.639001 
   214.260023    -25.817440    -15.217372      9.819000 
   214.260035    -25.823528    -15.274641      9.586000 
   214.260046    -25.829620    -15.331910      9.588000 
   214.260058    -25.835710    -15.389178      9.542001 
   214.260069    -25.841805    -15.446445      8.998000 
   214.260081    -25.847898    -15.503712      8.910001 
   214.260093    -25.853992    -15.560979      9.291000 
   214.260104    -25.860088    -15.618245      9.649000 
   214.260116    -25.866186    -15.675510      9.397000 
   214.260127    -25.872286    -15.732775      9.520000 
   214.260139    -25.878386    -15.790039      9.406000 
   214.260150    -25.884485    -15.847303      9.340000 
   214.260150    -25.890589    -15.904566      9.396001 
   214.260162    -25.896690    -15.961829     10.041000 
   214.260174    -25.902796    -16.019090     10.328000 
   214.260185    -25.908901    -16.076353     10.841001 
   214.260197    -25.915009    -16.133614     10.869000 
   214.260208    -25.921118    -16.190874     10.466001 
   214.260220    -25.927227    -16.248135     10.567000 
   214.260231    -25.933338    -16.305393     10.681001 
   214.260243    -25.939450    -16.362654     10.573001 
   214.260255    -25.945562    -16.419910     10.737000 
   214.260266    -25.951677    -16.477169     10.564000 
   214.260278    -25.957792    -16.534426     10.738001 
   214.260289    -25.963911    -16.591682     11.160001 
   214.260301    -25.970030    -16.648940     11.142000 
   214.260312    -25.976149    -16.706196     11.095000 
   214.260324    -25.982270    -16.763450     10.786000 
   214.260336    -25.988392    -16.820704     10.785001 
   214.260347    -25.994514    -16.877958     10.958000 
   214.260347    -26.000640    -16.935211     10.862000 
   214.260359    -26.006765    -16.992464     10.764001 
   216.258275    -26.595835    -13.025127      9.528001 
   216.258287    -26.601883    -13.082416      9.536000 
   216.258299    -26.607933    -13.139704      9.601001 
   216.258310    -26.613983    -13.196992      9.281000 
   216.258322    -26.620035    -13.254279      9.086000 
   216.258333    -26.626087    -13.311566      9.068001 
   216.258345    -26.632141    -13.368852      9.147000 
   216.258356    -26.638197    -13.426138      9.084001 
   216.258368    -26.644250    -13.483423      9.075001 
   216.258380    -26.650307    -13.540708      9.088000 
   216.258391    -26.656364    -13.597992      9.183001 
   216.258403    -26.668484    -13.712560     10.305000 
   216.258403    -26.662422    -13.655276     10.343000 
   216.258414    -26.674543    -13.769843      9.645000 
   216.258426    -26.680605    -13.827125      9.191000 
   216.258437    -26.686668    -13.884407      9.268001 
   216.258449    -26.692732    -13.941689      9.229000 
   216.258461    -26.698795    -13.998970      9.237000 
   216.258472    -26.704863    -14.056250      8.873000 
   216.258484    -26.710928    -14.113530      8.955001 
   216.258495    -26.716995    -14.170809      9.100000 
   216.258507    -26.723064    -14.228088      9.163000 
   216.258519    -26.729136    -14.285367      9.090000 
   216.258530    -26.735207    -14.342645      9.283000 
   216.258542    -26.741278    -14.399922      9.298000 
   216.258553    -26.747350    -14.457199      9.222000 
   216.258565    -26.753426    -14.514476      9.060000 
   216.258576    -26.759500    -14.571752      8.850000 
   216.258588    -26.765577    -14.629027      8.653001 
   216.258588    -26.771654    -14.686302      8.666000 
   216.258600    -26.777733    -14.743576      8.536000 
   216.258611    -26.783812    -14.800850      8.553000 
   216.258623    -26.789892    -14.858124      8.844001 
   216.258634    -26.795975    -14.915397      9.019000 
   216.258646    -26.802057    -14.972669      8.908000 
   216.258657    -26.808142    -15.029941      8.452001 
   216.258669    -26.814228    -15.087212      8.666000 
   216.258681    -26.820314    -15.144483      8.655001 
   216.258692    -26.826403    -15.201753      8.926001 
   216.258704    -26.832490    -15.259023      8.922001 
   216.258715    -26.838580    -15.316293      8.952001 
   216.258727    -26.844671    -15.373561      9.015000 
   216.258738    -26.850763    -15.430829      8.823000 
   216.258750    -26.856857    -15.488097      8.738001 
   216.258762    -26.862951    -15.545364      8.706000 
   216.258773    -26.869047    -15.602631      8.903001 
   216.258785    -26.875143    -15.659897      8.758000 
   216.258785    -26.881243    -15.717163      8.602000 
   216.258796    -26.887340    -15.774428      8.673000 
   216.258808    -26.893442    -15.831692      8.712001 
   216.258819    -26.899544    -15.888956      8.783000 
   216.258831    -26.905647    -15.946220      8.790000 
   216.258843    -26.911750    -16.003483      8.808001 
   216.258854    -26.917856    -16.060745      8.736000 
   216.258866    -26.923964    -16.118008      8.807000 
   216.258877    -26.930070    -16.175268      8.797001 
   216.258889    -26.936178    -16.232529      8.737000 
   216.258900    -26.942290    -16.289790      8.689000 
   216.258912    -26.948400    -16.347050      8.151000 
   216.258924    -26.954514    -16.404308      7.927001 
   216.258935    -26.960629    -16.461567      8.064000 
   216.258947    -26.966743    -16.518824      8.441000 
   216.258958    -26.972860    -16.576082      8.574000 
   216.258970    -26.978977    -16.633339      8.450001 
   216.258981    -26.985098    -16.690596      8.411000 
   216.258981    -26.991217    -16.747850      8.481000 
   216.258993    -26.997340    -16.805105      8.368000 
   227.727731    -23.070082    -16.993340      0.656000 
   227.727789    -23.100712    -16.707083      0.729000 
   227.727801    -23.106833    -16.649830      1.001000 
   227.727801    -23.112953    -16.592575      1.304000 
   227.727812    -23.119074    -16.535320      1.596000 
   227.727824    -23.125193    -16.478065      1.784000 
   227.727836    -23.131310    -16.420810      1.827000 
   227.727847    -23.137424    -16.363556      1.850000 
   227.727859    -23.143540    -16.306297      2.020000 
   227.727870    -23.149652    -16.249040      2.238000 
   227.727882    -23.155766    -16.191784      2.447000 
   227.727894    -23.161877    -16.134525      2.590000 
   227.727905    -23.167986    -16.077267      2.778000 
   227.727917    -23.174093    -16.020006      3.056000 
   227.727928    -23.180200    -15.962747      3.268000 
   227.727940    -23.186308    -15.905487      3.366000 
   227.727951    -23.192411    -15.848226      3.355000 
   227.727963    -23.198517    -15.790965      3.330000 
   227.727975    -23.204618    -15.733703      3.377000 
   227.727986    -23.210718    -15.676440      3.390000 
   227.727998    -23.216820    -15.619177      3.359000 
   227.727998    -23.222918    -15.561914      3.228000 
   227.728009    -23.229015    -15.504650      3.192000 
   227.728021    -23.235111    -15.447385      3.354000 
   227.728032    -23.241207    -15.390120      3.564000 
   227.728044    -23.247301    -15.332854      3.645000 
   227.728056    -23.253393    -15.275588      3.777000 
   227.728067    -23.259485    -15.218321      3.877000 
   227.728079    -23.265575    -15.161054      4.129000 
   227.728090    -23.271666    -15.103786      4.296000 
   227.728102    -23.277754    -15.046518      4.492000 
   227.728113    -23.283840    -14.989249      4.628000 
   227.728125    -23.289927    -14.931980      4.741000 
   227.728137    -23.296013    -14.874710      4.951000 
   227.728148    -23.302095    -14.817439      4.964000 
   227.728160    -23.308178    -14.760168      5.105000 
   227.728171    -23.314260    -14.702897      4.964000 
   227.728183    -23.320340    -14.645625      5.151000 
   227.728194    -23.326420    -14.588353      5.214000 
   227.728194    -23.332499    -14.531080      5.240000 
   227.728206    -23.338575    -14.473806      5.424000 
   227.728218    -23.344650    -14.416532      5.422000 
   227.728229    -23.350725    -14.359258      5.663000 
   227.728241    -23.356800    -14.301983      5.630000 
   227.728252    -23.362871    -14.244707      5.636000 
   227.728264    -23.368944    -14.187431      5.609000 
   227.728275    -23.375015    -14.130155      5.767000 
   227.728287    -23.381084    -14.072878      6.007000 
   227.728299    -23.387154    -14.015600      6.065000 
   227.728310    -23.393220    -13.958322      5.985000 
   227.728322    -23.399286    -13.901044      6.135000 
   227.728333    -23.405354    -13.843765      5.976000 
   227.728345    -23.411417    -13.786485      6.193000 
   227.728356    -23.417480    -13.729205      6.411000 
   227.728368    -23.423544    -13.671925      6.469000 
   227.728380    -23.429604    -13.614644      6.235000 
   227.728380    -23.435665    -13.557363      6.276001 
   227.728391    -23.441725    -13.500081      6.182000 
   227.728403    -23.447783    -13.442798      6.099000 
   227.728414    -23.453840    -13.385516      6.007000 
   227.728426    -23.459896    -13.328232      6.200000 
   227.728437    -23.465952    -13.270948      6.745000 
   227.728449    -23.472006    -13.213664      6.604000 
   227.728461    -23.478060    -13.156379      6.793000 
   227.728472    -23.484112    -13.099094      6.600000 
   227.728484    -23.490164    -13.041808      6.689000 
   229.726412    -24.083076    -16.996334      4.755000 
   229.726424    -24.089205    -16.939085      4.644000 
   229.726435    -24.095331    -16.881836      4.695000 
   229.726435    -24.101458    -16.824583      4.620000 
   229.726447    -24.107582    -16.767332      4.570000 
   229.726458    -24.113705    -16.710080      4.613000 
   229.726470    -24.119827    -16.652826      4.681000 
   229.726481    -24.125948    -16.595573      4.809000 
   229.726493    -24.132067    -16.538320      5.163000 
   229.726505    -24.138186    -16.481066      5.007000 
   229.726516    -24.144302    -16.423811      5.152000 
   229.726528    -24.150417    -16.366554      5.042000 
   229.726539    -24.156532    -16.309300      5.159000 
   229.726551    -24.162645    -16.252043      4.894000 
   229.726562    -24.168756    -16.194784      4.836000 
   229.726574    -24.174868    -16.137527      4.764000 
   229.726586    -24.180977    -16.080269      4.741000 
   229.726597    -24.187084    -16.023010      4.559000 
   229.726609    -24.193192    -15.965751      4.573000 
   229.726620    -24.199299    -15.908492      4.561000 
   229.726632    -24.205402    -15.851231      4.724000 
   229.726632    -24.211506    -15.793970      4.655000 
   229.726644    -24.217607    -15.736709      4.626000 
   229.726655    -24.223707    -15.679447      4.737000 
   229.726667    -24.229809    -15.622184      4.735000 
   229.726678    -24.235907    -15.564921      4.780000 
   229.726690    -24.242004    -15.507658      4.815000 
   229.726701    -24.248100    -15.450394      5.023000 
   229.726713    -24.254194    -15.393129      5.042000 
   229.726725    -24.260288    -15.335864      5.129000 
   229.726736    -24.266380    -15.278598      5.147000 
   229.726748    -24.272472    -15.221332      5.121000 
   229.726759    -24.278563    -15.164065      5.191001 
   229.726771    -24.284653    -15.106798      5.416000 
   229.726782    -24.290740    -15.049530      5.570000 
   229.726794    -24.296827    -14.992262      5.525000 
   229.726806    -24.302912    -14.934993      5.468000 
   229.726817    -24.308996    -14.877724      5.479000 
   229.726817    -24.315080    -14.820454      5.621000 
   229.726829    -24.321163    -14.763183      5.779000 
   229.726840    -24.327244    -14.705912      5.624000 
   229.726852    -24.333324    -14.648641      5.504000 
   229.726863    -24.339403    -14.591369      5.490000 
   229.726875    -24.345482    -14.534097      5.735000 
   229.726887    -24.351559    -14.476824      5.978000 
   229.726898    -24.357634    -14.419550      6.168000 
   229.726910    -24.363708    -14.362276      6.206000 
   229.726921    -24.369781    -14.305002      6.192000 
   229.726933    -24.375854    -14.247727      5.798000 
   229.726944    -24.381926    -14.190451      5.839000 
   229.726956    -24.387997    -14.133175      6.069000 
   229.726968    -24.394066    -14.075899      5.897000 
   229.726979    -24.400135    -14.018622      6.035000 
   229.726991    -24.406202    -13.961345      5.952000 
   229.727002    -24.412268    -13.904067      6.113000 
   229.727014    -24.418333    -13.846788      5.960000 
   229.727014    -24.424397    -13.789509      5.983000 
   229.727025    -24.430462    -13.732230      6.253000 
   229.727037    -24.436523    -13.674950      6.498000 
   229.727049    -24.442583    -13.617669      6.579001 
   229.727060    -24.448645    -13.560388      6.714000 
   229.727072    -24.454702    -13.503107      6.777000 
   229.727083    -24.460760    -13.445825      6.854000 
   229.727095    -24.466818    -13.388543      6.696000 
   229.727106    -24.472874    -13.331260      6.642000 
   229.727118    -24.478930    -13.273977      6.476000 
   229.727130    -24.484983    -13.216693      6.526001 
   229.727141    -24.491037    -13.159408      6.449000 
   229.727153    -24.497090    -13.102124      6.644000 
   229.727164    -24.503140    -13.044838      6.469000 
   231.725081    -25.096033    -16.995240      4.284000 
   231.725093    -25.102161    -16.937988      4.358000 
   231.725104    -25.108288    -16.880740      4.422000 
   231.725116    -25.114414    -16.823488      4.492000 
   231.725127    -25.120539    -16.766237      4.482000 
   231.725139    -25.126661    -16.708986      4.474000 
   231.725150    -25.132784    -16.651733      4.374000 
   231.725162    -25.138905    -16.594480      4.594000 
   231.725174    -25.145023    -16.537228      4.925000 
   231.725185    -25.151142    -16.479975      5.256000 
   231.725197    -25.157259    -16.422718      5.525000 
   231.725208    -25.163376    -16.365463      5.566001 
   231.725220    -25.169489    -16.308208      5.550000 
   231.725231    -25.175602    -16.250952      5.640000 
   231.725243    -25.181713    -16.193695      5.521000 
   231.725255    -25.187824    -16.136438      5.585000 
   231.725266    -25.193933    -16.079182      5.795000 
   231.725266    -25.200043    -16.021923      5.959000 
   231.725278    -25.206148    -15.964664      5.907000 
   231.725289    -25.212255    -15.907404      6.148000 
   231.725301    -25.218360    -15.850144      6.074000 
   231.725313    -25.224463    -15.792884      6.130000 
   231.725324    -25.230564    -15.735623      6.318000 
   231.725336    -25.236666    -15.678361      6.605001 
   231.725347    -25.242765    -15.621099      6.712000 
   231.725359    -25.248863    -15.563837      6.607000 
   231.725370    -25.254961    -15.506574      6.362000 
   231.725382    -25.261059    -15.449310      6.151001 
   231.725394    -25.267153    -15.392046      6.203000 
   231.725405    -25.273247    -15.334781      5.915000 
   231.725417    -25.279339    -15.277516      5.912000 
   231.725428    -25.285430    -15.220250      5.793000 
   231.725440    -25.291521    -15.162984      5.612000 
   231.725451    -25.303698    -15.048450      5.724000 
   231.725451    -25.297610    -15.105717      5.422000 
   231.725463    -25.309786    -14.991182      6.168000 
   231.725475    -25.315870    -14.933914      6.625000 
   231.725486    -25.321957    -14.876645      6.901001 
   231.725498    -25.328040    -14.819375      6.872000 
   231.725509    -25.334122    -14.762105      6.610000 
   231.725521    -25.340202    -14.704835      6.605001 
   231.725532    -25.346283    -14.647564      6.615000 
   231.725544    -25.352362    -14.590292      6.538000 
   231.725556    -25.358440    -14.533020      6.333000 
   231.725567    -25.364517    -14.475748      6.494000 
   231.725579    -25.370592    -14.418475      6.707000 
   231.725590    -25.376669    -14.361201      6.815001 
   231.725602    -25.382742    -14.303927      6.804000 
   231.725613    -25.388815    -14.246653      6.710000 
   231.725625    -25.394884    -14.189378      6.901001 
   231.725637    -25.400955    -14.132102      7.019000 
   231.725648    -25.407024    -14.074826      7.334000 
   231.725648    -25.413094    -14.017550      7.353000 
   231.725660    -25.419160    -13.960273      6.942000 
   231.725671    -25.425226    -13.902995      6.772000 
   231.725683    -25.431293    -13.845717      6.759000 
   231.725694    -25.437357    -13.788439      6.682000 
   231.725706    -25.443420    -13.731160      6.452000 
   231.725718    -25.449482    -13.673881      6.289001 
   231.725729    -25.455544    -13.616601      6.537000 
   231.725741    -25.461603    -13.559320      6.598001 
   231.725752    -25.467663    -13.502039      6.596000 
   231.725764    -25.473720    -13.444758      6.809000 
   231.725775    -25.479778    -13.387476      6.757000 
   231.725787    -25.485834    -13.330193      6.762000 
   231.725799    -25.491890    -13.272911      6.779000 
   231.725810    -25.497944    -13.215627      6.937000 
   231.725822    -25.503998    -13.158343      6.903000 
   231.725833    -25.510050    -13.101059      6.999001 
   231.725845    -25.516100    -13.043774      7.176000 
   233.212963    -23.002960    -15.328684      9.960000 
   233.212975    -23.009054    -15.385954     10.415001 
   233.212986    -23.015148    -15.443224     10.543000 
   233.212998    -23.021246    -15.500493      9.909000 
   233.213009    -23.027344    -15.557762      9.607000 
   233.213021    -23.033442    -15.615030      9.660001 
   233.213032    -23.039541    -15.672298      9.955001 
   233.213044    -23.045643    -15.729565     10.336000 
   233.213056    -23.051744    -15.786832     10.480000 
   233.213067    -23.057848    -15.844098     10.554001 
   233.213079    -23.063951    -15.901364     10.586000 
   233.213090    -23.070059    -15.958629     11.164001 
   233.213090    -23.076164    -16.015894     11.025001 
   233.213102    -23.082273    -16.073156     11.540001 
   233.213113    -23.088383    -16.130420     11.471001 
   233.213125    -23.094494    -16.187683     11.284000 
   233.213137    -23.100605    -16.244946     11.726001 
   233.213148    -23.106718    -16.302208     11.980000 
   233.213160    -23.112833    -16.359468     11.677001 
   233.213171    -23.118950    -16.416729     11.906000 
   233.213183    -23.125067    -16.473990     11.577001 
   233.213194    -23.131184    -16.531248     11.451000 
   233.213206    -23.137302    -16.588509     11.559001 
   233.213218    -23.143423    -16.645765     11.806001 
   233.213229    -23.149546    -16.703024     11.943001 
   233.213241    -23.155668    -16.760280     12.006001 
   233.213252    -23.161795    -16.817537     11.596001 
   233.213264    -23.167920    -16.874796     11.211000 
   233.213275    -23.174047    -16.932050     11.263001 
   233.213275    -23.180176    -16.989305     11.597000 
   233.723762    -26.109062    -16.989622      9.637000 
   233.723773    -26.115190    -16.932373      9.709001 
   233.723785    -26.121319    -16.875122      9.906000 
   233.723796    -26.127445    -16.817873      9.797001 
   233.723808    -26.133570    -16.760622      9.800000 
   233.723819    -26.139694    -16.703371      9.811001 
   233.723831    -26.145817    -16.646118     10.099001 
   233.723843    -26.151937    -16.588867     10.295000 
   233.723854    -26.158058    -16.531614     10.455001 
   233.723866    -26.164177    -16.474360     10.457001 
   233.723877    -26.170294    -16.417107     10.656000 
   233.723889    -26.176410    -16.359852     10.432000 
   233.723889    -26.182526    -16.302595     10.718000 
   233.723900    -26.188639    -16.245340     10.666000 
   233.723912    -26.194752    -16.188084     10.723001 
   233.723924    -26.200863    -16.130829     11.002001 
   233.723935    -26.206972    -16.073570     11.255000 
   233.723947    -26.213081    -16.016312     11.012000 
   233.723958    -26.219189    -15.959054     11.147000 
   233.723970    -26.225294    -15.901795     11.225000 
   233.723981    -26.231400    -15.844535     11.269001 
   233.723993    -26.237503    -15.787275     11.265000 
   233.724005    -26.243607    -15.730015     11.657001 
   233.724016    -26.249708    -15.672754     11.660001 
   233.724028    -26.255808    -15.615492     11.885000 
   233.724039    -26.261908    -15.558230     12.036000 
   233.724051    -26.268005    -15.500967     12.185000 
   233.724063    -26.274101    -15.443704     11.896001 
   233.724074    -26.280197    -15.386440     11.115001 
   233.724086    -26.286291    -15.329176     11.314000 
   233.724086    -26.292385    -15.271911     11.185000 
   233.724097    -26.298477    -15.214645     11.454000 
   233.724109    -26.304567    -15.157380     11.416000 
   233.724120    -26.310658    -15.100113     12.004001 
   233.724132    -26.316748    -15.042846     11.381001 
   233.724144    -26.322834    -14.985579     10.961000 
   233.724155    -26.328920    -14.928311     10.459001 
   233.724167    -26.335007    -14.871042     10.307000 
   233.724178    -26.341090    -14.813773     10.583000 
   233.724190    -26.347174    -14.756504     10.579000 
   233.724201    -26.353254    -14.699234     11.171000 
   233.724213    -26.359335    -14.641963     10.646001 
   233.724225    -26.365416    -14.584692     10.944000 
   233.724236    -26.371494    -14.527420     10.902000 
   233.724248    -26.377571    -14.470148     11.296000 
   233.724259    -26.383648    -14.412876     11.485001 
   233.724271    -26.389723    -14.355602     10.912001 
   233.724282    -26.395798    -14.298329     10.330001 
   233.724282    -26.401870    -14.241055      9.964001 
   233.724294    -26.407942    -14.183780     10.086000 
   233.724306    -26.414013    -14.126505      9.960000 
   233.724317    -26.420082    -14.069229     10.049001 
   233.724329    -26.426151    -14.011953      9.766001 
   233.724340    -26.432220    -13.954677      9.494000 
   233.724352    -26.438288    -13.897400      9.281000 
   233.724363    -26.444353    -13.840122      9.712001 
   233.724375    -26.450418    -13.782844      9.860001 
   233.724387    -26.456482    -13.725565      9.641001 
   233.724398    -26.462543    -13.668286      9.629001 
   233.724410    -26.468607    -13.611007      9.433001 
   233.724421    -26.474667    -13.553726      9.348001 
   233.724433    -26.480726    -13.496446      9.039001 
   233.724444    -26.486786    -13.439165      9.024000 
   233.724456    -26.492844    -13.381883      9.403001 
   233.724468    -26.498900    -13.324601      9.418000 
   233.724468    -26.504955    -13.267319      9.626000 
   233.724479    -26.511010    -13.210036      9.816001 
   233.724491    -26.517063    -13.152752      9.908001 
   233.724502    -26.523117    -13.095468      9.551001 
   233.724514    -26.529170    -13.038184      9.476001 
   235.211204    -23.773740    -13.047158     10.439000 
   235.211215    -23.779793    -13.104449     10.241000 
   235.211227    -23.785847    -13.161739     10.133000 
   235.211238    -23.791900    -13.219028     10.042001 
   235.211250    -23.797956    -13.276317     10.053000 
   235.211262    -23.804012    -13.333606      9.893001 
   235.211273    -23.810070    -13.390894      9.945001 
   235.211285    -23.816130    -13.448182      9.853001 
   235.211296    -23.822187    -13.505469      9.988001 
   235.211308    -23.828249    -13.562755     10.165001 
   235.211319    -23.834310    -13.620041     10.673000 
   235.211331    -23.846436    -13.734612     10.482000 
   235.211331    -23.840372    -13.677327     10.486000 
   235.211343    -23.852500    -13.791897     10.249001 
   235.211354    -23.858564    -13.849181     10.114000 
   235.211366    -23.864632    -13.906465     10.166000 
   235.211377    -23.870699    -13.963748     10.089001 
   235.211389    -23.876768    -14.021031     10.191001 
   235.211400    -23.882837    -14.078313     10.171000 
   235.211412    -23.888908    -14.135594      9.894000 
   235.211424    -23.894980    -14.192876      9.877001 
   235.211435    -23.901052    -14.250156      9.572000 
   235.211447    -23.907127    -14.307437      9.705001 
   235.211458    -23.913200    -14.364716     10.171000 
   235.211470    -23.919277    -14.421995     10.994000 
   235.211481    -23.925356    -14.479274     10.637000 
   235.211493    -23.931433    -14.536552     10.046000 
   235.211505    -23.937511    -14.593830      9.773001 
   235.211516    -23.943592    -14.651107     10.120001 
   235.211528    -23.949675    -14.708384      9.886001 
   235.211528    -23.955755    -14.765660      9.607000 
   235.211539    -23.961840    -14.822935      9.385000 
   235.211551    -23.967924    -14.880211      9.146001 
   235.211562    -23.974010    -14.937485      9.370001 
   235.211574    -23.980097    -14.994759      9.710000 
   235.211586    -23.986185    -15.052033      9.371000 
   235.211597    -23.992275    -15.109306      8.872001 
   235.211609    -23.998365    -15.166578      8.896001 
   235.211620    -24.004457    -15.223850      9.101001 
   235.211632    -24.010550    -15.281122      9.486000 
   235.211644    -24.016644    -15.338393      9.849001 
   235.211655    -24.022738    -15.395663      9.805000 
   235.211667    -24.028835    -15.452933      9.839001 
   235.211678    -24.034931    -15.510202      9.864000 
   235.211690    -24.041030    -15.567471     10.035001 
   235.211701    -24.047130    -15.624739     10.026000 
   235.211713    -24.053230    -15.682007     10.032001 
   235.211725    -24.059334    -15.739274      9.622001 
   235.211725    -24.065437    -15.796541      9.473001 
   235.211736    -24.071540    -15.853807      9.654000 
   235.211748    -24.077646    -15.911073      9.644000 
   235.211759    -24.083754    -15.968338      9.359000 
   235.211771    -24.089863    -16.025602      9.614000 
   235.211782    -24.095970    -16.082867      9.537001 
   235.211794    -24.102081    -16.140130      9.475000 
   235.211806    -24.108194    -16.197393      9.316000 
   235.211817    -24.114307    -16.254656      9.158000 
   235.211829    -24.120420    -16.311916      8.961000 
   235.211840    -24.126537    -16.369179      8.726001 
   235.211852    -24.132654    -16.426440      8.419001 
   235.211863    -24.138771    -16.483700      8.411000 
   235.211875    -24.144892    -16.540958      8.681001 
   235.211887    -24.151012    -16.598219      9.189000 
   235.211898    -24.157133    -16.655476      9.206000 
   235.211910    -24.163258    -16.712734      9.266001 
   235.211910    -24.169382    -16.769993      9.074000 
   235.211921    -24.175508    -16.827248      9.211000 
   235.211933    -24.181635    -16.884504      9.515000 
   235.211944    -24.187763    -16.941760      9.358001 
   235.211956    -24.193893    -16.999016      9.389001 
   237.209873    -24.781546    -13.005129      9.740001 
   237.209884    -24.787598    -13.062420      9.734000 
   237.209896    -24.793652    -13.119710      9.694000 
   237.209907    -24.799707    -13.177000      9.977000 
   237.209919    -24.805761    -13.234290     10.193001 
   237.209931    -24.811820    -13.291579     10.216001 
   237.209942    -24.817877    -13.348867     10.080001 
   237.209954    -24.823935    -13.406155     10.078000 
   237.209965    -24.829994    -13.463443      9.600000 
   237.209965    -24.836056    -13.520730      9.583000 
   237.209977    -24.842117    -13.578017      9.314000 
   237.209988    -24.848179    -13.635303      9.244000 
   237.210000    -24.854242    -13.692589      9.156000 
   237.210012    -24.860308    -13.749874      9.036000 
   237.210023    -24.866373    -13.807159      9.249001 
   237.210035    -24.872440    -13.864443      9.409000 
   237.210046    -24.878508    -13.921726      9.527000 
   237.210058    -24.884577    -13.979010      9.470000 
   237.210069    -24.890646    -14.036292      9.456000 
   237.210081    -24.896717    -14.093575      9.400001 
   237.210093    -24.902788    -14.150856      9.442000 
   237.210104    -24.908861    -14.208137      9.592000 
   237.210116    -24.914936    -14.265418      9.691000 
   237.210127    -24.921011    -14.322698      9.773001 
   237.210139    -24.927088    -14.379978     10.212001 
   237.210150    -24.933165    -14.437257     10.494000 
   237.210162    -24.939241    -14.494536     10.426001 
   237.210162    -24.945322    -14.551814     10.750001 
   237.210174    -24.951403    -14.609092     10.632001 
   237.210185    -24.957483    -14.666369     10.571000 
   237.210197    -24.963566    -14.723646      9.992001 
   237.210208    -24.969650    -14.780922      9.741000 
   237.210220    -24.975735    -14.838197      9.417001 
   237.210231    -24.981821    -14.895472      9.038000 
   237.210243    -24.987907    -14.952747      9.032001 
   237.210255    -24.993996    -15.010021      9.040000 
   237.210266    -25.000086    -15.067295      9.002001 
   237.210278    -25.006176    -15.124568      9.119000 
   237.210289    -25.012268    -15.181840      9.084001 
   237.210301    -25.018360    -15.239112      9.398001 
   237.210313    -25.024454    -15.296384      9.894000 
   237.210324    -25.030550    -15.353655     10.026000 
   237.210336    -25.036646    -15.410925      9.569000 
   237.210347    -25.042744    -15.468195      9.421000 
   237.210347    -25.048841    -15.525464      9.590000 
   237.210359    -25.054941    -15.582733      9.519000 
   237.210370    -25.061043    -15.640001      9.797001 
   237.210382    -25.067144    -15.697269      9.712001 
   237.210394    -25.073248    -15.754536     10.092000 
   237.210405    -25.079353    -15.811803      9.896001 
   237.210417    -25.085459    -15.869069     10.339001 
   237.210428    -25.091566    -15.926335     10.233001 
   237.210440    -25.097673    -15.983600     10.412001 
   237.210451    -25.103783    -16.040865     10.612000 
   237.210463    -25.109894    -16.098127     10.649000 
   237.210475    -25.116007    -16.155392     11.253000 
   237.210486    -25.122120    -16.212654     11.710001 
   237.210498    -25.128235    -16.269917     11.335001 
   237.210509    -25.134350    -16.327177     10.706000 
   237.210521    -25.140467    -16.384440     10.292001 
   237.210532    -25.146584    -16.441700     10.555000 
   237.210544    -25.152704    -16.498960     11.045000 
   237.210544    -25.158825    -16.556220     11.114000 
   237.210556    -25.164946    -16.613480     11.311001 
   237.210567    -25.171070    -16.670736     11.615001 
   237.210579    -25.177195    -16.727995     12.255000 
   237.210590    -25.183320    -16.785254     12.735001 
   237.210602    -25.189447    -16.842510     11.808001 
   237.210613    -25.195576    -16.899767     11.878000 
   237.210625    -25.201706    -16.957022     10.437000 
   239.208553    -25.795532    -13.028861      8.999001 
   239.208565    -25.801584    -13.086152      8.940001 
   239.208576    -25.807640    -13.143442      9.018001 
   239.208588    -25.813696    -13.200732      8.921000 
   239.208600    -25.819752    -13.258022      8.991000 
   239.208600    -25.825810    -13.315311      8.832001 
   239.208611    -25.831867    -13.372599      8.843000 
   239.208623    -25.837929    -13.429887      8.873000 
   239.208634    -25.843988    -13.487175      8.554001 
   239.208646    -25.850050    -13.544462      8.581000 
   239.208657    -25.856112    -13.601749      8.821000 
   239.208669    -25.862177    -13.659035      8.432000 
   239.208681    -25.868240    -13.716320      8.386001 
   239.208692    -25.874306    -13.773606      8.450001 
   239.208704    -25.880373    -13.830890      8.823000 
   239.208715    -25.886440    -13.888174      8.860001 
   239.208727    -25.892510    -13.945458      8.958000 
   239.208738    -25.898579    -14.002741      9.048000 
   239.208750    -25.904650    -14.060024      9.045000 
   239.208762    -25.910720    -14.117306      9.034000 
   239.208773    -25.916794    -14.174588      8.910001 
   239.208785    -25.922869    -14.231869      8.745001 
   239.208796    -25.928944    -14.289150      8.506001 
   239.208796    -25.935019    -14.346430      8.509001 
   239.208808    -25.941097    -14.403709      8.235001 
   239.208819    -25.947174    -14.460989      8.052000 
   239.208831    -25.953255    -14.518267      7.953000 
   239.208843    -25.959333    -14.575545      7.968000 
   239.208854    -25.965416    -14.632823      7.720000 
   239.208866    -25.971498    -14.690100      7.619000 
   239.208877    -25.977583    -14.747377      7.638001 
   239.208889    -25.983667    -14.804653      7.748000 
   239.208900    -25.989754    -14.861928      7.756000 
   239.208912    -25.995840    -14.919203      7.753000 
   239.208924    -26.001928    -14.976478      7.899000 
   239.208935    -26.008017    -15.033752      7.905000 
   239.208947    -26.014109    -15.091025      8.089001 
   239.208958    -26.020199    -15.148298      8.258000 
   239.208970    -26.026293    -15.205571      8.258000 
   239.208981    -26.032387    -15.262843      8.194000 
   239.208981    -26.038480    -15.320114      7.817000 
   239.208993    -26.044577    -15.377385      7.701000 
   239.209005    -26.050674    -15.434655      7.745000 
   239.209016    -26.056772    -15.491925      7.932000 
   239.209028    -26.062874    -15.549195      8.091001 
   239.209039    -26.068974    -15.606463      8.351001 
   239.209051    -26.075075    -15.663732      8.360001 
   239.209063    -26.081179    -15.720999      8.232000 
   239.209074    -26.087284    -15.778266      8.071000 
   239.209086    -26.093390    -15.835533      8.145000 
   239.209097    -26.099497    -15.892799      8.226001 
   239.209109    -26.105604    -15.950065      8.245001 
   239.209120    -26.111713    -16.007330      8.124001 
   239.209132    -26.117825    -16.064594      8.119000 
   239.209144    -26.123936    -16.121859      8.202001 
   239.209155    -26.130049    -16.179121      8.314000 
   239.209167    -26.136164    -16.236383      8.233001 
   239.209178    -26.142279    -16.293646      8.352000 
   239.209178    -26.148396    -16.350908      8.378000 
   239.209190    -26.154512    -16.408169      8.535001 
   239.209201    -26.160633    -16.465430      8.757000 
   239.209213    -26.166754    -16.522690      8.909000 
   239.209225    -26.172874    -16.579948      8.860001 
   239.209236    -26.178999    -16.637209      8.340000 
   239.209248    -26.185122    -16.694468      8.326000 
   239.209259    -26.191248    -16.751724      8.316000 
   239.209271    -26.197374    -16.808983      8.079000 
   239.209282    -26.203503    -16.866240      8.093000 
   239.209294    -26.209633    -16.923494      8.143001 
   239.209306    -26.215763    -16.980750      8.115001 
   241.207222    -26.803598    -13.006554      7.193000 
   241.207234    -26.809652    -13.063846      7.177001 
   241.207234    -26.815706    -13.121137      7.247000 
   241.207245    -26.821762    -13.178427      7.334000 
   241.207257    -26.827820    -13.235717      7.499001 
   241.207269    -26.833876    -13.293006      7.637001 
   241.207280    -26.839933    -13.350295      7.611001 
   241.207292    -26.845995    -13.407584      7.455000 
   241.207303    -26.852055    -13.464872      7.036000 
   241.207315    -26.858114    -13.522159      6.762000 
   241.207326    -26.864178    -13.579446      6.630000 
   241.207338    -26.870241    -13.636733      6.653000 
   241.207350    -26.876305    -13.694019      6.875000 
   241.207361    -26.882372    -13.751304      7.073000 
   241.207373    -26.888437    -13.808589      7.699000 
   241.207384    -26.894505    -13.865874      7.420001 
   241.207396    -26.900574    -13.923158      6.910000 
   241.207407    -26.906643    -13.980441      6.844000 
   241.207419    -26.912712    -14.037724      7.123000 
   241.207419    -26.918783    -14.095007      7.499001 
   241.207431    -26.924856    -14.152289      7.623000 
   241.207442    -26.930931    -14.209571      7.715000 
   241.207454    -26.937006    -14.266852      7.713000 
   241.207465    -26.943080    -14.324132      7.550000 
   241.207477    -26.949158    -14.381412      7.534000 
   241.207488    -26.955236    -14.438692      7.324000 
   241.207500    -26.961315    -14.495971      7.383000 
   241.207512    -26.967396    -14.553250      7.434000 
   241.207523    -26.973476    -14.610528      7.709001 
   241.207535    -26.979559    -14.667805      7.699000 
   241.207546    -26.985641    -14.725082      7.623000 
   241.207558    -26.991728    -14.782359      7.777000 
   241.207569    -26.997812    -14.839635      7.976000 
