    28.021852    -34.566273    -19.968580      6.939000 
    28.021863    -34.580500    -19.909693      6.932000 
    28.021875    -34.594723    -19.850801      6.840000 
    28.021887    -34.608936    -19.791912      6.571000 
    28.021898    -34.623146    -19.733020      6.478000 
    28.021910    -34.637344    -19.674128      6.162000 
    28.021921    -34.651540    -19.615232      6.543000 
    28.021933    -34.665726    -19.556337      7.006000 
    28.021944    -34.679900    -19.497442      6.884000 
    28.021956    -34.694073    -19.438543      6.861001 
    28.021968    -34.708237    -19.379646      7.357000 
    28.021979    -34.722393    -19.320745      6.685000 
    28.021991    -34.736546    -19.261845      6.748000 
    28.022002    -34.750687    -19.202944      6.514000 
    28.022014    -34.764820    -19.144040      6.917000 
    28.022025    -34.778950    -19.085136      6.238000 
    28.022037    -34.793070    -19.026230      5.928000 
    28.022049    -34.807186    -18.967323      5.948000 
    28.022060    -34.821293    -18.908417      5.695000 
    28.022072    -34.835396    -18.849508      5.905000 
    28.022083    -34.849487    -18.790598      5.999000 
    28.022095    -34.863575    -18.731688      6.033000 
    28.022106    -34.877655    -18.672775      5.832000 
    28.022118    -34.891730    -18.613861      5.798000 
    28.022130    -34.905796    -18.554947      6.060000 
    28.022141    -34.919857    -18.496033      5.848000 
    28.022153    -34.933910    -18.437117      5.524000 
    28.022164    -34.947956    -18.378199      5.217001 
    28.022176    -34.961994    -18.319279      4.681000 
    28.022188    -34.976030    -18.260360      4.687000 
    28.022199    -34.990055    -18.201439      4.409000 
    28.022211    -35.004074    -18.142517      3.937000 
    28.022222    -35.018090    -18.083593      4.291000 
    28.022234    -35.032097    -18.024670      4.204000 
    31.500775    -33.008760    -18.491837      7.571001 
    31.500787    -33.022835    -18.550749      7.298000 
    31.500799    -33.036915    -18.609657      7.665000 
    31.500810    -33.051003    -18.668566      7.886000 
    31.500822    -33.065100    -18.727474      7.650001 
    31.500833    -33.079200    -18.786380      7.440001 
    31.500845    -33.093310    -18.845285      7.826000 
    31.500856    -33.107430    -18.904188      7.423000 
    31.500868    -33.121550    -18.963093      7.295001 
    31.500880    -33.135680    -19.021994      7.084000 
    31.500891    -33.149820    -19.080894      7.159000 
    31.500903    -33.163963    -19.139795      7.121000 
    31.500914    -33.178112    -19.198692      6.979001 
    31.500926    -33.192272    -19.257591      6.875000 
    31.500938    -33.206436    -19.316486      7.324000 
    31.500949    -33.220608    -19.375381      6.840000 
    31.500961    -33.234787    -19.434277      6.853000 
    31.500972    -33.248974    -19.493170      6.858000 
    31.500984    -33.263170    -19.552061      7.150001 
    31.500995    -33.277370    -19.610950      7.493000 
    31.501007    -33.291576    -19.669842      6.909000 
    31.501019    -33.305794    -19.728730      7.238000 
    31.501030    -33.320020    -19.787617      7.524000 
    31.501042    -33.334248    -19.846502      7.208000 
    31.501053    -33.348484    -19.905388      7.185000 
    31.501065    -33.362730    -19.964270      7.724000 
    32.019259    -33.622710    -19.961735      6.846000 
    32.019271    -33.636955    -19.902850      6.840000 
    32.019282    -33.651196    -19.843964      6.589000 
    32.019294    -33.665424    -19.785076      7.091001 
    32.019306    -33.679646    -19.726189      6.836000 
    32.019317    -33.693863    -19.667297      6.666000 
    32.019329    -33.708073    -19.608406      6.669000 
    32.019340    -33.722270    -19.549515      6.998000 
    32.019352    -33.736465    -19.490622      7.160000 
    32.019363    -33.750652    -19.431726      7.379000 
    32.019375    -33.764830    -19.372831      6.972000 
    32.019387    -33.779003    -19.313934      6.685000 
    32.019398    -33.793167    -19.255037      6.846000 
    32.019410    -33.807327    -19.196138      7.151001 
    32.019421    -33.821476    -19.137238      7.507000 
    32.019433    -33.835620    -19.078337      7.035000 
    32.019444    -33.849760    -19.019436      7.473001 
    32.019456    -33.863888    -18.960531      7.458000 
    32.019468    -33.878010    -18.901627      6.784000 
    32.019479    -33.892128    -18.842722      7.099000 
    32.019491    -33.906235    -18.783813      7.171000 
    32.019502    -33.920338    -18.724907      7.193000 
    32.019514    -33.934433    -18.665997      7.366000 
    32.019525    -33.948520    -18.607086      7.235000 
    32.019537    -33.962605    -18.548176      7.167000 
    32.019549    -33.976680    -18.489264      6.996000 
    32.019560    -33.990750    -18.430350      6.769000 
    32.019572    -34.004810    -18.371435      6.866000 
    32.019583    -34.018864    -18.312520      6.938000 
    32.019595    -34.032913    -18.253605      6.975000 
    32.019606    -34.046955    -18.194687      7.191001 
    32.019618    -34.060990    -18.135767      7.141000 
    32.019630    -34.075020    -18.076847      6.853000 
    32.019641    -34.089043    -18.017925      7.269000 
    36.016933    -33.010240    -18.615313      6.349000 
    36.016944    -33.024320    -18.556402      6.629000 
    36.016956    -33.038395    -18.497492      6.484000 
    36.016968    -33.052464    -18.438578      6.067000 
    36.016979    -33.066530    -18.379665      6.522000 
    36.016991    -33.080580    -18.320751      6.067000 
    36.017002    -33.094630    -18.261835      7.363000 
    36.017014    -33.108673    -18.202919      5.954001 
    36.017025    -33.122710    -18.144001      7.033000 
    36.017037    -33.136738    -18.085081      6.513001 
    36.017049    -33.150760    -18.026161      6.209000 
    42.511123    -36.647404    -18.029882      5.751000 
    42.511134    -36.661427    -18.088804      5.498000 
    42.511146    -36.675453    -18.147728      5.719000 
    42.511157    -36.689490    -18.206650      5.910000 
    42.511169    -36.703533    -18.265570      5.780000 
    42.511181    -36.717580    -18.324488      5.778000 
    42.511192    -36.731636    -18.383406      5.889000 
    42.511204    -36.745697    -18.442324      6.060000 
    42.511215    -36.759766    -18.501240      5.990000 
    42.511227    -36.773840    -18.560154      6.290000 
    42.511238    -36.787920    -18.619068      6.511000 
    42.511250    -36.802013    -18.677980      6.753000 
    42.511262    -36.816110    -18.736893      6.633000 
    42.511273    -36.830210    -18.795801      6.246000 
    42.511285    -36.844320    -18.854712      6.178000 
    42.511296    -36.858437    -18.913620      6.244000 
    42.511308    -36.872560    -18.972527      5.848000 
    42.511331    -36.900826    -19.090338      6.079001 
    42.511343    -36.914970    -19.149242      5.621000 
    42.511354    -36.929120    -19.208143      5.288000 
    42.511366    -36.943280    -19.267046      5.680000 
    42.511377    -36.957443    -19.325947      5.453000 
    42.511389    -36.971620    -19.384846      5.498000 
    42.511400    -36.985798    -19.443745      5.486000 
    42.511412    -36.999985    -19.502640      6.012000 
    46.508530    -35.707897    -18.007504      6.070000 
    46.508542    -35.721916    -18.066430      5.671000 
    46.508553    -35.735940    -18.125355      5.689000 
    46.508565    -35.749973    -18.184278      5.573000 
    46.508576    -35.764010    -18.243200      5.583000 
    46.508588    -35.778053    -18.302122      5.497000 
    46.508600    -35.792107    -18.361044      5.461000 
    46.508611    -35.806164    -18.419964      5.252000 
    46.508623    -35.820230    -18.478882      5.338000 
    46.508634    -35.834297    -18.537798      5.091000 
    46.508646    -35.848377    -18.596714      5.129000 
    46.508657    -35.862460    -18.655630      4.989000 
    46.508669    -35.876553    -18.714544      4.983000 
    46.508681    -35.890650    -18.773457      4.850000 
    46.508692    -35.904755    -18.832369      4.922000 
    46.508704    -35.918870    -18.891280      5.045000 
    46.508715    -35.932987    -18.950188      5.042000 
    46.508727    -35.947113    -19.009096      4.892000 
    46.508738    -35.961246    -19.068005      5.150000 
    46.508750    -35.975384    -19.126910      5.210000 
    46.508762    -35.989532    -19.185816      5.357000 
    46.508773    -36.003685    -19.244719      5.296000 
    46.508785    -36.017845    -19.303621      4.962000 
    46.508796    -36.032013    -19.362524      5.215000 
    46.508808    -36.046190    -19.421425      5.295000 
    46.508819    -36.060370    -19.480324      5.282000 
    46.508831    -36.074562    -19.539223      5.136000 
    46.508843    -36.088757    -19.598120      5.102000 
    46.508854    -36.102962    -19.657015      5.279000 
    46.508866    -36.117172    -19.715910      4.906000 
    46.508877    -36.131390    -19.774803      5.067000 
    46.508889    -36.145620    -19.833696      5.079001 
    46.508900    -36.159850    -19.892588      4.991000 
    46.508912    -36.174090    -19.951477      5.294000 
    47.027106    -36.438046    -19.966734      6.022000 
    47.027118    -36.452286    -19.907852      6.298000 
    47.027130    -36.466520    -19.848970      6.118000 
    47.027141    -36.480743    -19.790087      5.803000 
    47.027153    -36.494965    -19.731201      6.000000 
    47.027164    -36.509174    -19.672318      6.060000 
    47.027176    -36.523380    -19.613430      6.195000 
    47.027188    -36.537575    -19.554543      6.148000 
    47.027199    -36.551765    -19.495653      6.270001 
    47.027211    -36.565950    -19.436764      6.537000 
    47.027222    -36.580124    -19.377872      6.529000 
    47.027234    -36.594290    -19.318980      6.159000 
    47.027245    -36.608450    -19.260086      6.257000 
    47.027257    -36.622604    -19.201193      6.366000 
    47.027269    -36.636753    -19.142296      6.108000 
    47.027280    -36.650894    -19.083399      6.144000 
    47.027292    -36.665028    -19.024502      6.170000 
    47.027303    -36.679153    -18.965603      6.239000 
    47.027315    -36.693270    -18.906702      6.569000 
    47.027326    -36.707382    -18.847800      6.379000 
    47.027338    -36.721490    -18.788898      6.523000 
    47.027350    -36.735588    -18.729994      6.159000 
    47.027361    -36.749680    -18.671090      6.022000 
    47.027373    -36.763763    -18.612185      6.121000 
    47.027384    -36.777840    -18.553276      6.311000 
    47.027396    -36.791912    -18.494370      5.986000 
    47.027407    -36.805977    -18.435460      6.703467 
    47.027419    -36.820034    -18.376550      6.444000 
    47.027431    -36.834084    -18.317638      6.309000 
    47.027442    -36.848130    -18.258726      6.431000 
    47.027454    -36.862167    -18.199814      6.486001 
    47.027465    -36.876198    -18.140898      6.500000 
    47.027477    -36.890224    -18.081984      6.186000 
    47.027488    -36.904243    -18.023066      6.310000 
    50.505938    -34.778800    -18.046799      7.545001 
    50.505949    -34.792824    -18.105726      7.589000 
    50.505961    -34.806850    -18.164652      7.586000 
    50.505972    -34.820885    -18.223576      7.318000 
    50.505984    -34.834927    -18.282500      7.484000 
    50.505995    -34.848976    -18.341421      7.324000 
    50.506007    -34.863033    -18.400343      7.448000 
    50.506019    -34.877094    -18.459263      7.675000 
    50.506030    -34.891163    -18.518180      7.693000 
    50.506042    -34.905240    -18.577099      7.338000 
    50.506053    -34.919320    -18.636017      7.656000 
    50.506065    -34.933410    -18.694933      7.671000 
    50.506076    -34.947502    -18.753845      7.576000 
    50.506088    -34.961610    -18.812760      7.520001 
    50.506100    -34.975716    -18.871672      7.463000 
    50.506111    -34.989834    -18.930582      7.595000 
    50.506123    -35.003956    -18.989492      7.735000 
    50.506134    -35.018085    -19.048403      7.762001 
    50.506146    -35.032223    -19.107310      7.259000 
    50.506157    -35.046368    -19.166218      7.976000 
    50.506169    -35.060516    -19.225122      7.456000 
    50.506181    -35.074677    -19.284027      7.556000 
    50.506192    -35.088840    -19.342930      7.566001 
    50.506204    -35.103016    -19.401833      7.260000 
    50.506215    -35.117190    -19.460733      7.467001 
    50.506227    -35.131380    -19.519634      7.119000 
    50.506238    -35.145573    -19.578531      6.514000 
    50.506250    -35.159775    -19.637430      6.957000 
    50.506262    -35.173985    -19.696327      7.732000 
    50.506273    -35.188198    -19.755222      8.030001 
    50.506285    -35.202423    -19.814116      7.834001 
    50.506296    -35.216652    -19.873009      8.433001 
    50.506308    -35.230892    -19.931902      8.059000 
    50.506319    -35.245136    -19.990791      7.344000 
    51.024502    -35.495934    -19.981255      7.532000 
    51.024525    -35.524410    -19.863495      7.961000 
    51.024537    -35.538640    -19.804613      6.995000 
    51.024560    -35.567070    -19.686846      6.932000 
    51.024572    -35.581276    -19.627960      6.879000 
    51.024583    -35.595474    -19.569075      7.024000 
    51.024595    -35.609665    -19.510187      6.951000 
    51.024606    -35.623848    -19.451298      6.998000 
    51.024618    -35.638023    -19.392408      7.195000 
    51.024630    -35.652195    -19.333517      6.911000 
    51.024641    -35.666355    -19.274626      6.404000 
    51.024653    -35.680510    -19.215733      6.772000 
    51.024664    -35.694660    -19.156837      6.835000 
    51.024676    -35.708800    -19.097942      6.867000 
    51.024687    -35.722935    -19.039047      6.437000 
    51.024699    -35.737060    -18.980148      6.440001 
    51.024711    -35.751183    -18.921250      5.775000 
    51.024722    -35.765297    -18.862350      6.488000 
    51.024734    -35.779404    -18.803450      7.492001 
    51.024745    -35.793503    -18.744547      6.781000 
    51.024757    -35.807594    -18.685644      6.444000 
    51.024769    -35.821680    -18.626740      7.181000 
    51.024780    -35.835760    -18.567835      7.005000 
    51.024792    -35.849830    -18.508928      6.988000 
    51.024803    -35.863895    -18.450020      7.091001 
    51.024815    -35.877956    -18.391111      7.046000 
    51.024826    -35.892010    -18.332203      7.234000 
    51.024838    -35.906055    -18.273290      7.147000 
    51.024850    -35.920094    -18.214378      7.534000 
    51.024873    -35.948150    -18.096552      7.909000 
    51.024884    -35.962170    -18.037638      7.468000 
    54.503322    -33.829166    -18.010624      8.172000 
    54.503333    -33.843185    -18.069551      8.229000 
    54.503345    -33.857212    -18.128479      8.207001 
    54.503356    -33.871243    -18.187405      8.101001 
    54.503368    -33.885280    -18.246330      8.099000 
    54.503380    -33.899326    -18.305254      8.431001 
    54.503391    -33.913376    -18.364178      8.081000 
    54.503403    -33.927437    -18.423100      7.956000 
    54.503414    -33.941500    -18.482020      7.865000 
    54.503426    -33.955570    -18.540940      7.925000 
    54.503437    -33.969650    -18.599857      7.929000 
    54.503449    -33.983734    -18.658775      8.162001 
    54.503461    -33.997826    -18.717691      7.966001 
    54.503472    -34.011925    -18.776606      8.090000 
    54.503484    -34.026030    -18.835520      8.000000 
    54.503495    -34.040142    -18.894432      7.689000 
    54.503507    -34.054260    -18.953344      7.880001 
    54.503519    -34.068390    -19.012257      7.722001 
    54.503530    -34.082520    -19.071165      7.418000 
    54.503542    -34.096660    -19.130074      7.329001 
    54.503553    -34.110810    -19.188982      7.300000 
    54.503565    -34.124960    -19.247889      6.997000 
    54.503576    -34.139126    -19.306793      6.910000 
    54.503588    -34.153294    -19.365698      7.354001 
    54.503600    -34.167470    -19.424600      7.496000 
    54.503611    -34.181650    -19.483501      7.419000 
    54.503623    -34.195840    -19.542402      7.721000 
    54.503634    -34.210037    -19.601301      7.365000 
    54.503646    -34.224240    -19.660200      7.364000 
    54.503657    -34.238453    -19.719097      7.446001 
    54.503669    -34.252670    -19.777992      7.595000 
    54.503681    -34.266900    -19.836887      7.451000 
    54.503692    -34.281130    -19.895780      7.882000 
    54.503704    -34.295372    -19.954674      7.504000 
    55.021898    -34.561190    -19.954132      7.737000 
    55.021910    -34.575430    -19.895254      7.877000 
    55.021921    -34.589660    -19.836374      7.496000 
    55.021933    -34.603886    -19.777493      7.206000 
    55.021944    -34.618100    -19.718610      7.148000 
    55.021956    -34.632313    -19.659727      7.143000 
    55.021968    -34.646510    -19.600843      7.463000 
    55.021979    -34.660706    -19.541958      6.876000 
    55.021991    -34.674892    -19.483072      7.387001 
    55.022002    -34.689075    -19.424185      7.198000 
    55.022014    -34.703247    -19.365295      7.746000 
    55.022025    -34.717415    -19.306404      7.706000 
    55.022037    -34.731570    -19.247515      7.939001 
    55.022049    -34.745724    -19.188622      7.509000 
    55.022060    -34.759870    -19.129728      7.986001 
    55.022072    -34.774006    -19.070833      7.265000 
    55.022083    -34.788136    -19.011938      7.506000 
    55.022095    -34.802260    -18.953041      7.634000 
    55.022106    -34.816380    -18.894142      7.846000 
    55.022118    -34.830486    -18.835243      6.703467 
    55.022130    -34.844590    -18.776344      7.512001 
    55.022141    -34.858690    -18.717442      7.412000 
    55.022153    -34.872776    -18.658540      7.252000 
    55.022164    -34.886860    -18.599636      7.738000 
    55.022176    -34.900936    -18.540731      7.455000 
    55.022188    -34.915005    -18.481827      7.663001 
    55.022199    -34.929066    -18.422920      8.156000 
    55.022211    -34.943123    -18.364012      7.845000 
    55.022222    -34.957172    -18.305103      8.089001 
    55.022234    -34.971214    -18.246193      7.893001 
    55.022245    -34.985250    -18.187283      7.646000 
    55.022257    -34.999280    -18.128370      7.495000 
    55.022269    -35.013300    -18.069456      7.980001 
    55.022280    -35.027317    -18.010542      7.673000 
    58.500822    -33.009335    -18.497208      7.306000 
    58.500833    -33.023403    -18.556128      7.070000 
    58.500845    -33.037483    -18.615044      7.446001 
    58.500856    -33.051567    -18.673962      7.093000 
    58.500868    -33.065660    -18.732878      6.360000 
    58.500880    -33.079758    -18.791792      6.751000 
    58.500891    -33.093864    -18.850704      6.957000 
    58.500903    -33.107975    -18.909616      7.027000 
    58.500914    -33.122093    -18.968529      6.859000 
    58.500926    -33.136223    -19.027437      7.020001 
    58.500938    -33.150356    -19.086348      7.187000 
    58.500949    -33.164494    -19.145254      7.400001 
    58.500961    -33.178642    -19.204163      7.258000 
    58.500972    -33.192795    -19.263067      6.923000 
    58.500984    -33.206960    -19.321972      6.947000 
    58.500995    -33.221127    -19.380875      6.801000 
    58.501007    -33.235302    -19.439777      6.761000 
    58.501019    -33.249485    -19.498678      6.837000 
    58.501030    -33.263676    -19.557577      7.686000 
    58.501042    -33.277870    -19.616476      7.138001 
    58.501053    -33.292076    -19.675373      7.537000 
    58.501065    -33.306286    -19.734270      7.403000 
    58.501076    -33.320507    -19.793165      7.023000 
    58.501088    -33.334732    -19.852060      7.677001 
    58.501100    -33.348965    -19.910954      6.996000 
    58.501111    -33.363210    -19.969845      8.212001 
    59.019306    -33.626250    -19.962229      7.852000 
    59.019317    -33.640488    -19.903350      8.451000 
    59.019329    -33.654716    -19.844473      7.732000 
    59.019340    -33.668940    -19.785591      8.017000 
    59.019352    -33.683155    -19.726711      8.011001 
    59.019363    -33.697365    -19.667830      8.104000 
    59.019375    -33.711563    -19.608946      7.925000 
    59.019387    -33.725758    -19.550060      7.919000 
    59.019398    -33.739944    -19.491175      8.362000 
    59.019410    -33.754124    -19.432287      8.184000 
    59.019421    -33.768295    -19.373400      8.432000 
    59.019433    -33.782460    -19.314510      8.310000 
    59.019444    -33.796620    -19.255621      8.064000 
    59.019456    -33.810770    -19.196730      7.996000 
    59.019468    -33.824913    -19.137836      8.287001 
    59.019479    -33.839050    -19.078943      7.983000 
    59.019491    -33.853180    -19.020048      7.889000 
    59.019502    -33.867302    -18.961153      7.983000 
    59.019514    -33.881416    -18.902256      8.334001 
    59.019525    -33.895527    -18.843357      8.883000 
    59.019537    -33.909630    -18.784458      8.788000 
    59.019549    -33.923720    -18.725557      8.670000 
    59.019560    -33.937813    -18.666656      8.969001 
    59.019572    -33.951893    -18.607754      8.990001 
    59.019583    -33.965970    -18.548851      9.059000 
    59.019595    -33.980038    -18.489946      9.192000 
    59.019606    -33.994100    -18.431040      9.146001 
    59.019618    -34.008152    -18.372133      9.146001 
    59.019630    -34.022200    -18.313225      8.677000 
    59.019641    -34.036240    -18.254316      9.129001 
    59.019653    -34.050278    -18.195406      8.830001 
    59.019664    -34.064304    -18.136496      8.536000 
    59.019676    -34.078323    -18.077583      9.255000 
    59.019687    -34.092342    -18.018670      9.042001 
   209.027245    -36.420710    -19.996100      7.834001 
   209.027257    -36.434950    -19.937225      8.021000 
   209.027269    -36.449184    -19.878351      7.881000 
   209.027280    -36.463410    -19.819477      8.029000 
   209.027292    -36.477630    -19.760600      7.885000 
   209.027303    -36.491840    -19.701721      7.548000 
   209.027315    -36.506046    -19.642843      7.880001 
   209.027326    -36.520245    -19.583963      7.376000 
   209.027338    -36.534430    -19.525082      7.330000 
   209.027350    -36.548615    -19.466200      7.379000 
   209.027361    -36.562794    -19.407316      6.798000 
   209.027373    -36.576960    -19.348430      6.837000 
   209.027384    -36.591120    -19.289545      7.042000 
   209.027396    -36.605274    -19.230658      6.645001 
   209.027407    -36.619423    -19.171770      6.265000 
   209.027419    -36.633564    -19.112880      6.330000 
   209.027431    -36.647697    -19.053990      6.185000 
   209.027442    -36.661823    -18.995098      6.106000 
   209.027454    -36.675940    -18.936207      6.065000 
   209.027465    -36.690056    -18.877312      6.083000 
   209.027477    -36.704160    -18.818419      6.244000 
   209.027488    -36.718258    -18.759521      6.096000 
   209.027500    -36.732350    -18.700624      6.458000 
   209.027512    -36.746433    -18.641726      6.426000 
   209.027523    -36.760513    -18.582827      6.023000 
   209.027535    -36.774586    -18.523926      6.120000 
   209.027546    -36.788647    -18.465025      6.545000 
   209.027558    -36.802708    -18.406122      6.092001 
   209.027569    -36.816757    -18.347218      6.294000 
   209.027581    -36.830803    -18.288313      6.408000 
   209.027593    -36.844840    -18.229408      5.694000 
   209.027604    -36.858870    -18.170502      5.664000 
   209.027616    -36.872894    -18.111591      5.416000 
   209.027627    -36.886913    -18.052683      5.339000 
   212.506076    -34.759110    -18.002230      6.767000 
   212.506088    -34.773125    -18.061153      6.743000 
   212.506100    -34.787148    -18.120077      6.424000 
   212.506111    -34.801174    -18.179000      6.652000 
   212.506123    -34.815212    -18.237923      6.594000 
   212.506134    -34.829250    -18.296843      6.832000 
   212.506146    -34.843300    -18.355762      6.529000 
   212.506157    -34.857353    -18.414680      6.921000 
   212.506169    -34.871414    -18.473598      6.990000 
   212.506181    -34.885483    -18.532515      6.989000 
   212.506192    -34.899560    -18.591430      7.034000 
   212.506204    -34.913643    -18.650345      6.708000 
   212.506215    -34.927730    -18.709257      7.048000 
   212.506227    -34.941826    -18.768170      7.186000 
   212.506238    -34.955925    -18.827080      6.546000 
   212.506250    -34.970036    -18.885988      6.634000 
   212.506262    -34.984150    -18.944897      6.153000 
   212.506273    -34.998272    -19.003805      6.838000 
   212.506285    -35.012400    -19.062712      6.631000 
   212.506296    -35.026540    -19.121616      6.742000 
   212.506308    -35.040684    -19.180520      6.682000 
   212.506319    -35.054832    -19.239424      6.468000 
   212.506331    -35.068993    -19.298325      6.244000 
   212.506343    -35.083157    -19.357225      6.287000 
   212.506354    -35.097330    -19.416124      7.239000 
   212.506366    -35.111507    -19.475021      7.691001 
   212.506377    -35.125694    -19.533918      6.739000 
   212.506389    -35.139890    -19.592815      7.087000 
   212.506400    -35.154087    -19.651710      7.104001 
   212.506412    -35.168297    -19.710604      7.328000 
   212.506424    -35.182510    -19.769497      7.321001 
   212.506435    -35.196730    -19.828386      7.783000 
   212.506447    -35.210964    -19.887278      7.607000 
   212.506458    -35.225200    -19.946165      7.555000 
   213.024653    -35.486423    -19.997300      8.278001 
   213.024664    -35.500664    -19.938427      8.239000 
   213.024676    -35.514896    -19.879553      7.698000 
   213.024687    -35.529125    -19.820677      7.451000 
   213.024699    -35.543343    -19.761799      7.436000 
   213.024711    -35.557556    -19.702920      7.540000 
   213.024722    -35.571760    -19.644041      7.770001 
   213.024734    -35.585957    -19.585160      7.924000 
   213.024745    -35.600147    -19.526280      7.482000 
   213.024757    -35.614330    -19.467396      7.071000 
   213.024769    -35.628506    -19.408512      7.444000 
   213.024780    -35.642673    -19.349627      7.268000 
   213.024792    -35.656837    -19.290740      6.911000 
   213.024803    -35.670990    -19.231852      6.901001 
   213.024815    -35.685140    -19.172964      7.471000 
   213.024826    -35.699280    -19.114075      6.632000 
   213.024838    -35.713413    -19.055183      6.906000 
   213.024850    -35.727540    -18.996290      6.595000 
   213.024861    -35.741657    -18.937397      8.009001 
   213.024873    -35.755770    -18.878504      7.579001 
   213.024884    -35.769875    -18.819609      7.290000 
   213.024896    -35.783974    -18.760712      7.522000 
   213.024907    -35.798065    -18.701813      7.263001 
   213.024919    -35.812153    -18.642914      7.224000 
   213.024931    -35.826230    -18.584015      7.601000 
   213.024942    -35.840300    -18.525112      7.289001 
   213.024954    -35.854366    -18.466211      7.430000 
   213.024965    -35.868423    -18.407309      7.107000 
   213.024977    -35.882477    -18.348404      6.329001 
   213.024988    -35.896523    -18.289497      6.822000 
   213.025000    -35.910560    -18.230593      6.937000 
   213.025012    -35.924590    -18.171684      6.702000 
   213.025023    -35.938618    -18.112776      7.438000 
   213.025035    -35.952637    -18.053865      7.311000 
   216.503484    -33.828180    -18.018020      5.616000 
   216.503495    -33.842197    -18.076942      5.390000 
   216.503507    -33.856220    -18.135864      5.633000 
   216.503519    -33.870250    -18.194786      5.662000 
   216.503530    -33.884290    -18.253708      5.621000 
   216.503542    -33.898330    -18.312626      5.597000 
   216.503553    -33.912384    -18.371544      6.079001 
   216.503565    -33.926440    -18.430460      5.719000 
   216.503576    -33.940502    -18.489376      5.743000 
   216.503588    -33.954575    -18.548290      5.267000 
   216.503600    -33.968650    -18.607203      5.836000 
   216.503611    -33.982735    -18.666117      5.560000 
   216.503623    -33.996826    -18.725027      5.403000 
   216.503634    -34.010920    -18.783937      4.966000 
   216.503646    -34.025030    -18.842846      4.939000 
   216.503657    -34.039140    -18.901754      4.815000 
   216.503669    -34.053257    -18.960660      4.429000 
   216.503681    -34.067383    -19.019566      4.345000 
   216.503692    -34.081512    -19.078470      4.268000 
   216.503704    -34.095654    -19.137375      4.164000 
   216.503715    -34.109800    -19.196276      4.001000 
   216.503727    -34.123950    -19.255177      4.185000 
   216.503738    -34.138110    -19.314077      3.194000 
   216.503750    -34.152280    -19.372976      3.448000 
   216.503762    -34.166454    -19.431873      3.398000 
   216.503773    -34.180634    -19.490770      3.967000 
   216.503785    -34.194824    -19.549665      4.488000 
   216.503796    -34.209020    -19.608559      4.736000 
   216.503808    -34.223225    -19.667452      4.779000 
   216.503819    -34.237434    -19.726343      4.878000 
   216.503831    -34.251650    -19.785234      4.701000 
   216.503843    -34.265877    -19.844124      4.697000 
   216.503854    -34.280110    -19.903011      4.642000 
   216.503866    -34.294350    -19.961899      4.807000 
   217.022060    -34.555100    -19.980967      2.891000 
   217.022072    -34.569340    -19.922092      3.030000 
   217.022083    -34.583572    -19.863216      2.879000 
   217.022095    -34.597797    -19.804340      3.057000 
   217.022118    -34.626230    -19.686583      3.869000 
   217.022130    -34.640430    -19.627703      3.746000 
   217.022141    -34.654625    -19.568820      7.621481 
   217.022164    -34.683000    -19.451054      2.024000 
   217.022176    -34.697170    -19.392168      2.750000 
   217.022188    -34.711340    -19.333282      3.369000 
   217.022199    -34.725500    -19.274393      3.521000 
   217.022211    -34.739655    -19.215506      3.629000 
   217.022222    -34.753800    -19.156616      2.934000 
   217.022245    -34.782070    -19.038834      2.407000 
   217.022257    -34.796196    -18.979940      2.921000 
   217.022269    -34.810314    -18.921045      3.105000 
   217.022280    -34.824430    -18.862150      3.541000 
   217.022292    -34.838530    -18.803253      3.648000 
   217.022303    -34.852630    -18.744356      4.132000 
   217.022315    -34.866722    -18.685457      4.412000 
   217.022326    -34.880806    -18.626556      4.000000 
   217.022338    -34.894882    -18.567656      4.196000 
   217.022350    -34.908955    -18.508755      7.621481 
   217.022373    -34.937073    -18.390947      3.008000 
   217.022384    -34.951126    -18.332040      4.169000 
   217.022396    -34.965168    -18.273134      4.555000 
   217.022407    -34.979206    -18.214228      4.501000 
   217.022419    -34.993237    -18.155320      4.516000 
   217.022431    -35.007260    -18.096409      4.555000 
   217.022442    -35.021280    -18.037498      4.555000 
   220.500984    -33.010998    -18.519993      6.848001 
   220.500995    -33.025070    -18.578905      7.031000 
   220.501007    -33.039150    -18.637815      7.013001 
   220.501019    -33.053238    -18.696728      7.157000 
   220.501030    -33.067330    -18.755636      6.977000 
   220.501042    -33.081432    -18.814545      6.867000 
   220.501053    -33.095540    -18.873451      7.011000 
   220.501065    -33.109653    -18.932358      6.977000 
   220.501076    -33.123770    -18.991262      7.078000 
   220.501088    -33.137900    -19.050165      6.546000 
   220.501100    -33.152035    -19.109070      6.854000 
   220.501111    -33.166176    -19.167970      6.626000 
   220.501123    -33.180325    -19.226871      6.237000 
   220.501134    -33.194480    -19.285770      6.860000 
   220.501146    -33.208645    -19.344667      6.742000 
   220.501157    -33.222816    -19.403564      6.338000 
   220.501169    -33.236990    -19.462461      6.410000 
   220.501181    -33.251180    -19.521355      6.436000 
   220.501192    -33.265370    -19.580250      6.519000 
   220.501204    -33.279568    -19.639141      6.443000 
   220.501215    -33.293774    -19.698032      6.263001 
   220.501227    -33.307987    -19.756922      6.234000 
   220.501238    -33.322210    -19.815811      6.610000 
   220.501250    -33.336437    -19.874699      6.362000 
   220.501262    -33.350670    -19.933584      6.362000 
   220.501273    -33.364914    -19.992470      6.682000 
   221.019468    -33.626240    -19.949137      6.694000 
   221.019479    -33.640476    -19.890260      6.441001 
   221.019491    -33.654700    -19.831383      7.005000 
   221.019502    -33.668922    -19.772505      6.968000 
   221.019514    -33.683140    -19.713623      5.973000 
   221.019525    -33.697346    -19.654743      6.997000 
   221.019537    -33.711544    -19.595861      6.882000 
   221.019549    -33.725735    -19.536978      6.821000 
   221.019560    -33.739918    -19.478092      6.309000 
   221.019572    -33.754097    -19.419207      6.946000 
   221.019583    -33.768270    -19.360320      6.774000 
   221.019595    -33.782430    -19.301432      7.064000 
   221.019606    -33.796585    -19.242542      6.515000 
   221.019618    -33.810734    -19.183653      6.782000 
   221.019630    -33.824880    -19.124762      6.579001 
   221.019641    -33.839012    -19.065868      6.885000 
   221.019653    -33.853140    -19.006973      6.992000 
   221.019664    -33.867260    -18.948080      6.633000 
   221.019676    -33.881374    -18.889185      7.117000 
   221.019687    -33.895480    -18.830286      7.123000 
   221.019699    -33.909580    -18.771387      7.272000 
   221.019711    -33.923676    -18.712488      7.262001 
   221.019722    -33.937763    -18.653587      7.148000 
   221.019734    -33.951843    -18.594687      7.266000 
   221.019745    -33.965916    -18.535784      7.290000 
   221.019757    -33.979980    -18.476880      7.474000 
   221.019769    -33.994040    -18.417974      7.150001 
   221.019780    -34.008095    -18.359070      7.285000 
   221.019792    -34.022140    -18.300161      7.785000 
   221.019803    -34.036182    -18.241255      7.361001 
   221.019815    -34.050213    -18.182344      7.596000 
   221.019826    -34.064240    -18.123434      7.785000 
   221.019838    -34.078260    -18.064522      7.622000 
   221.019850    -34.092274    -18.005610      7.840000 
   225.017130    -33.010162    -18.617783      5.719000 
   225.017141    -33.024240    -18.558878      6.006000 
   225.017153    -33.038307    -18.499973      5.905000 
   225.017164    -33.052370    -18.441069      6.350000 
   225.017176    -33.066420    -18.382160      5.907000 
   225.017188    -33.080467    -18.323252      6.600000 
   225.017199    -33.094510    -18.264343      5.919000 
   225.017211    -33.108543    -18.205433      5.849000 
   225.017222    -33.122574    -18.146520      5.970000 
   225.017234    -33.136593    -18.087608      5.951000 
   225.017245    -33.150608    -18.028694      5.850000 
   231.511285    -36.632680    -18.006742      7.638001 
   231.511296    -36.646690    -18.065660      7.324000 
   231.511308    -36.660713    -18.124578      8.195001 
   231.511319    -36.674740    -18.183496      8.003000 
   231.511331    -36.688770    -18.242413      8.203000 
   231.511343    -36.702812    -18.301327      8.417001 
   231.511354    -36.716858    -18.360240      8.619000 
   231.511366    -36.730910    -18.419153      8.421000 
   231.511377    -36.744972    -18.478064      8.851001 
   231.511389    -36.759037    -18.536974      8.810000 
   231.511400    -36.773110    -18.595882      8.497001 
   231.511412    -36.787193    -18.654790      8.308001 
   231.511424    -36.801277    -18.713697      8.631001 
   231.511435    -36.815372    -18.772604      8.493000 
   231.511447    -36.829470    -18.831509      8.346001 
   231.511458    -36.843580    -18.890413      8.611000 
   231.511470    -36.857693    -18.949314      8.655001 
   231.511481    -36.871815    -19.008217      8.546000 
   231.511493    -36.885944    -19.067118      8.170000 
   231.511505    -36.900078    -19.126017      8.088000 
   231.511516    -36.914220    -19.184914      7.719000 
   231.511528    -36.928370    -19.243810      7.607000 
   231.511539    -36.942528    -19.302706      7.615000 
   231.511551    -36.956688    -19.361600      7.435000 
   231.511563    -36.970860    -19.420494      7.531000 
   231.511574    -36.985040    -19.479385      7.664001 
   231.511586    -36.999220    -19.538277      7.556000 
   235.508692    -35.697773    -18.002155      8.477000 
   235.508704    -35.711784    -18.061073      8.311001 
   235.508715    -35.725803    -18.119991      8.408000 
   235.508727    -35.739826    -18.178907      8.474000 
   235.508738    -35.753857    -18.237822      7.819000 
   235.508750    -35.767895    -18.296736      7.856000 
   235.508762    -35.781940    -18.355650      7.890000 
   235.508773    -35.795994    -18.414560      7.913001 
   235.508785    -35.810050    -18.473470      8.068001 
   235.508796    -35.824116    -18.532381      8.038000 
   235.508808    -35.838184    -18.591290      8.057000 
   235.508819    -35.852264    -18.650196      7.976000 
   235.508831    -35.866350    -18.709103      8.161000 
   235.508843    -35.880440    -18.768007      7.741000 
   235.508854    -35.894540    -18.826912      8.080000 
   235.508866    -35.908646    -18.885815      7.562000 
   235.508877    -35.922756    -18.944715      7.379000 
   235.508889    -35.936874    -19.003616      7.835000 
   235.508900    -35.951004    -19.062515      7.789001 
   235.508912    -35.965137    -19.121414      8.045000 
   235.508924    -35.979275    -19.180311      7.858000 
   235.508935    -35.993423    -19.239208      7.955000 
   235.508947    -36.007576    -19.298103      7.472000 
   235.508958    -36.021740    -19.356997      7.438000 
   235.508970    -36.035908    -19.415890      7.695000 
   235.508981    -36.050083    -19.474781      7.463000 
   235.508993    -36.064266    -19.533670      7.577000 
   235.509005    -36.078457    -19.592560      8.196000 
   235.509016    -36.092650    -19.651447      7.896000 
   235.509028    -36.106857    -19.710335      8.048000 
   235.509039    -36.121070    -19.769220      7.812000 
   235.509051    -36.135290    -19.828106      8.329000 
   235.509062    -36.149513    -19.886988      8.074000 
   235.509074    -36.163750    -19.945870      8.233001 
   236.027269    -36.426163    -19.999985      6.673000 
   236.027280    -36.440403    -19.941105      7.117000 
   236.027292    -36.454636    -19.882221      6.963000 
   236.027303    -36.468860    -19.823340      6.754000 
   236.027315    -36.483080    -19.764456      6.536000 
   236.027326    -36.497290    -19.705570      6.540000 
   236.027338    -36.511494    -19.646685      6.518000 
   236.027350    -36.525692    -19.587797      6.306000 
   236.027361    -36.539880    -19.528908      6.456000 
   236.027373    -36.554060    -19.470018      5.996000 
   236.027384    -36.568237    -19.411127      5.681000 
   236.027396    -36.582405    -19.352236      6.070000 
   236.027407    -36.596565    -19.293343      6.171000 
   236.027419    -36.610718    -19.234447      5.810000 
   236.027431    -36.624863    -19.175552      6.108000 
   236.027442    -36.639004    -19.116655      5.895001 
   236.027454    -36.653133    -19.057756      5.941001 
   236.027465    -36.667260    -18.998857      5.899000 
   236.027477    -36.681377    -18.939959      5.843000 
   236.027488    -36.695490    -18.881058      5.160000 
   236.027500    -36.709595    -18.822155      5.348000 
   236.027512    -36.723694    -18.763250      5.583000 
   236.027523    -36.737780    -18.704348      5.591000 
   236.027535    -36.751865    -18.645441      5.970000 
   236.027546    -36.765945    -18.586535      5.850000 
   236.027558    -36.780014    -18.527626      5.826000 
   236.027569    -36.794080    -18.468718      5.790000 
   236.027581    -36.808136    -18.409807      6.027000 
   236.027593    -36.822186    -18.350897      6.516000 
   236.027604    -36.836227    -18.291983      6.265000 
   236.027616    -36.850266    -18.233070      5.994000 
   236.027627    -36.864296    -18.174154      6.021000 
   236.027639    -36.878323    -18.115240      5.905000 
   236.027650    -36.892338    -18.056322      6.160000 
   239.506100    -34.766644    -18.015530      6.030000 
   239.506111    -34.780655    -18.074448      6.308000 
   239.506123    -34.794674    -18.133364      6.187000 
   239.506134    -34.808697    -18.192280      6.525000 
   239.506146    -34.822727    -18.251192      6.176000 
   239.506157    -34.836765    -18.310106      6.178000 
   239.506169    -34.850810    -18.369019      6.188000 
   239.506181    -34.864860    -18.427929      5.889000 
   239.506192    -34.878920    -18.486837      5.900000 
   239.506204    -34.892986    -18.545748      5.674000 
   239.506215    -34.907055    -18.604654      5.915000 
   239.506227    -34.921135    -18.663560      5.448000 
   239.506238    -34.935220    -18.722466      5.597000 
   239.506250    -34.949310    -18.781370      5.585000 
   239.506262    -34.963410    -18.840275      5.393000 
   239.506273    -34.977512    -18.899176      5.492000 
   239.506285    -34.991627    -18.958076      5.285000 
   239.506296    -35.005745    -19.016975      5.734000 
   239.506308    -35.019870    -19.075874      5.298000 
   239.506319    -35.034004    -19.134771      5.560000 
   239.506331    -35.048145    -19.193668      5.248000 
   239.506343    -35.062290    -19.252563      5.017000 
   239.506354    -35.076447    -19.311459      5.158000 
   239.506366    -35.090607    -19.370352      5.085000 
   239.506377    -35.104774    -19.429241      4.725000 
   239.506389    -35.118950    -19.488132      5.123000 
   239.506400    -35.133133    -19.547022      5.567000 
   239.506412    -35.147324    -19.605911      6.174000 
   239.506435    -35.175724    -19.723684      6.203000 
   239.506447    -35.189938    -19.782568      5.849000 
   239.506458    -35.204155    -19.841452      6.646000 
   239.506470    -35.218384    -19.900333      5.827000 
   239.506481    -35.232616    -19.959215      6.072000 
   240.024676    -35.496840    -19.982378      5.063000 
   240.024687    -35.511078    -19.923494      5.012000 
   240.024699    -35.525307    -19.864613      4.930000 
   240.024711    -35.539530    -19.805727      4.796000 
   240.024722    -35.553745    -19.746841      5.136000 
   240.024734    -35.567950    -19.687954      5.189000 
   240.024745    -35.582153    -19.629065      4.834000 
   240.024757    -35.596348    -19.570175      4.701000 
   240.024769    -35.610530    -19.511286      4.936000 
   240.024780    -35.624710    -19.452394      4.976000 
   240.024792    -35.638880    -19.393501      4.937000 
   240.024803    -35.653046    -19.334606      5.118000 
   240.024815    -35.667202    -19.275711      4.926000 
   240.024826    -35.681355    -19.216816      4.984000 
   240.024838    -35.695496    -19.157917      4.936000 
   240.024850    -35.709633    -19.099018      4.999000 
   240.024861    -35.723763    -19.040120      5.013000 
   240.024873    -35.737885    -18.981218      5.020001 
   240.024884    -35.752000    -18.922316      5.382000 
   240.024896    -35.766106    -18.863413      5.234000 
   240.024907    -35.780210    -18.804508      5.390000 
   240.024919    -35.794304    -18.745604      5.395001 
   240.024931    -35.808390    -18.686695      5.302000 
   240.024942    -35.822470    -18.627789      5.433000 
   240.024954    -35.836544    -18.568880      5.471000 
   240.024965    -35.850613    -18.509970      5.311000 
   240.024977    -35.864674    -18.451060      5.647000 
   240.024988    -35.878727    -18.392147      5.582000 
   240.025000    -35.892773    -18.333235      5.658000 
   240.025012    -35.906815    -18.274320      5.907000 
   240.025023    -35.920850    -18.215405      5.558000 
   240.025035    -35.934875    -18.156488      5.845000 
   240.025046    -35.948900    -18.097570      6.000000 
   240.025058    -35.962910    -18.038652      5.749000 
   243.503507    -33.841225    -18.054512      8.006001 
   243.503519    -33.855240    -18.113428      7.690001 
   243.503530    -33.869263    -18.172342      8.072000 
   243.503542    -33.883293    -18.231256      7.914001 
   243.503553    -33.897327    -18.290169      7.588000 
   243.503565    -33.911370    -18.349081      7.640000 
   243.503576    -33.925420    -18.407991      7.552001 
   243.503588    -33.939472    -18.466902      7.811000 
   243.503600    -33.953537    -18.525808      7.905000 
   243.503611    -33.967606    -18.584717      8.044001 
   243.503623    -33.981680    -18.643621      7.810000 
   243.503634    -33.995766    -18.702526      7.802001 
   243.503646    -34.009853    -18.761430      8.253000 
   243.503657    -34.023950    -18.820333      7.805000 
   243.503669    -34.038050    -18.879234      7.869000 
   243.503681    -34.052162    -18.938135      7.482000 
   243.503692    -34.066280    -18.997034      7.392000 
   243.503704    -34.080402    -19.055933      7.573000 
   243.503715    -34.094532    -19.114832      8.101001 
   243.503727    -34.108670    -19.173727      8.101001 
   243.503738    -34.122814    -19.232620      7.704001 
   243.503750    -34.136967    -19.291515      7.830000 
   243.503762    -34.151127    -19.350409      7.691001 
   243.503773    -34.165295    -19.409300      8.050000 
   243.503785    -34.179466    -19.468190      7.790000 
   243.503796    -34.193645    -19.527079      8.581000 
   243.503808    -34.207832    -19.585966      8.282001 
   243.503819    -34.222027    -19.644854      8.424001 
   243.503831    -34.236230    -19.703740      8.275001 
   243.503843    -34.250440    -19.762625      8.139000 
   243.503854    -34.264656    -19.821507      8.231000 
   243.503866    -34.278880    -19.880388      8.014000 
   243.503877    -34.293114    -19.939270      8.927000 
   243.503889    -34.307350    -19.998150      8.406000 
   244.022072    -34.558090    -19.996984     11.395000 
   244.022083    -34.572330    -19.938100     10.937000 
   244.022095    -34.586563    -19.879215     11.006001 
   244.022106    -34.600790    -19.820330     10.250001 
   244.022118    -34.615005    -19.761442     10.918000 
   244.022130    -34.629215    -19.702555      9.695001 
   244.022141    -34.643417    -19.643665     10.515000 
   244.022153    -34.657610    -19.584776     10.395000 
   244.022164    -34.671803    -19.525883     10.779000 
   244.022176    -34.685980    -19.466990     11.360001 
   244.022188    -34.700157    -19.408096     10.991000 
   244.022199    -34.714320    -19.349201     10.840000 
   244.022211    -34.728480    -19.290304     10.339001 
   244.022222    -34.742634    -19.231407     10.237000 
   244.022234    -34.756780    -19.172508     10.530001 
   244.022245    -34.770920    -19.113610     10.180000 
   244.022257    -34.785050    -19.054708     10.025001 
   244.022269    -34.799175    -18.995806     10.180000 
   244.022280    -34.813293    -18.936903      9.655001 
   244.022292    -34.827400    -18.877998      9.774000 
   244.022303    -34.841507    -18.819094      9.725000 
   244.022315    -34.855602    -18.760187      9.422001 
   244.022326    -34.869694    -18.701280      9.607000 
   244.022338    -34.883774    -18.642370      9.633000 
   244.022350    -34.897854    -18.583462      9.681001 
   244.022361    -34.911922    -18.524550      9.306001 
   244.022373    -34.925983    -18.465637      8.993000 
   244.022384    -34.940040    -18.406725      9.282001 
   244.022396    -34.954090    -18.347810     10.230000 
   244.022419    -34.982170    -18.229979      9.911000 
   244.022431    -34.996200    -18.171062      8.976001 
   244.022442    -35.010223    -18.112143      9.047001 
   244.022454    -35.024240    -18.053223      8.871000 
