    29.491933    -28.251417     -8.003387      6.218000 
    29.491944    -28.264677     -8.062447      6.143000 
    29.491956    -28.277940     -8.121507      6.358000 
    29.491968    -28.291206     -8.180566      6.457000 
    29.491979    -28.304476     -8.239625      6.350000 
    29.491991    -28.317747     -8.298683      6.571000 
    29.492002    -28.331020     -8.357740      6.686000 
    29.492014    -28.344297     -8.416797      6.475000 
    29.492025    -28.357576     -8.475854      6.395001 
    29.492037    -28.370860     -8.534909      6.548000 
    29.492049    -28.384144     -8.593965      6.488000 
    29.492060    -28.397432     -8.653019      6.320000 
    29.492072    -28.410723     -8.712073      6.572000 
    29.492083    -28.424017     -8.771127      6.540000 
    29.492095    -28.437311     -8.830180      6.744000 
    29.492106    -28.450611     -8.889232      6.485000 
    29.492118    -28.463913     -8.948284      6.355001 
    29.492130    -28.477219     -9.007335      6.701000 
    29.492141    -28.490526     -9.066386      6.936000 
    29.492153    -28.503838     -9.125436      6.766000 
    29.492164    -28.517150     -9.184485      6.650000 
    29.492176    -28.530466     -9.243534      6.622000 
    29.492188    -28.543787     -9.302582      6.716001 
    29.492199    -28.557110     -9.361630      6.436000 
    29.492211    -28.570435     -9.420677      6.709000 
    29.492222    -28.583763     -9.479723      6.193000 
    29.492234    -28.597095     -9.538769      6.077000 
    29.492245    -28.610432     -9.597814      5.952000 
    29.492257    -28.623770     -9.656858      6.363000 
    29.492269    -28.637112     -9.715902      5.869000 
    29.492280    -28.650455     -9.774945      6.033000 
    29.492292    -28.663803     -9.833988      5.448000 
    29.492303    -28.677155     -9.893030      5.894000 
    29.492315    -28.690510     -9.952071      5.565000 
    29.492326    -28.703865    -10.011112      5.923000 
    29.492338    -28.717228    -10.070152      6.122000 
    29.492350    -28.730590    -10.129191      5.869000 
    29.492361    -28.743958    -10.188230      5.891000 
    29.492373    -28.757330    -10.247268      5.531000 
    29.492384    -28.770702    -10.306306      5.846000 
    29.492396    -28.784080    -10.365342      5.754000 
    29.492407    -28.797462    -10.424379      5.852000 
    29.492419    -28.810846    -10.483414      5.806000 
    29.492431    -28.824234    -10.542449      6.025000 
    29.492442    -28.837626    -10.601483      6.006000 
    29.492454    -28.851020    -10.660516      6.255000 
    29.492465    -28.864418    -10.719549      6.306000 
    29.492477    -28.877820    -10.778581      6.415000 
    29.492488    -28.891226    -10.837612      5.948000 
    29.492500    -28.904634    -10.896643      6.353000 
    29.492512    -28.918047    -10.955673      5.883000 
    29.492523    -28.931463    -11.014702      6.141000 
    29.492535    -28.944883    -11.073731      5.835000 
    29.492546    -28.958305    -11.132759      5.612000 
    29.492558    -28.971733    -11.191786      5.722000 
    29.492569    -28.985165    -11.250813      6.108000 
    29.492581    -28.998598    -11.309838      6.105001 
    29.492593    -29.012037    -11.368863      6.029000 
    29.492604    -29.025478    -11.427888      6.197000 
    29.492616    -29.038925    -11.486911      5.880000 
    29.492627    -29.052376    -11.545934      6.055000 
    29.492639    -29.065828    -11.604956      5.666000 
    29.492650    -29.079287    -11.663978      5.490000 
    29.492662    -29.092749    -11.722999      5.514000 
    29.492674    -29.106213    -11.782019      5.343000 
    29.492685    -29.119682    -11.841038      5.378000 
    29.492697    -29.133156    -11.900056      5.851000 
    29.492708    -29.146631    -11.959074      5.728000 
    33.489942    -28.010990    -11.073727      9.790001 
    33.489954    -28.024412    -11.132755      9.521001 
    33.489965    -28.037836    -11.191783      9.339001 
    33.489977    -28.051268    -11.250810      9.223001 
    33.489988    -28.064700    -11.309836      9.441000 
    33.490000    -28.078136    -11.368861      9.168000 
    33.490012    -28.091578    -11.427886      9.188001 
    33.490023    -28.105022    -11.486910      9.504001 
    33.490035    -28.118470    -11.545934      8.879001 
    33.490046    -28.131922    -11.604956      9.060000 
    33.490058    -28.145378    -11.663978      9.116000 
    33.490069    -28.158838    -11.722999      8.959001 
    33.490081    -28.172300    -11.782020      8.676001 
    33.490093    -28.185768    -11.841039      8.274000 
    33.490104    -28.199240    -11.900058      8.487000 
    33.490116    -28.212715    -11.959077      8.499001 
    38.008866    -31.300716    -11.943420      7.386000 
    38.008877    -31.314192    -11.884411      6.888001 
    38.008889    -31.327660    -11.825401      7.164001 
    38.008900    -31.341125    -11.766390      6.809000 
    38.008912    -31.354588    -11.707379      6.249000 
    38.008924    -31.368046    -11.648367      6.634000 
    38.008935    -31.381498    -11.589354      6.027000 
    38.008947    -31.394949    -11.530340      6.212000 
    38.008958    -31.408396    -11.471326      6.326000 
    38.008970    -31.421839    -11.412311      6.077000 
    38.008981    -31.435278    -11.353295      5.947000 
    38.008993    -31.448711    -11.294279      6.507000 
    38.009005    -31.462143    -11.235262      6.075000 
    38.009016    -31.475570    -11.176244      6.158000 
    38.009028    -31.488995    -11.117225      6.021000 
    38.009039    -31.502415    -11.058206      6.017000 
    38.009051    -31.515830    -10.999186      6.451000 
    38.009062    -31.529243    -10.940165      6.008000 
    38.009074    -31.542652    -10.881144      6.622000 
    38.009109    -31.582857    -10.704076      5.179000 
    38.009120    -31.596252    -10.645052      5.201000 
    38.009132    -31.609644    -10.586027      4.461000 
    38.009144    -31.623032    -10.527001      4.984000 
    38.009155    -31.636415    -10.467975      5.190000 
    38.009178    -31.663174    -10.349921      7.416000 
    38.009190    -31.676550    -10.290893      5.373000 
    38.009201    -31.689919    -10.231864      5.095000 
    38.009213    -31.703287    -10.172835      4.403000 
    38.009225    -31.716652    -10.113804      4.522000 
    38.009236    -31.730011    -10.054774      4.498000 
    38.009248    -31.743368     -9.995742      4.650000 
    38.009259    -31.756723     -9.936710      4.596000 
    38.009271    -31.770075     -9.877677      4.644000 
    38.009282    -31.783420     -9.818644      4.542000 
    38.009294    -31.796766     -9.759610      5.099000 
    38.009306    -31.810106     -9.700575      4.661000 
    38.009317    -31.823444     -9.641540      4.920000 
    38.009329    -31.836780     -9.582504      4.832000 
    38.009340    -31.850113     -9.523468      5.230000 
    38.009352    -31.863441     -9.464431      5.271000 
    38.009363    -31.876766     -9.405393      5.376000 
    38.009375    -31.890089     -9.346355      5.473000 
    38.009387    -31.903408     -9.287316      5.547000 
    38.009398    -31.916725     -9.228276      5.067000 
    38.009410    -31.930038     -9.169236      5.244000 
    38.009421    -31.943348     -9.110195      5.419000 
    38.009433    -31.956656     -9.051153      5.291000 
    38.009444    -31.969960     -8.992111      5.203000 
    38.009456    -31.983261     -8.933069      5.087000 
    38.009468    -31.996561     -8.874026      5.133000 
    42.006273    -30.360508    -11.990496      5.712000 
    42.006285    -30.373983    -11.931487      5.846000 
    42.006296    -30.387457    -11.872478      6.047000 
    42.006308    -30.400923    -11.813468      5.743000 
    42.006319    -30.414387    -11.754457      5.740000 
    42.006331    -30.427847    -11.695445      5.533000 
    42.006343    -30.441303    -11.636433      6.264000 
    42.006354    -30.454756    -11.577419      6.440001 
    42.006366    -30.468204    -11.518406      6.694000 
    42.006377    -30.481647    -11.459391      6.265000 
    42.006389    -30.495089    -11.400376      6.924000 
    42.006400    -30.508526    -11.341360      6.739000 
    42.006412    -30.521960    -11.282343      6.123000 
    42.006424    -30.535389    -11.223325      7.013001 
    42.006435    -30.548815    -11.164307      6.743000 
    42.006447    -30.562237    -11.105288      6.983000 
    42.006458    -30.575653    -11.046269      6.310000 
    42.006470    -30.589070    -10.987249      6.793000 
    42.006481    -30.602480    -10.928228      6.636000 
    42.006493    -30.615887    -10.869206      6.710000 
    42.006505    -30.629292    -10.810184      6.608000 
    42.006516    -30.642690    -10.751160      6.622000 
    42.006528    -30.656088    -10.692137      6.126000 
    42.006539    -30.669481    -10.633112      6.133000 
    42.006551    -30.682870    -10.574087      6.770001 
    42.006563    -30.696257    -10.515061      6.411000 
    42.006574    -30.709639    -10.456035      6.571000 
    42.006586    -30.723019    -10.397008      6.848001 
    42.006597    -30.736395    -10.337980      6.848001 
    42.006609    -30.749767    -10.278952      7.274000 
    42.006620    -30.763136    -10.219922      7.027000 
    42.006632    -30.776500    -10.160893      6.825000 
    42.006644    -30.789864    -10.101862      7.131000 
    42.006655    -30.803223    -10.042831      7.289001 
    42.006667    -30.816580     -9.983799      6.611001 
    42.006678    -30.829931     -9.924767      6.871000 
    42.006690    -30.843280     -9.865734      7.198000 
    42.006701    -30.856627     -9.806700      6.722000 
    42.006713    -30.869968     -9.747666      7.289001 
    42.006725    -30.883308     -9.688631      7.535000 
    42.006736    -30.896645     -9.629596      7.444000 
    42.006748    -30.909979     -9.570559      8.331000 
    42.006759    -30.923310     -9.511523      8.030001 
    42.006771    -30.936636     -9.452485      8.040000 
    42.006782    -30.949960     -9.393447      8.415000 
    42.006794    -30.963282     -9.334408      8.007000 
    42.006806    -30.976599     -9.275369      8.279000 
    42.006817    -30.989914     -9.216329      8.325001 
    42.006829    -31.003225     -9.157289      8.152000 
    42.006840    -31.016535     -9.098247      8.102000 
    42.006852    -31.029840     -9.039206      7.974000 
    42.006863    -31.043142     -8.980163      8.162001 
    42.006875    -31.056442     -8.921120      8.152000 
    42.006887    -31.069740     -8.862077      7.981000 
    42.006898    -31.083035     -8.803033      8.613001 
    42.006910    -31.096327     -8.743988      7.940001 
    42.006921    -31.109613     -8.684943      8.127001 
    42.006933    -31.122900     -8.625897      8.139000 
    42.006944    -31.136183     -8.566851      8.033000 
    42.006956    -31.149464     -8.507804      7.971000 
    42.006968    -31.162740     -8.448756      8.050000 
    42.006979    -31.176016     -8.389708      8.153001 
    42.006991    -31.189287     -8.330659      7.762001 
    42.007002    -31.202557     -8.271610      8.095000 
    42.007014    -31.215822     -8.212560      7.526001 
    42.007025    -31.229088     -8.153510      7.893001 
    42.007037    -31.242350     -8.094459      8.328000 
    42.007049    -31.255608     -8.035407      8.031000 
    44.499757    -31.070923     -8.025431      6.498000 
    44.499769    -31.084180     -8.084492      6.365000 
    44.499780    -31.097440     -8.143553      6.666000 
    44.499792    -31.110704     -8.202613      6.045000 
    44.499803    -31.123972     -8.261673      5.888001 
    44.499815    -31.137240     -8.320732      5.744000 
    44.499826    -31.150510     -8.379790      5.835000 
    44.499838    -31.163786     -8.438848      5.886000 
    44.499850    -31.177061     -8.497905      6.423000 
    44.499861    -31.190342     -8.556962      6.318000 
    44.499873    -31.203625     -8.616018      6.064000 
    44.499884    -31.216910     -8.675074      6.482000 
    44.499896    -31.230198     -8.734129      6.321000 
    44.499907    -31.243488     -8.793183      6.569000 
    44.499919    -31.256783     -8.852237      6.333000 
    44.499931    -31.270079     -8.911290      6.833000 
    44.499942    -31.283379     -8.970343      6.649000 
    44.499954    -31.296680     -9.029395      6.310000 
    44.499965    -31.309986     -9.088447      6.396000 
    44.499977    -31.323296     -9.147498      6.593000 
    44.499988    -31.336605     -9.206548      6.188000 
    44.500000    -31.349920     -9.265597      6.803000 
    44.500012    -31.363237     -9.324647      6.685000 
    44.500023    -31.376558     -9.383695      6.759000 
    44.500035    -31.389881     -9.442743      6.306000 
    44.500046    -31.403208     -9.501790      6.287000 
    44.500058    -31.416538     -9.560837      6.489000 
    44.500069    -31.429870     -9.619883      6.418000 
    44.500081    -31.443207     -9.678928      6.442000 
    44.500093    -31.456547     -9.737973      6.225000 
    44.500104    -31.469889     -9.797017      6.500000 
    44.500116    -31.483232     -9.856060      6.266000 
    44.500127    -31.496582     -9.915103      5.511000 
    44.500139    -31.509933     -9.974145      5.708000 
    44.500150    -31.523289    -10.033187      5.593000 
    44.500162    -31.536648    -10.092228      5.571000 
    44.500174    -31.550009    -10.151268      6.171000 
    44.500185    -31.563375    -10.210307      5.832000 
    44.500197    -31.576742    -10.269346      5.631000 
    44.500208    -31.590115    -10.328385      5.581000 
    44.500220    -31.603490    -10.387422      5.771000 
    44.500231    -31.616869    -10.446459      5.771000 
    44.500243    -31.630250    -10.505495      5.931000 
    44.500255    -31.643637    -10.564531      6.534000 
    44.500266    -31.657024    -10.623566      5.732000 
    44.500278    -31.670418    -10.682600      5.954001 
    44.500289    -31.683813    -10.741634      6.016000 
    44.500301    -31.697214    -10.800667      6.112000 
    44.500313    -31.710617    -10.859699      5.893000 
    44.500324    -31.724024    -10.918730      5.568000 
    44.500336    -31.737434    -10.977761      5.542000 
    44.500347    -31.750849    -11.036791      5.832000 
    44.500359    -31.764265    -11.095821      6.075000 
    44.500370    -31.777687    -11.154849      6.198000 
    44.500382    -31.791113    -11.213877      6.130000 
    44.500394    -31.804540    -11.272904      6.085000 
    44.500405    -31.817972    -11.331931      6.310000 
    44.500417    -31.831410    -11.390957      6.317000 
    44.500428    -31.844849    -11.449982      6.485000 
    44.500440    -31.858294    -11.509006      6.588000 
    44.500451    -31.871740    -11.568030      5.949000 
    44.500463    -31.885193    -11.627053      6.274000 
    44.500475    -31.898647    -11.686075      5.931000 
    44.500486    -31.912107    -11.745097      6.230001 
    44.500498    -31.925570    -11.804118      5.923000 
    44.500509    -31.939037    -11.863138      6.079001 
    44.500521    -31.952509    -11.922157      5.958000 
    44.500532    -31.965982    -11.981176      5.915000 
    46.003681    -29.431244    -11.973192      7.892000 
    46.003692    -29.444715    -11.914182      7.945000 
    46.003704    -29.458183    -11.855172      7.830000 
    46.003715    -29.471650    -11.796162      8.161000 
    46.003727    -29.485110    -11.737150      8.212001 
    46.003738    -29.498566    -11.678138      8.674001 
    46.003750    -29.512018    -11.619125      7.925000 
    46.003762    -29.525469    -11.560112      8.673000 
    46.003773    -29.538914    -11.501097      7.909000 
    46.003785    -29.552355    -11.442082      8.593000 
    46.003796    -29.565792    -11.383066      8.523001 
    46.003808    -29.579227    -11.324050      8.292001 
    46.003819    -29.592657    -11.265032      8.296000 
    46.003831    -29.606083    -11.206015      8.783000 
    46.003843    -29.619507    -11.146996      8.919001 
    46.003854    -29.632925    -11.087976      8.828000 
    46.003866    -29.646340    -11.028956      8.709001 
    46.003877    -29.659752    -10.969936      8.497001 
    46.003889    -29.673160    -10.910914      8.916000 
    46.003900    -29.686563    -10.851892      8.967000 
    46.003912    -29.699965    -10.792869      8.775001 
    46.003924    -29.713362    -10.733845      8.933001 
    46.003935    -29.726755    -10.674821      8.694000 
    46.003947    -29.740147    -10.615796      9.351001 
    46.003958    -29.753532    -10.556771      9.073000 
    46.003970    -29.766916    -10.497744      9.127001 
    46.003981    -29.780296    -10.438717      8.976001 
    46.003993    -29.793673    -10.379690      9.057000 
    46.004005    -29.807045    -10.320662      8.899000 
    46.004016    -29.820415    -10.261633      8.803000 
    46.004028    -29.833780    -10.202603      8.792001 
    46.004039    -29.847143    -10.143573      8.690001 
    46.004051    -29.860502    -10.084542      8.921000 
    46.004062    -29.873860    -10.025510      8.963000 
    46.004074    -29.887213     -9.966478      8.527000 
    46.004086    -29.900562     -9.907445      8.592000 
    46.004097    -29.913910     -9.848412      8.321000 
    46.004109    -29.927252     -9.789377      9.000000 
    46.004120    -29.940592     -9.730343      8.717000 
    46.004132    -29.953930     -9.671307      8.770000 
    46.004144    -29.967262     -9.612271      9.201000 
    46.004155    -29.980593     -9.553234      8.927000 
    46.004167    -29.993920     -9.494197      9.042001 
    46.004178    -30.007244     -9.435159      9.164001 
    46.004190    -30.020567     -9.376121      9.559000 
    46.004201    -30.033884     -9.317081      9.318001 
    46.004213    -30.047200     -9.258042      9.646001 
    46.004225    -30.060510     -9.199001      9.122001 
    46.004236    -30.073820     -9.139960      9.382000 
    46.004248    -30.087126     -9.080919      9.566000 
    46.004259    -30.100430     -9.021876      9.353001 
    46.004271    -30.113730     -8.962834      9.125000 
    46.004282    -30.127028     -8.903790      9.331000 
    46.004294    -30.140322     -8.844746      9.095000 
    46.004306    -30.153612     -8.785702      8.783000 
    46.004317    -30.166903     -8.726656      9.020000 
    46.004329    -30.180187     -8.667611      9.084001 
    46.004340    -30.193472     -8.608564      9.320001 
    46.004352    -30.206750     -8.549517      9.087001 
    46.004363    -30.220030     -8.490470      8.914001 
    46.004375    -30.233303     -8.431422      8.365001 
    46.004387    -30.246574     -8.372373      7.956000 
    46.004398    -30.259846     -8.313324      7.450000 
    46.004410    -30.273111     -8.254274      7.966001 
    46.004421    -30.286375     -8.195224      7.804000 
    46.004433    -30.299637     -8.136173      8.078000 
    46.004444    -30.312895     -8.077122      7.948000 
    46.004456    -30.326153     -8.018070      7.618000 
    48.497153    -30.134060     -8.025372      8.089001 
    48.497164    -30.147316     -8.084433      8.190001 
    48.497176    -30.160576     -8.143494      8.360001 
    48.497188    -30.173838     -8.202554      8.770000 
    48.497199    -30.187103     -8.261613      8.780001 
    48.497211    -30.200370     -8.320672      8.415000 
    48.497222    -30.213640     -8.379731      8.489000 
    48.497234    -30.226913     -8.438789      8.220000 
    48.497245    -30.240190     -8.497846      8.456000 
    48.497257    -30.253468     -8.556903      8.099000 
    48.497269    -30.266748     -8.615959      8.274000 
    48.497280    -30.280033     -8.675014      7.667000 
    48.497292    -30.293320     -8.734070      8.067000 
    48.497303    -30.306610     -8.793124      7.955000 
    48.497315    -30.319902     -8.852178      8.172000 
    48.497326    -30.333199     -8.911231      7.821001 
    48.497338    -30.346497     -8.970284      8.186001 
    48.497350    -30.359797     -9.029336      8.086000 
    48.497361    -30.373100     -9.088387      7.716001 
    48.497373    -30.386408     -9.147438      7.814001 
    48.497384    -30.399717     -9.206489      7.750000 
    48.497396    -30.413030     -9.265538      8.016001 
    48.497407    -30.426348     -9.324587      7.775001 
    48.497419    -30.439667     -9.383636      8.373000 
    48.497431    -30.452990     -9.442684      8.025001 
    48.497442    -30.466314     -9.501731      7.876000 
    48.497454    -30.479643     -9.560777      7.832000 
    48.497465    -30.492973     -9.619823      7.606000 
    48.497477    -30.506308     -9.678869      7.591001 
    48.497488    -30.519646     -9.737914      7.281000 
    48.497500    -30.532988     -9.796958      6.953000 
    48.497512    -30.546331     -9.856001      7.038000 
    48.497523    -30.559679     -9.915044      6.984000 
    48.497535    -30.573029     -9.974086      7.149000 
    48.497546    -30.586384    -10.033128      7.409000 
    48.497558    -30.599740    -10.092169      7.283000 
    48.497569    -30.613100    -10.151209      6.603000 
    48.497581    -30.626465    -10.210248      6.869000 
    48.497593    -30.639832    -10.269287      6.725000 
    48.497604    -30.653202    -10.328326      6.286000 
    48.497616    -30.666576    -10.387363      6.411000 
    48.497627    -30.679955    -10.446400      6.331000 
    48.497639    -30.693335    -10.505436      6.635000 
    48.497650    -30.706718    -10.564472      6.715000 
    48.497662    -30.720106    -10.623507      7.055000 
    48.497674    -30.733498    -10.682541      6.903000 
    48.497685    -30.746893    -10.741575      6.703000 
    48.497697    -30.760290    -10.800608      6.378000 
    48.497708    -30.773693    -10.859640      6.455000 
    48.497720    -30.787098    -10.918671      6.361001 
    48.497731    -30.800507    -10.977702      6.335000 
    48.497743    -30.813920    -11.036732      6.184000 
    48.497755    -30.827335    -11.095761      6.267000 
    48.497766    -30.840755    -11.154790      6.075000 
    48.497778    -30.854180    -11.213818      5.994000 
    48.497801    -30.881039    -11.331872      5.986000 
    48.497812    -30.894474    -11.390898      6.149000 
    48.497824    -30.907911    -11.449923      6.336000 
    48.497836    -30.921354    -11.508947      6.034000 
    48.497847    -30.934801    -11.567971      6.294000 
    48.497859    -30.948252    -11.626994      6.008000 
    48.497870    -30.961704    -11.686016      6.186000 
    48.497882    -30.975163    -11.745038      5.852000 
    48.497894    -30.988625    -11.804059      5.851000 
    48.497905    -31.002090    -11.863079      5.582000 
    48.497917    -31.015560    -11.922098      5.725000 
    48.497928    -31.029036    -11.981116      5.590000 
    50.001088    -28.510553    -11.898181      6.015000 
    50.001100    -28.524020    -11.839170      6.108000 
    50.001111    -28.537481    -11.780159      6.408000 
    50.001123    -28.550941    -11.721147      6.316001 
    50.001134    -28.564398    -11.662135      6.532000 
    50.001146    -28.577848    -11.603121      6.248000 
    50.001157    -28.591295    -11.544107      6.587000 
    50.001169    -28.604738    -11.485092      6.982000 
    50.001181    -28.618177    -11.426077      6.326000 
    50.001204    -28.645046    -11.308043      6.445000 
    50.001215    -28.658476    -11.249025      6.441001 
    50.001227    -28.671900    -11.190007      6.441001 
    50.001238    -28.685322    -11.130988      6.582000 
    50.001250    -28.698738    -11.071968      6.449000 
    50.001262    -28.712152    -11.012947      6.626000 
    50.001273    -28.725561    -10.953926      6.317000 
    50.001285    -28.738968    -10.894904      6.192000 
    50.001296    -28.752370    -10.835882      6.528000 
    50.001308    -28.765770    -10.776858      6.546000 
    50.001319    -28.779165    -10.717834      6.968000 
    50.001331    -28.792559    -10.658809      6.693000 
    50.001343    -28.805946    -10.599784      6.917000 
    50.001354    -28.819330    -10.540758      6.910000 
    50.001366    -28.832712    -10.481731      6.747000 
    50.001377    -28.846090    -10.422704      6.871000 
    50.001389    -28.859467    -10.363676      6.656000 
    50.001400    -28.872837    -10.304647      7.022000 
    50.001412    -28.886206    -10.245617      6.973001 
    50.001424    -28.899570    -10.186587      7.148000 
    50.001435    -28.912931    -10.127557      7.165000 
    50.001447    -28.926289    -10.068525      6.960000 
    50.001458    -28.939644    -10.009493      7.044000 
    50.001470    -28.952995     -9.950460      7.318000 
    50.001481    -28.966343     -9.891427      7.249001 
    50.001493    -28.979689     -9.832393      7.373000 
    50.001505    -28.993030     -9.773358      7.570000 
    50.001528    -29.019703     -9.655287      7.763001 
    50.001539    -29.033035     -9.596251      8.180000 
    50.001551    -29.046366     -9.537213      8.038000 
    50.001563    -29.059690     -9.478176      7.700000 
    50.001574    -29.073013     -9.419137      7.858000 
    50.001586    -29.086332     -9.360098      7.464000 
    50.001597    -29.099650     -9.301059      7.903000 
    50.001609    -29.112963     -9.242018      8.208000 
    50.001620    -29.126274     -9.182977      7.355001 
    50.001632    -29.139582     -9.123936      7.936000 
    50.001644    -29.152885     -9.064894      7.864000 
    50.001655    -29.166187     -9.005851      7.720000 
    50.001667    -29.179487     -8.946808      7.615000 
    50.001678    -29.192783     -8.887764      8.031000 
    50.001690    -29.206076     -8.828720      7.729001 
    50.001701    -29.219366     -8.769675      8.065001 
    50.001713    -29.232653     -8.710629      7.773000 
    50.001725    -29.245937     -8.651583      7.870000 
    50.001736    -29.259218     -8.592536      7.580000 
    50.001748    -29.272497     -8.533489      7.836000 
    50.001759    -29.285774     -8.474441      7.733000 
    50.001771    -29.299047     -8.415392      7.754000 
    50.001782    -29.312319     -8.356343      7.735000 
    50.001794    -29.325586     -8.297293      7.853000 
    50.001806    -29.338852     -8.238243      7.433001 
    50.001817    -29.352114     -8.179192      7.610000 
    50.001829    -29.365374     -8.120141      7.813000 
    50.001840    -29.378632     -8.061089      7.720000 
    50.001852    -29.391886     -8.002037      7.663001 
    52.494537    -29.190727     -8.010357      7.693000 
    52.494549    -29.203983     -8.069418      7.783000 
    52.494560    -29.217241     -8.128478      7.941001 
    52.494572    -29.230503     -8.187538      7.513001 
    52.494583    -29.243769     -8.246598      7.343000 
    52.494595    -29.257034     -8.305657      7.994000 
    52.494606    -29.270304     -8.364715      7.790000 
    52.494618    -29.283577     -8.423773      7.900001 
    52.494630    -29.296852     -8.482830      8.247001 
    52.494641    -29.310130     -8.541887      7.884000 
    52.494653    -29.323410     -8.600943      7.917000 
    52.494664    -29.336693     -8.659999      8.064000 
    52.494676    -29.349980     -8.719054      7.843000 
    52.494687    -29.363268     -8.778108      7.871000 
    52.494699    -29.376560     -8.837162      7.401001 
    52.494711    -29.389854     -8.896215      8.049001 
    52.494722    -29.403152     -8.955267      7.839000 
    52.494734    -29.416452     -9.014319      8.005000 
    52.494745    -29.429756     -9.073371      7.361001 
    52.494757    -29.443062     -9.132422      8.080000 
    52.494769    -29.456371     -9.191472      7.747000 
    52.494780    -29.469685     -9.250522      7.919000 
    52.494792    -29.483000     -9.309570      7.946001 
    52.494803    -29.496319     -9.368619      7.568000 
    52.494815    -29.509640     -9.427667      7.400001 
    52.494826    -29.522963     -9.486714      7.581000 
    52.494838    -29.536291     -9.545760      7.681000 
    52.494850    -29.549622     -9.604806      7.461000 
    52.494861    -29.562956     -9.663852      7.978000 
    52.494873    -29.576292     -9.722896      7.616000 
    52.494884    -29.589632     -9.781940      7.907000 
    52.494896    -29.602976     -9.840984      7.633000 
    52.494907    -29.616322     -9.900026      7.283000 
    52.494919    -29.629671     -9.959068      6.991000 
    52.494931    -29.643024    -10.018110      6.949000 
    52.494942    -29.656382    -10.077151      6.489000 
    52.494954    -29.669740    -10.136191      6.480001 
    52.494965    -29.683104    -10.195230      6.177001 
    52.494977    -29.696470    -10.254269      6.437000 
    52.494988    -29.709840    -10.313307      6.278000 
    52.495000    -29.723213    -10.372345      6.372000 
    52.495012    -29.736590    -10.431382      6.385000 
    52.495023    -29.749970    -10.490418      6.458000 
    52.495035    -29.763353    -10.549453      6.337000 
    52.495046    -29.776740    -10.608488      6.213000 
    52.495058    -29.790130    -10.667522      6.184000 
    52.495069    -29.803524    -10.726556      6.004000 
    52.495081    -29.816921    -10.785589      5.889000 
    52.495093    -29.830322    -10.844621      5.895001 
    52.495104    -29.843727    -10.903652      5.764000 
    52.495116    -29.857136    -10.962683      5.846000 
    52.495127    -29.870546    -11.021713      5.721000 
    52.495139    -29.883963    -11.080742      5.789001 
    52.495150    -29.897380    -11.139771      5.725000 
    52.495162    -29.910805    -11.198799      6.227000 
    52.495174    -29.924230    -11.257826      5.780000 
    52.495185    -29.937660    -11.316853      6.314000 
    52.495197    -29.951096    -11.375878      6.257000 
    52.495208    -29.964533    -11.434904      6.737000 
    52.495220    -29.977974    -11.493928      6.315001 
    52.495231    -29.991419    -11.552951      6.565001 
    52.495243    -30.004870    -11.611974      6.188000 
    52.495255    -30.018322    -11.670997      6.418000 
    52.495266    -30.031778    -11.730018      6.183000 
    52.495278    -30.045238    -11.789039      6.111000 
    52.495289    -30.058704    -11.848059      6.289001 
    52.495301    -30.072172    -11.907078      6.254000 
    52.495313    -30.085646    -11.966096      6.132000 
    53.998854    -28.012000     -9.951029      4.539000 
    53.998866    -28.025349     -9.891995      4.619000 
    53.998877    -28.038692     -9.832961      4.634000 
    53.998889    -28.052034     -9.773926      4.679000 
    53.998900    -28.065372     -9.714891      4.663000 
    53.998924    -28.092041     -9.596818      4.734000 
    53.998935    -28.105370     -9.537781      4.696000 
    53.998947    -28.118696     -9.478743      4.765000 
    53.999132    -28.331507     -8.534052      4.720000 
    53.999144    -28.344784     -8.475004      4.791000 
    53.999155    -28.358057     -8.415956      5.091000 
    53.999178    -28.384596     -8.297856      5.236000 
    53.999190    -28.397861     -8.238806      4.934000 
    53.999213    -28.424383     -8.120704      4.841000 
    53.999225    -28.437641     -8.061651      4.714000 
    53.999236    -28.450897     -8.002599      4.470000 
    56.491921    -28.253407     -8.030063      7.836000 
    56.491933    -28.266665     -8.089123      7.295001 
    56.491944    -28.279922     -8.148182      7.672000 
    56.491956    -28.293184     -8.207240      7.401001 
    56.491968    -28.306450     -8.266298      7.787000 
    56.491979    -28.319715     -8.325355      7.381000 
    56.491991    -28.332985     -8.384411      7.571001 
    56.492002    -28.346258     -8.443467      7.369000 
    56.492014    -28.359533     -8.502523      7.548000 
    56.492025    -28.372810     -8.561578      7.758000 
    56.492037    -28.386091     -8.620632      7.078000 
    56.492049    -28.399376     -8.679686      7.456000 
    56.492060    -28.412660     -8.738739      7.275001 
    56.492072    -28.425950     -8.797792      7.489000 
    56.492083    -28.439241     -8.856844      6.921000 
    56.492095    -28.452538     -8.915895      7.137001 
    56.492106    -28.465836     -8.974946      7.838000 
    56.492130    -28.492440     -9.093046      7.928000 
    56.492141    -28.505747     -9.152095      7.792000 
    56.492153    -28.519054     -9.211143      7.923000 
    56.492164    -28.532368     -9.270191      7.491000 
    56.492176    -28.545683     -9.329238      7.755001 
    56.492188    -28.559002     -9.388285      7.774000 
    56.492199    -28.572323     -9.447331      7.864000 
    56.492211    -28.585648     -9.506376      7.461000 
    56.492222    -28.598976     -9.565421      7.902000 
    56.492234    -28.612307     -9.624465      8.000000 
    56.492245    -28.625640     -9.683508      7.476000 
    56.492257    -28.638977     -9.742551      8.028001 
    56.492269    -28.652319     -9.801594      7.886000 
    56.492280    -28.665663     -9.860635      7.714000 
    56.492292    -28.679008     -9.919676      7.731000 
    56.492303    -28.692360     -9.978716      7.927001 
    56.492315    -28.705711    -10.037756      7.960000 
    56.492326    -28.719069    -10.096795      7.703000 
    56.492338    -28.732430    -10.155833      7.834001 
    56.492350    -28.745792    -10.214871      8.052000 
    56.492361    -28.759160    -10.273908      7.327000 
    56.492373    -28.772530    -10.332945      7.593000 
    56.492384    -28.785904    -10.391980      7.115000 
    56.492396    -28.799278    -10.451015      7.181000 
    56.492407    -28.812660    -10.510050      7.323000 
    56.492419    -28.826042    -10.569083      7.295001 
    56.492431    -28.839432    -10.628116      7.240000 
    56.492442    -28.852821    -10.687149      7.161000 
    56.492454    -28.866217    -10.746180      7.495000 
    56.492465    -28.879614    -10.805211      7.039001 
    56.492477    -28.893015    -10.864242      7.276001 
    56.492488    -28.906420    -10.923271      7.635000 
    56.492500    -28.919828    -10.982300      7.461000 
    56.492512    -28.933240    -11.041328      7.626000 
    56.492523    -28.946655    -11.100356      7.820000 
    56.492535    -28.960075    -11.159383      7.393000 
    56.492546    -28.973500    -11.218409      7.526001 
    56.492558    -28.986925    -11.277434      7.540000 
    56.492569    -29.000357    -11.336459      7.549000 
    56.492581    -29.013790    -11.395483      7.544000 
    56.492593    -29.027230    -11.454506      7.285000 
    56.492604    -29.040670    -11.513529      7.784000 
    56.492616    -29.054117    -11.572550      7.371000 
    56.492627    -29.067568    -11.631571      7.045001 
    56.492639    -29.081020    -11.690592      6.966001 
    56.492650    -29.094479    -11.749611      6.911000 
    56.492662    -29.107939    -11.808630      6.972000 
    56.492674    -29.121405    -11.867648      7.160000 
    56.492685    -29.134874    -11.926666      7.574000 
    56.492697    -29.148348    -11.985682      7.282000 
    60.489931    -28.013067    -11.087650      8.810000 
    60.489942    -28.026484    -11.146677      8.891001 
    60.489954    -28.039906    -11.205704      8.711000 
    60.489965    -28.053328    -11.264729      9.033000 
    60.489977    -28.066755    -11.323754      9.047001 
    60.489988    -28.080187    -11.382778      9.345000 
    60.490000    -28.093622    -11.441802      9.530001 
    60.490012    -28.107061    -11.500824      9.364000 
    60.490023    -28.120504    -11.559846      9.468000 
    60.490035    -28.133951    -11.618868      9.474000 
    60.490046    -28.147402    -11.677888      9.054001 
    60.490058    -28.160856    -11.736908      9.323001 
    60.490069    -28.174314    -11.795927      8.639000 
    60.490081    -28.187777    -11.854945      8.721001 
    60.490093    -28.201242    -11.913963      9.136001 
    60.490104    -28.214712    -11.972980      9.299001 
   210.497222    -30.132753     -8.035029      5.943000 
   210.497234    -30.146010     -8.094085      6.034000 
   210.497245    -30.159267     -8.153141      6.153000 
   210.497257    -30.172530     -8.212195      5.856000 
   210.497269    -30.185795     -8.271250      6.389000 
   210.497280    -30.199060     -8.330303      5.829001 
   210.497292    -30.212330     -8.389356      5.976000 
   210.497303    -30.225601     -8.448409      6.553000 
   210.497315    -30.238878     -8.507461      6.486001 
   210.497326    -30.252155     -8.566512      6.228000 
   210.497338    -30.265436     -8.625563      6.326000 
   210.497350    -30.278719     -8.684613      6.371000 
   210.497361    -30.292006     -8.743663      6.036000 
   210.497373    -30.305294     -8.802712      5.511000 
   210.497384    -30.318586     -8.861761      5.747000 
   210.497396    -30.331880     -8.920809      5.683000 
   210.497407    -30.345179     -8.979856      5.597000 
   210.497419    -30.358479     -9.038903      5.463000 
   210.497431    -30.371782     -9.097949      5.420000 
   210.497442    -30.385090     -9.156994      5.495000 
   210.497454    -30.398400     -9.216039      5.234000 
   210.497465    -30.411710     -9.275084      5.472000 
   210.497477    -30.425028     -9.334127      5.559000 
   210.497488    -30.438345     -9.393170      5.873000 
   210.497500    -30.451668     -9.452213      5.766000 
   210.497512    -30.464990     -9.511255      5.457000 
   210.497523    -30.478320     -9.570296      5.433000 
   210.497535    -30.491650     -9.629337      5.661000 
   210.497546    -30.504984     -9.688377      5.566001 
   210.497558    -30.518320     -9.747416      5.857000 
   210.497569    -30.531662     -9.806455      5.785000 
   210.497581    -30.545006     -9.865493      6.070000 
   210.497593    -30.558352     -9.924530      5.602000 
   210.497604    -30.571701     -9.983567      5.695000 
   210.497616    -30.585054    -10.042603      6.088000 
   210.497627    -30.598412    -10.101639      6.227000 
   210.497639    -30.611773    -10.160674      6.165000 
   210.497650    -30.625135    -10.219708      6.254000 
   210.497662    -30.638502    -10.278741      6.258000 
   210.497674    -30.651873    -10.337774      6.270001 
   210.497685    -30.665245    -10.396807      6.520001 
   210.497697    -30.678621    -10.455838      6.431000 
   210.497708    -30.692001    -10.514869      6.178000 
   210.497720    -30.705385    -10.573899      6.264000 
   210.497731    -30.718773    -10.632929      6.173000 
   210.497743    -30.732164    -10.691958      6.293000 
   210.497755    -30.745558    -10.750986      6.538000 
   210.497766    -30.758957    -10.810013      6.803000 
   210.497778    -30.772358    -10.869040      6.704001 
   210.497789    -30.785763    -10.928066      6.781000 
   210.497801    -30.799171    -10.987092      6.249000 
   210.497812    -30.812584    -11.046117      6.166000 
   210.497824    -30.825998    -11.105141      6.319000 
   210.497836    -30.839418    -11.164164      6.203000 
   210.497847    -30.852840    -11.223187      5.236000 
   210.497859    -30.866268    -11.282208      5.888001 
   210.497870    -30.879700    -11.341230      5.421000 
   210.497882    -30.893133    -11.400250      5.786000 
   210.497894    -30.906570    -11.459270      5.604000 
   210.497905    -30.920013    -11.518289      6.438000 
   210.497917    -30.933458    -11.577307      6.671000 
   210.497928    -30.946909    -11.636325      6.887001 
   210.497940    -30.960363    -11.695342      6.791000 
   210.497951    -30.973820    -11.754358      6.022000 
   210.497963    -30.987282    -11.813373      5.956000 
   210.497975    -31.000748    -11.872388      5.321000 
   210.497986    -31.014215    -11.931402      5.465000 
   210.497998    -31.027689    -11.990415      5.683000 
   212.001146    -28.494331    -11.959690      5.163000 
   212.001157    -28.507805    -11.900675      5.184000 
   212.001169    -28.521273    -11.841660      5.289000 
   212.001181    -28.534735    -11.782644      5.379000 
   212.001192    -28.548195    -11.723627      5.609000 
   212.001204    -28.561651    -11.664610      5.531000 
   212.001215    -28.575104    -11.605592      5.507000 
   212.001227    -28.588550    -11.546573      5.617000 
   212.001238    -28.601995    -11.487553      5.641000 
   212.001250    -28.615437    -11.428533      5.605001 
   212.001262    -28.628874    -11.369512      5.663000 
   212.001273    -28.642305    -11.310490      5.759000 
   212.001285    -28.655735    -11.251467      5.850000 
   212.001296    -28.669160    -11.192444      5.439000 
   212.001308    -28.682583    -11.133420      5.904000 
   212.001319    -28.696000    -11.074395      6.012000 
   212.001331    -28.709415    -11.015370      5.649000 
   212.001343    -28.722826    -10.956344      5.291000 
   212.001354    -28.736233    -10.897317      6.119000 
   212.001366    -28.749636    -10.838290      6.331000 
   212.001377    -28.763037    -10.779262      6.187000 
   212.001389    -28.776434    -10.720233      6.503000 
   212.001400    -28.789825    -10.661203      6.238000 
   212.001412    -28.803215    -10.602173      6.476000 
   212.001424    -28.816600    -10.543142      6.346000 
   212.001435    -28.829983    -10.484111      6.698000 
   212.001447    -28.843363    -10.425078      6.819000 
   212.001458    -28.856737    -10.366045      6.958000 
   212.001470    -28.870110    -10.307012      6.527000 
   212.001481    -28.883478    -10.247978      6.536000 
   212.001493    -28.896845    -10.188943      7.109000 
   212.001505    -28.910206    -10.129907      6.993000 
   212.001516    -28.923565    -10.070871      7.207000 
   212.001528    -28.936920    -10.011834      7.366000 
   212.001539    -28.950272     -9.952796      7.280000 
   212.001551    -28.963621     -9.893758      7.291000 
   212.001563    -28.976967     -9.834719      7.469000 
   212.001574    -28.990309     -9.775680      7.319000 
   212.001586    -29.003649     -9.716640      6.850000 
   212.001597    -29.016985     -9.657599      7.520001 
   212.001609    -29.030317     -9.598558      7.776001 
   212.001620    -29.043648     -9.539516      7.475000 
   212.001632    -29.056973     -9.480473      7.090000 
   212.001644    -29.070297     -9.421430      7.305000 
   212.001655    -29.083616     -9.362386      7.211000 
   212.001667    -29.096933     -9.303341      7.006000 
   212.001678    -29.110249     -9.244296      7.018000 
   212.001690    -29.123560     -9.185251      7.077000 
   212.001701    -29.136870     -9.126204      7.065001 
   212.001713    -29.150173     -9.067157      6.760000 
   212.001725    -29.163477     -9.008110      6.801000 
   212.001736    -29.176777     -8.949062      6.864000 
   212.001748    -29.190073     -8.890013      6.747000 
   212.001759    -29.203365     -8.830964      6.580000 
   212.001771    -29.216658     -8.771914      6.701000 
   212.001782    -29.229944     -8.712863      6.274000 
   212.001794    -29.243230     -8.653812      6.454001 
   212.001806    -29.256514     -8.594760      6.709000 
   212.001817    -29.269793     -8.535708      6.391000 
   212.001829    -29.283070     -8.476655      6.928000 
   212.001840    -29.296343     -8.417602      6.574000 
   212.001852    -29.309614     -8.358548      7.149000 
   212.001863    -29.322884     -8.299494      6.508000 
   212.001875    -29.336150     -8.240438      5.660000 
   212.001887    -29.349413     -8.181383      5.981000 
   212.001898    -29.362673     -8.122327      5.934000 
   212.001910    -29.375930     -8.063270      5.825000 
   212.001921    -29.389187     -8.004213      5.767000 
   214.494618    -29.198318     -8.043540      9.279000 
   214.494630    -29.211576     -8.102596      9.244000 
   214.494641    -29.224836     -8.161651      8.843000 
   214.494653    -29.238098     -8.220705      9.039001 
   214.494664    -29.251364     -8.279760      8.708000 
   214.494676    -29.264631     -8.338813      8.690001 
   214.494687    -29.277900     -8.397866      8.980000 
   214.494699    -29.291176     -8.456918      8.912001 
   214.494711    -29.304451     -8.515970      9.178000 
   214.494722    -29.317730     -8.575021      9.192000 
   214.494734    -29.331010     -8.634072      9.267000 
   214.494745    -29.344296     -8.693122      9.416000 
   214.494757    -29.357582     -8.752172      9.370001 
   214.494769    -29.370872     -8.811221      9.274000 
   214.494780    -29.384165     -8.870269      9.031000 
   214.494792    -29.397460     -8.929317      8.864000 
   214.494803    -29.410759     -8.988364      8.898001 
   214.494815    -29.424060     -9.047410      8.780001 
   214.494826    -29.437365     -9.106456      8.806001 
   214.494838    -29.450672     -9.165502      8.957001 
   214.494850    -29.463982     -9.224547      8.947000 
   214.494861    -29.477297     -9.283591      8.775001 
   214.494873    -29.490612     -9.342634      8.959001 
   214.494884    -29.503931     -9.401677      9.047001 
   214.494896    -29.517254     -9.460720      9.321000 
   214.494907    -29.530579     -9.519761      9.004001 
   214.494919    -29.543907     -9.578802      9.429001 
   214.494931    -29.557240     -9.637843      9.220000 
   214.494942    -29.570576     -9.696883      9.373000 
   214.494954    -29.583914     -9.755922      9.379001 
   214.494965    -29.597254     -9.814960      9.177000 
   214.494977    -29.610600     -9.873998      9.127001 
   214.494988    -29.623945     -9.933036      9.459001 
   214.495000    -29.637297     -9.992072      9.224000 
   214.495012    -29.650652    -10.051108      9.290001 
   214.495023    -29.664010    -10.110144      9.225000 
   214.495035    -29.677370    -10.169178      9.146001 
   214.495046    -29.690735    -10.228212      9.479000 
   214.495058    -29.704102    -10.287246      9.101001 
   214.495069    -29.717472    -10.346279      9.090000 
   214.495081    -29.730846    -10.405311      8.730000 
   214.495093    -29.744225    -10.464342      8.693001 
   214.495104    -29.757607    -10.523373      8.604000 
   214.495116    -29.770990    -10.582403      8.455001 
   214.495127    -29.784378    -10.641432      8.461000 
   214.495139    -29.797771    -10.700461      8.714001 
   214.495150    -29.811167    -10.759489      9.879001 
   214.495162    -29.824566    -10.818516      9.772000 
   214.495174    -29.837967    -10.877543      8.333000 
   214.495185    -29.851374    -10.936569      9.095000 
   214.495197    -29.864782    -10.995594     10.278001 
   214.495208    -29.878197    -11.054619     10.395000 
   214.495220    -29.891611    -11.113643     10.433001 
   214.495231    -29.905033    -11.172666     10.348001 
   214.495243    -29.918457    -11.231688     10.502001 
   214.495255    -29.931885    -11.290710     10.922001 
   214.495266    -29.945316    -11.349731     11.603001 
   214.495278    -29.958752    -11.408751     11.193001 
   214.495289    -29.972190    -11.467771     11.638001 
   214.495301    -29.985634    -11.526790     11.384001 
   214.495313    -29.999080    -11.585808     10.787001 
   214.495324    -30.012531    -11.644825     10.917001 
   214.495336    -30.025988    -11.703842     10.533001 
   214.495347    -30.039446    -11.762858     10.677000 
   214.495359    -30.052908    -11.821873     10.601001 
   214.495370    -30.066374    -11.880888     10.748000 
   214.495382    -30.079844    -11.939902     10.401000 
   214.495394    -30.093319    -11.998915     10.370001 
   215.998924    -28.003450     -9.996258      8.857000 
   215.998935    -28.016804     -9.937220      8.985001 
   215.998947    -28.030151     -9.878182      8.668000 
   215.998958    -28.043497     -9.819143      8.666000 
   215.998970    -28.056839     -9.760103      8.892000 
   215.998981    -28.070177     -9.701063      8.850000 
   215.998993    -28.083513     -9.642022      8.826000 
   215.999005    -28.096848     -9.582980      9.020000 
   215.999016    -28.110176     -9.523938      9.078000 
   215.999028    -28.123503     -9.464895      9.131001 
   215.999039    -28.136826     -9.405852      8.707001 
   215.999051    -28.150146     -9.346808      8.371000 
   215.999062    -28.163464     -9.287763      8.693001 
   215.999074    -28.176779     -9.228718      8.634001 
   215.999086    -28.190088     -9.169672      8.939000 
   215.999097    -28.203398     -9.110626      8.951000 
   215.999109    -28.216703     -9.051579      8.902000 
   215.999120    -28.230005     -8.992531      8.362000 
   215.999132    -28.243305     -8.933483      8.803000 
   215.999144    -28.256601     -8.874434      8.811001 
   215.999155    -28.269896     -8.815384      9.213000 
   215.999167    -28.283186     -8.756334      8.866000 
   215.999178    -28.296474     -8.697284      8.935000 
   215.999190    -28.309760     -8.638232      9.140000 
   215.999201    -28.323042     -8.579180      9.091001 
   215.999213    -28.336320     -8.520128      9.209001 
   215.999225    -28.349598     -8.461075      8.975000 
   215.999236    -28.362871     -8.402022      9.073000 
   215.999248    -28.376143     -8.342968      9.155001 
   215.999259    -28.389412     -8.283913      9.050000 
   215.999271    -28.402678     -8.224858      9.140000 
   215.999282    -28.415941     -8.165802      9.125000 
   215.999294    -28.429201     -8.106745      8.955001 
   215.999306    -28.442460     -8.047689      8.941000 
   218.492002    -28.252077     -8.004267      7.317000 
   218.492014    -28.265333     -8.063323      7.153000 
   218.492025    -28.278591     -8.122378      6.832000 
   218.492037    -28.291853     -8.181432      6.191001 
   218.492049    -28.305117     -8.240486      6.093000 
   218.492060    -28.318382     -8.299539      6.083000 
   218.492072    -28.331652     -8.358592      5.905000 
   218.492083    -28.344923     -8.417644      7.020001 
   218.492095    -28.358196     -8.476696      6.683000 
   218.492106    -28.371473     -8.535747      6.814000 
   218.492118    -28.384754     -8.594798      6.656000 
   218.492141    -28.411322     -8.712897      6.189000 
   218.492153    -28.424610     -8.771946      6.367000 
   218.492164    -28.437900     -8.830994      6.293000 
   218.492176    -28.451195     -8.890042      7.116000 
   218.492188    -28.464493     -8.949089      6.455000 
   218.492199    -28.477793     -9.008135      6.269000 
   218.492211    -28.491095     -9.067181      6.479000 
   218.492222    -28.504400     -9.126226      6.462000 
   218.492234    -28.517710     -9.185271      6.216000 
   218.492245    -28.531020     -9.244315      6.273000 
   218.492257    -28.544334     -9.303359      5.967001 
   218.492269    -28.557652     -9.362402      6.203000 
   218.492280    -28.570972     -9.421444      6.031000 
   218.492292    -28.584297     -9.480485      5.870000 
   218.492303    -28.597624     -9.539526      5.980001 
   218.492315    -28.610954     -9.598567      5.950000 
   218.492326    -28.624287     -9.657607      6.214000 
   218.492338    -28.637623     -9.716646      5.941001 
   218.492350    -28.650963     -9.775684      5.801000 
   218.492361    -28.664305     -9.834722      6.314000 
   218.492373    -28.677650     -9.893759      6.064000 
   218.492384    -28.691000     -9.952796      6.399000 
   218.492396    -28.704351    -10.011832      6.727000 
   218.492407    -28.717709    -10.070867      6.880000 
   218.492419    -28.731068    -10.129902      6.943000 
   218.492431    -28.744429    -10.188936      6.835000 
   218.492442    -28.757793    -10.247969      6.948000 
   218.492454    -28.771164    -10.307002      7.298000 
   218.492465    -28.784536    -10.366034      6.832000 
   218.492477    -28.797910    -10.425065      7.063000 
   218.492488    -28.811290    -10.484096      7.207000 
   218.492500    -28.824673    -10.543126      6.880000 
   218.492512    -28.838058    -10.602155      7.251000 
   218.492523    -28.851448    -10.661184      7.006000 
   218.492535    -28.864841    -10.720212      7.163000 
   218.492546    -28.878239    -10.779239      7.448000 
   218.492558    -28.891640    -10.838266      7.456000 
   218.492569    -28.905043    -10.897292      6.849000 
   218.492581    -28.918450    -10.956317      7.418000 
   218.492593    -28.931862    -11.015342      7.460000 
   218.492604    -28.945276    -11.074365      7.427001 
   218.492616    -28.958694    -11.133389      7.455000 
   218.492627    -28.972116    -11.192411      7.867001 
   218.492639    -28.985542    -11.251433      7.703000 
   218.492650    -28.998972    -11.310454      7.623000 
   218.492662    -29.012403    -11.369474      7.477000 
   218.492674    -29.025840    -11.428494      7.451000 
   218.492685    -29.039282    -11.487513      7.232000 
   218.492697    -29.052727    -11.546531      7.362000 
   218.492708    -29.066175    -11.605548      7.274000 
   218.492720    -29.079626    -11.664565      7.794000 
   218.492731    -29.093082    -11.723581      7.489000 
   218.492743    -29.106543    -11.782596      8.014000 
   218.492755    -29.120007    -11.841611      7.778000 
   218.492766    -29.133474    -11.900624      7.675000 
   218.492778    -29.146948    -11.959637      8.108001 
   222.490000    -28.000960    -11.026750      8.255000 
   222.490012    -28.014374    -11.085774      8.286000 
   222.490023    -28.027792    -11.144798      8.088000 
   222.490035    -28.041212    -11.203821      8.645000 
   222.490046    -28.054638    -11.262843      7.929000 
   222.490058    -28.068068    -11.321864      8.245001 
   222.490069    -28.081500    -11.380885      7.913001 
   222.490081    -28.094934    -11.439905      7.956000 
   222.490093    -28.108376    -11.498924      8.405001 
   222.490104    -28.121819    -11.557943      8.142000 
   222.490116    -28.135267    -11.616961      7.926001 
   222.490127    -28.148718    -11.675978      8.219001 
   222.490139    -28.162174    -11.734994      7.818000 
   222.490150    -28.175632    -11.794010      8.358001 
   222.490162    -28.189096    -11.853025      8.423000 
   222.490174    -28.202564    -11.912039      8.766001 
   222.490185    -28.216036    -11.971052      8.733001 
   227.008924    -31.302168    -11.949890      7.240000 
   227.008935    -31.315638    -11.890875      7.657000 
   227.008947    -31.329102    -11.831860      7.585000 
   227.008958    -31.342564    -11.772844      7.386000 
   227.008970    -31.356022    -11.713827      7.338000 
   227.008981    -31.369474    -11.654809      6.736001 
   227.008993    -31.382923    -11.595790      6.552001 
   227.009005    -31.396370    -11.536771      6.391000 
   227.009016    -31.409813    -11.477751      7.154000 
   227.009028    -31.423250    -11.418730      7.612000 
   227.009039    -31.436686    -11.359709      7.748000 
   227.009051    -31.450115    -11.300687      8.108001 
   227.009062    -31.463543    -11.241664      8.375000 
   227.009074    -31.476965    -11.182641      8.145000 
   227.009086    -31.490385    -11.123616      8.339001 
   227.009097    -31.503800    -11.064591      8.050000 
   227.009109    -31.517212    -11.005566      8.223001 
   227.009120    -31.530620    -10.946539      7.848001 
   227.009132    -31.544025    -10.887512      7.762001 
   227.009144    -31.557426    -10.828485      8.096001 
   227.009155    -31.570826    -10.769456      8.318001 
   227.009167    -31.584219    -10.710427      7.912000 
   227.009178    -31.597609    -10.651397      8.229000 
   227.009190    -31.610996    -10.592367      8.199000 
   227.009201    -31.624380    -10.533336      8.472000 
   227.009213    -31.637760    -10.474304      9.176001 
   227.009225    -31.651136    -10.415271      8.902000 
   227.009236    -31.664510    -10.356238      8.634001 
   227.009248    -31.677880    -10.297204      8.615001 
   227.009259    -31.691246    -10.238170      9.019000 
   227.009271    -31.704609    -10.179135      8.782001 
   227.009282    -31.717970    -10.120099      8.365001 
   227.009294    -31.731325    -10.061062      8.383000 
   227.009306    -31.744678    -10.002025      8.468000 
   227.009317    -31.758030     -9.942987      8.945001 
   227.009329    -31.771376     -9.883949      8.377001 
   227.009340    -31.784720     -9.824910      8.312000 
   227.009352    -31.798060     -9.765870      8.721001 
   227.009363    -31.811396     -9.706830      8.323000 
   227.009375    -31.824730     -9.647789      8.508000 
   227.009387    -31.838060     -9.588747      9.181001 
   227.009398    -31.851389     -9.529705      8.755000 
   227.009410    -31.864712     -9.470662      8.387000 
   227.009421    -31.878033     -9.411619      8.150001 
   227.009433    -31.891352     -9.352575      8.682000 
   227.009444    -31.904667     -9.293530      7.812000 
   227.009456    -31.917978     -9.234485      7.938000 
   227.009468    -31.931288     -9.175439      7.649000 
   227.009479    -31.944593     -9.116392      8.111000 
   227.009491    -31.957897     -9.057345      8.396001 
   227.009502    -31.971197     -8.998297      8.644000 
   227.009514    -31.984495     -8.939249      8.559000 
   227.009525    -31.997790     -8.880200      7.457000 
   231.006319    -30.365255    -11.961315      6.087000 
   231.006331    -30.378727    -11.902301      7.628000 
   231.006343    -30.392193    -11.843286      6.928000 
   231.006354    -30.405657    -11.784270      6.804000 
   231.006366    -30.419115    -11.725254      6.130000 
   231.006377    -30.432571    -11.666237      6.014000 
   231.006389    -30.446022    -11.607219      6.492000 
   231.006400    -30.459469    -11.548200      6.274000 
   231.006412    -30.472914    -11.489181      6.483000 
   231.006424    -30.486353    -11.430161      6.254000 
   231.006435    -30.499788    -11.371140      6.873000 
   231.006447    -30.513220    -11.312118      6.913000 
   231.006458    -30.526650    -11.253096      7.085000 
   231.006470    -30.540073    -11.194073      7.169000 
   231.006481    -30.553493    -11.135050      6.950000 
   231.006493    -30.566912    -11.076025      7.132000 
   231.006505    -30.580324    -11.017000      7.139000 
   231.006516    -30.593735    -10.957974      6.923000 
   231.006528    -30.607141    -10.898948      6.862000 
   231.006539    -30.620544    -10.839921      7.473001 
   231.006551    -30.633944    -10.780893      7.689000 
   231.006563    -30.647339    -10.721865      7.245000 
   231.006574    -30.660730    -10.662835      7.768001 
   231.006586    -30.674120    -10.603805      7.545001 
   231.006597    -30.687506    -10.544775      7.819000 
   231.006609    -30.700886    -10.485744      7.323000 
   231.006620    -30.714266    -10.426712      7.835000 
   231.006632    -30.727638    -10.367679      7.719000 
   231.006644    -30.741010    -10.308646      7.759000 
   231.006655    -30.754377    -10.249612      7.796000 
   231.006667    -30.767742    -10.190577      7.614000 
   231.006678    -30.781103    -10.131542      8.071000 
   231.006690    -30.794462    -10.072506      8.376000 
   231.006701    -30.807817    -10.013470      8.415000 
   231.006713    -30.821169     -9.954433      8.715000 
   231.006725    -30.834517     -9.895395      8.494000 
   231.006736    -30.847860     -9.836356      8.803000 
   231.006748    -30.861202     -9.777317      8.613001 
   231.006759    -30.874540     -9.718277      8.441000 
   231.006771    -30.887877     -9.659237      8.588000 
   231.006782    -30.901209     -9.600196      8.219001 
   231.006794    -30.914537     -9.541154      8.221001 
   231.006806    -30.927862     -9.482112      8.556001 
   231.006817    -30.941185     -9.423069      8.467000 
   231.006829    -30.954506     -9.364026      8.576000 
   231.006840    -30.967821     -9.304982      8.877001 
   231.006852    -30.981134     -9.245937      8.946000 
   231.006863    -30.994446     -9.186892      9.000000 
   231.006875    -31.007753     -9.127846      8.897000 
   231.006887    -31.021057     -9.068799      9.074000 
   231.006898    -31.034359     -9.009752      9.192000 
   231.006910    -31.047659     -8.950704      9.364000 
   231.006921    -31.060953     -8.891656      9.167001 
   231.006933    -31.074247     -8.832607      9.019000 
   231.006944    -31.087538     -8.773558      9.326000 
   231.006956    -31.100824     -8.714508      8.840000 
   231.006968    -31.114107     -8.655457      9.089001 
   231.006979    -31.127390     -8.596406      8.913000 
   231.006991    -31.140669     -8.537354      9.003000 
   231.007002    -31.153946     -8.478302      8.781000 
   231.007014    -31.167217     -8.419249      8.866000 
   231.007025    -31.180489     -8.360195      8.992001 
   231.007037    -31.193756     -8.301141      9.146001 
   231.007049    -31.207022     -8.242086      9.191000 
   231.007060    -31.220284     -8.183031      9.416000 
   231.007072    -31.233543     -8.123975      9.048000 
   231.007083    -31.246801     -8.064919      9.628000 
   231.007095    -31.260056     -8.005862      9.306001 
   233.499792    -31.066725     -8.028280      8.293000 
   233.499803    -31.079979     -8.087338      8.830001 
   233.499826    -31.106499     -8.205452      8.047000 
   233.499838    -31.119760     -8.264508      8.544001 
   233.499850    -31.133026     -8.323564      8.811001 
   233.499861    -31.146296     -8.382620      8.534000 
   233.499873    -31.159567     -8.441674      9.070001 
   233.499884    -31.172840     -8.500728      8.593000 
   233.499896    -31.186117     -8.559782      9.165000 
   233.499907    -31.199396     -8.618835      8.979000 
   233.499919    -31.212679     -8.677887      9.078000 
   233.499931    -31.225964     -8.736939      9.288000 
   233.499942    -31.239252     -8.795990      9.047001 
   233.499954    -31.252542     -8.855041      8.582001 
   233.499965    -31.265837     -8.914091      8.485001 
   233.499977    -31.279133     -8.973140      8.159000 
   233.499988    -31.292433     -9.032189      7.998000 
   233.500000    -31.305735     -9.091238      8.365001 
   233.500012    -31.319040     -9.150285      8.385000 
   233.500023    -31.332348     -9.209332      8.443001 
   233.500035    -31.345660     -9.268379      8.375000 
   233.500046    -31.358974     -9.327425      8.521001 
   233.500058    -31.372292     -9.386470      8.060000 
   233.500069    -31.385610     -9.445515      7.958000 
   233.500081    -31.398935     -9.504559      8.309000 
   233.500093    -31.412260     -9.563602      7.883000 
   233.500104    -31.425590     -9.622645      7.510000 
   233.500116    -31.438925     -9.681687      7.951000 
   233.500127    -31.452260     -9.740729      7.735000 
   233.500139    -31.465600     -9.799770      8.153001 
   233.500150    -31.478943     -9.858810      8.245001 
   233.500162    -31.492287     -9.917850      8.203000 
   233.500174    -31.505636     -9.976889      8.045000 
   233.500185    -31.518988    -10.035927      7.832000 
   233.500197    -31.532345    -10.094965      7.577000 
   233.500208    -31.545702    -10.154002      7.806000 
   233.500220    -31.559065    -10.213038      7.149000 
   233.500231    -31.572430    -10.272074      7.236001 
   233.500243    -31.585798    -10.331109      7.347000 
   233.500255    -31.599170    -10.390144      7.084000 
   233.500266    -31.612547    -10.449178      7.043000 
   233.500278    -31.625925    -10.508211      7.145001 
   233.500289    -31.639309    -10.567243      7.223001 
   233.500301    -31.652695    -10.626275      7.415000 
   233.500313    -31.666084    -10.685306      7.326000 
   233.500324    -31.679478    -10.744337      7.114000 
   233.500336    -31.692873    -10.803366      6.927001 
   233.500347    -31.706272    -10.862395      6.753000 
   233.500359    -31.719677    -10.921424      7.600000 
   233.500370    -31.733086    -10.980452      7.329001 
   233.500382    -31.746496    -11.039479      7.959001 
   233.500394    -31.759910    -11.098505      8.131001 
   233.500405    -31.773329    -11.157531      7.607000 
   233.500417    -31.786750    -11.216555      8.074000 
   233.500428    -31.800177    -11.275580      8.380000 
   233.500440    -31.813606    -11.334603      8.738001 
   233.500451    -31.827040    -11.393626      8.565001 
   233.500463    -31.840475    -11.452648      8.561001 
   233.500475    -31.853916    -11.511669      8.719001 
   233.500486    -31.867361    -11.570690      8.757000 
   233.500498    -31.880810    -11.629710      8.601001 
   233.500509    -31.894262    -11.688729      8.653001 
   233.500521    -31.907719    -11.747747      8.669001 
   233.500532    -31.921179    -11.806765      8.949000 
   233.500544    -31.934643    -11.865782      9.178000 
   233.500556    -31.948110    -11.924798      9.209001 
   233.500567    -31.961582    -11.983814      8.832001 
   235.003715    -29.430046    -11.958818      8.915000 
   235.003727    -29.443518    -11.899804      9.039001 
   235.003738    -29.456984    -11.840790      8.848001 
   235.003750    -29.470446    -11.781774      8.917001 
   235.003762    -29.483902    -11.722758      9.157001 
   235.003773    -29.497356    -11.663741      9.016001 
   235.003785    -29.510805    -11.604724      9.402000 
   235.003796    -29.524254    -11.545705      9.371000 
   235.003808    -29.537695    -11.486686      9.147000 
   235.003819    -29.551134    -11.427666      9.072000 
   235.003831    -29.564568    -11.368646      9.157001 
   235.003843    -29.578000    -11.309624      9.132000 
   235.003854    -29.591427    -11.250602      8.758000 
   235.003866    -29.604850    -11.191580      9.022000 
   235.003877    -29.618270    -11.132556      8.793000 
   235.003889    -29.631685    -11.073532      9.276000 
   235.003900    -29.645100    -11.014507      8.658000 
   235.003912    -29.658506    -10.955482      9.033000 
   235.003924    -29.671913    -10.896456      9.179001 
   235.003935    -29.685314    -10.837429      9.520000 
   235.003947    -29.698711    -10.778401      9.146001 
   235.003958    -29.712107    -10.719373      8.724000 
   235.003970    -29.725498    -10.660344      8.656000 
   235.003981    -29.738886    -10.601314      8.817000 
   235.003993    -29.752270    -10.542284      8.840000 
   235.004005    -29.765650    -10.483253      8.767000 
   235.004016    -29.779026    -10.424221      9.299001 
   235.004028    -29.792400    -10.365189      9.219001 
   235.004039    -29.805770    -10.306156      8.950001 
   235.004051    -29.819138    -10.247123      8.891001 
   235.004062    -29.832500    -10.188088      9.032001 
   235.004074    -29.845860    -10.129053      9.438001 
   235.004086    -29.859217    -10.070018      9.233001 
   235.004097    -29.872572    -10.010981      8.953000 
   235.004109    -29.885921     -9.951944      7.777000 
   235.004120    -29.899267     -9.892907      9.321000 
   235.004132    -29.912611     -9.833869      9.387000 
   235.004144    -29.925953     -9.774830      8.982000 
   235.004155    -29.939290     -9.715790      9.709001 
   235.004167    -29.952623     -9.656750      9.366000 
   235.004178    -29.965954     -9.597710      9.593000 
   235.004190    -29.979282     -9.538668      9.794001 
   235.004201    -29.992605     -9.479626      9.612000 
   235.004213    -30.005928     -9.420584      9.717000 
   235.004225    -30.019247     -9.361540      9.668000 
   235.004236    -30.032562     -9.302497      9.600000 
   235.004248    -30.045874     -9.243452      9.445001 
   235.004259    -30.059183     -9.184407      9.755000 
   235.004271    -30.072490     -9.125362      9.717000 
   235.004282    -30.085794     -9.066315      9.354000 
   235.004294    -30.099094     -9.007268      9.355000 
   235.004306    -30.112392     -8.948221      9.262000 
   235.004317    -30.125687     -8.889173      9.332001 
   235.004329    -30.138977     -8.830124      9.328000 
   235.004340    -30.152267     -8.771075      9.133000 
   235.004352    -30.165552     -8.712025      9.246000 
   235.004363    -30.178837     -8.652975      9.467000 
   235.004375    -30.192118     -8.593924      9.560000 
   235.004387    -30.205395     -8.534873      9.374001 
   235.004398    -30.218670     -8.475820      9.515000 
   235.004410    -30.231941     -8.416768      9.497001 
   235.004421    -30.245210     -8.357715      9.437000 
   235.004433    -30.258478     -8.298661      9.493000 
   235.004444    -30.271742     -8.239606      9.403001 
   235.004456    -30.285004     -8.180551      9.236000 
   235.004468    -30.298262     -8.121496      9.424001 
   235.004479    -30.311518     -8.062440      9.397000 
   235.004491    -30.324772     -8.003383      9.529000 
   237.497188    -30.132792     -8.040112      7.364000 
   237.497199    -30.146046     -8.099170      6.990000 
   237.497211    -30.159304     -8.158228      7.712000 
   237.497222    -30.172562     -8.217286      7.305000 
   237.497234    -30.185823     -8.276343      7.391000 
   237.497245    -30.199090     -8.335400      7.756000 
   237.497257    -30.212357     -8.394456      7.697000 
   237.497269    -30.225628     -8.453511      7.049000 
   237.497280    -30.238900     -8.512566      6.378000 
   237.497292    -30.252174     -8.571620      7.290000 
   237.497303    -30.265453     -8.630674      6.882000 
   237.497315    -30.278734     -8.689727      6.843000 
   237.497326    -30.292019     -8.748779      7.233000 
   237.497338    -30.305305     -8.807831      7.022000 
   237.497350    -30.318596     -8.866883      7.363000 
   237.497361    -30.331888     -8.925933      7.686000 
   237.497373    -30.345184     -8.984984      7.169000 
   237.497384    -30.358482     -9.044033      7.237000 
   237.497396    -30.371784     -9.103082      7.202000 
   237.497407    -30.385088     -9.162131      7.017000 
   237.497419    -30.398396     -9.221178      7.109000 
   237.497431    -30.411707     -9.280226      7.565001 
   237.497442    -30.425018     -9.339272      6.637000 
   237.497454    -30.438335     -9.398318      6.747000 
   237.497465    -30.451654     -9.457364      6.845000 
   237.497477    -30.464977     -9.516408      6.827000 
   237.497488    -30.478304     -9.575453      6.578000 
   237.497500    -30.491632     -9.634496      6.741000 
   237.497512    -30.504965     -9.693539      6.631000 
   237.497523    -30.518300     -9.752581      6.221000 
   237.497535    -30.531637     -9.811623      5.900000 
   237.497546    -30.544977     -9.870664      5.881000 
   237.497558    -30.558323     -9.929704      5.801000 
   237.497569    -30.571670     -9.988744      5.868000 
   237.497581    -30.585022    -10.047783      5.917000 
   237.497593    -30.598377    -10.106822      6.302001 
   237.497604    -30.611734    -10.165859      6.426000 
   237.497616    -30.625095    -10.224896      6.216000 
   237.497627    -30.638460    -10.283933      6.265000 
   237.497639    -30.651829    -10.342969      6.303000 
   237.497650    -30.665200    -10.402004      6.164001 
   237.497662    -30.678574    -10.461039      6.231000 
   237.497674    -30.691954    -10.520072      6.280000 
   237.497685    -30.705334    -10.579106      6.278000 
   237.497697    -30.718720    -10.638138      6.278000 
   237.497708    -30.732107    -10.697170      6.136000 
   237.497720    -30.745500    -10.756201      6.154000 
   237.497731    -30.758896    -10.815231      5.875000 
   237.497743    -30.772295    -10.874261      6.646000 
   237.497755    -30.785698    -10.933290      6.361001 
   237.497766    -30.799105    -10.992319      6.653000 
   237.497778    -30.812513    -11.051346      6.775000 
   237.497789    -30.825928    -11.110373      6.655000 
   237.497801    -30.839346    -11.169400      6.533000 
   237.497812    -30.852768    -11.228425      6.525000 
   237.497824    -30.866192    -11.287450      6.815001 
   237.497836    -30.879620    -11.346475      6.478000 
   237.497847    -30.893053    -11.405498      7.063000 
   237.497859    -30.906488    -11.464521      6.481000 
   237.497870    -30.919930    -11.523543      7.217001 
   237.497882    -30.933372    -11.582564      7.020001 
   237.497894    -30.946820    -11.641585      7.231000 
   237.497905    -30.960272    -11.700605      7.927001 
   237.497917    -30.973726    -11.759624      7.296000 
   237.497928    -30.987186    -11.818642      8.217000 
   237.497940    -31.000650    -11.877660      7.848001 
   237.497951    -31.014116    -11.936677      6.468000 
   237.497963    -31.027588    -11.995693      7.775001 
   239.001100    -28.484852    -11.998487      8.788000 
   239.001111    -28.498322    -11.939474      8.788000 
   239.001123    -28.511790    -11.880460      8.996000 
   239.001134    -28.525251    -11.821445      8.997001 
   239.001146    -28.538710    -11.762430      8.959001 
   239.001157    -28.552164    -11.703414      8.618000 
   239.001169    -28.565617    -11.644397      9.362000 
   239.001181    -28.579063    -11.585379      8.739000 
   239.001192    -28.592506    -11.526361      8.506001 
   239.001204    -28.605946    -11.467342      8.681001 
   239.001215    -28.619383    -11.408322      8.927000 
   239.001227    -28.632814    -11.349301      9.317000 
   239.001238    -28.646242    -11.290280      8.975000 
   239.001250    -28.659666    -11.231258      9.252001 
   239.001262    -28.673086    -11.172235      9.465000 
   239.001273    -28.686504    -11.113212      9.189000 
   239.001285    -28.699917    -11.054188      8.843000 
   239.001296    -28.713326    -10.995163      8.945001 
   239.001308    -28.726732    -10.936138      9.511001 
   239.001319    -28.740135    -10.877112      9.014001 
   239.001331    -28.753534    -10.818085      9.530001 
   239.001343    -28.766930    -10.759057      8.994000 
   239.001354    -28.780320    -10.700029      9.122001 
   239.001366    -28.793709    -10.641000      9.014001 
   239.001377    -28.807093    -10.581970      9.012000 
   239.001389    -28.820475    -10.522940      8.901000 
   239.001400    -28.833853    -10.463909      8.845000 
   239.001412    -28.847225    -10.404878      8.596001 
   239.001424    -28.860598    -10.345845      8.552000 
   239.001435    -28.873964    -10.286812      8.640000 
   239.001447    -28.887327    -10.227779      8.657001 
   239.001458    -28.900688    -10.168745      8.598001 
   239.001470    -28.914045    -10.109710      8.333000 
   239.001481    -28.927400    -10.050674      8.681001 
   239.001493    -28.940750     -9.991638      8.476001 
   239.001505    -28.954100     -9.932601      8.529000 
   239.001516    -28.967443     -9.873564      8.666000 
   239.001528    -28.980783     -9.814526      8.427000 
   239.001539    -28.994122     -9.755487      8.115001 
   239.001551    -29.007456     -9.696447      8.613001 
   239.001563    -29.020786     -9.637407      8.195001 
   239.001574    -29.034117     -9.578367      7.998000 
   239.001586    -29.047441     -9.519325      8.356000 
   239.001597    -29.060762     -9.460284      7.939001 
   239.001609    -29.074081     -9.401241      8.062000 
   239.001620    -29.087399     -9.342198      7.927001 
   239.001632    -29.100710     -9.283154      8.014000 
   239.001644    -29.114020     -9.224110      7.736001 
   239.001655    -29.127327     -9.165065      7.594000 
   239.001667    -29.140630     -9.106019      7.571001 
   239.001678    -29.153933     -9.046973      7.268000 
   239.001690    -29.167230     -8.987926      7.577000 
   239.001701    -29.180525     -8.928879      7.497000 
   239.001713    -29.193817     -8.869831      7.584001 
   239.001725    -29.207106     -8.810783      7.382000 
   239.001736    -29.220392     -8.751733      6.717001 
   239.001748    -29.233677     -8.692684      7.057000 
   239.001759    -29.246956     -8.633633      7.097000 
   239.001771    -29.260235     -8.574583      7.504000 
   239.001782    -29.273508     -8.515531      7.174000 
   239.001794    -29.286781     -8.456479      7.291000 
   239.001806    -29.300050     -8.397427      7.072000 
   239.001817    -29.313318     -8.338373      7.370000 
   239.001829    -29.326584     -8.279320      6.698000 
   239.001840    -29.339844     -8.220266      7.131000 
   239.001852    -29.353104     -8.161211      7.573000 
   239.001863    -29.366360     -8.102155      7.319000 
   239.001875    -29.379614     -8.043099      7.622000 
   241.494572    -29.190270     -8.014391      8.575001 
   241.494583    -29.203522     -8.073451      8.612000 
   241.494595    -29.216776     -8.132510      8.746000 
   241.494606    -29.230034     -8.191569      8.652000 
   241.494618    -29.243294     -8.250627      8.798000 
   241.494630    -29.256557     -8.309684      8.944000 
   241.494641    -29.269823     -8.368741      8.849000 
   241.494653    -29.283090     -8.427797      9.135000 
   241.494664    -29.296362     -8.486853      8.810000 
   241.494676    -29.309635     -8.545908      9.078000 
   241.494687    -29.322912     -8.604963      8.848001 
   241.494699    -29.336191     -8.664017      8.785001 
   241.494711    -29.349476     -8.723070      8.878000 
   241.494722    -29.362760     -8.782123      8.815001 
   241.494734    -29.376047     -8.841176      8.907001 
   241.494745    -29.389338     -8.900227      8.425000 
   241.494757    -29.402632     -8.959278      8.560000 
   241.494769    -29.415928     -9.018329      8.932000 
   241.494780    -29.429228     -9.077379      9.289001 
   241.494792    -29.442530     -9.136428      8.868000 
   241.494803    -29.455835     -9.195477      8.910001 
   241.494815    -29.469145     -9.254525      8.736000 
   241.494826    -29.482456     -9.313573      8.795000 
   241.494838    -29.495770     -9.372620      8.657001 
   241.494850    -29.509089     -9.431666      9.363001 
   241.494861    -29.522408     -9.490712      9.046000 
   241.494873    -29.535732     -9.549757      9.296000 
   241.494884    -29.549059     -9.608801      9.131001 
   241.494896    -29.562387     -9.667845      8.869000 
   241.494907    -29.575722     -9.726889      8.684000 
   241.494919    -29.589058     -9.785931      8.901000 
   241.494931    -29.602398     -9.844973      9.127001 
   241.494942    -29.615740     -9.904014      8.905001 
   241.494954    -29.629086     -9.963055      8.807000 
   241.494965    -29.642435    -10.022095      9.041000 
   241.494977    -29.655788    -10.081135      8.926001 
   241.494988    -29.669144    -10.140173      8.480000 
   241.495000    -29.682503    -10.199212      8.797001 
   241.495012    -29.695866    -10.258249      8.607000 
   241.495023    -29.709230    -10.317286      8.722000 
   241.495035    -29.722600    -10.376322      8.848001 
   241.495046    -29.735973    -10.435358      8.789001 
   241.495058    -29.749350    -10.494392      8.988001 
   241.495069    -29.762728    -10.553427      9.138001 
   241.495081    -29.776112    -10.612460      9.216001 
   241.495093    -29.789497    -10.671493      9.048000 
   241.495104    -29.802889    -10.730525      8.919001 
   241.495116    -29.816280    -10.789556      9.086000 
   241.495127    -29.829678    -10.848587      8.807000 
   241.495139    -29.843079    -10.907617      8.677000 
   241.495150    -29.856483    -10.966647      8.815001 
   241.495162    -29.869890    -11.025675      8.559000 
   241.495174    -29.883303    -11.084703      8.973001 
   241.495185    -29.896717    -11.143731      8.417001 
   241.495197    -29.910137    -11.202757      8.239000 
   241.495208    -29.923560    -11.261783      8.165000 
   241.495220    -29.936987    -11.320808      8.106000 
   241.495231    -29.950417    -11.379833      8.313001 
   241.495243    -29.963850    -11.438857      8.266001 
   241.495255    -29.977287    -11.497880      8.004001 
   241.495266    -29.990728    -11.556902      8.526000 
   241.495278    -30.004173    -11.615924      8.373000 
   241.495289    -30.017624    -11.674945      8.956000 
   241.495301    -30.031076    -11.733965      8.543000 
   241.495313    -30.044533    -11.792984      8.713000 
   241.495324    -30.057995    -11.852003      8.683001 
   241.495336    -30.071459    -11.911021      8.743000 
   241.495347    -30.084929    -11.970038      8.683001 
   242.998877    -28.000137    -10.007279      9.247001 
   242.998889    -28.013487     -9.948242      9.256001 
   242.998900    -28.026830     -9.889206      8.550000 
   242.998912    -28.040173     -9.830168      9.141001 
   242.998924    -28.053510     -9.771130      9.023001 
   242.998935    -28.066847     -9.712091      8.699000 
   242.998947    -28.080177     -9.653052      8.611000 
   242.998958    -28.093508     -9.594012      8.764001 
   242.998970    -28.106833     -9.534971      8.198000 
   242.998981    -28.120155     -9.475930      9.193001 
   242.998993    -28.133474     -9.416888      8.767000 
   242.999005    -28.146791     -9.357846      9.098001 
   242.999016    -28.160105     -9.298803      9.006001 
   242.999028    -28.173416     -9.239759      9.095000 
   242.999039    -28.186724     -9.180715      7.616000 
   242.999051    -28.200027     -9.121670      7.859000 
   242.999062    -28.213330     -9.062624      8.004001 
   242.999074    -28.226627     -9.003578      8.427000 
   242.999086    -28.239923     -8.944531      7.885000 
   242.999097    -28.253216     -8.885484      8.286000 
   242.999109    -28.266506     -8.826436      7.752000 
   242.999120    -28.279793     -8.767388      7.881000 
   242.999132    -28.293077     -8.708339      7.450000 
   242.999144    -28.306358     -8.649289      7.784000 
   242.999155    -28.319635     -8.590239      8.459001 
   242.999167    -28.332912     -8.531188      7.917000 
   242.999178    -28.346186     -8.472137      7.811000 
   242.999190    -28.359455     -8.413085      7.696001 
   242.999201    -28.372723     -8.354033      7.393000 
   242.999213    -28.385988     -8.294979      6.875000 
   242.999225    -28.399250     -8.235926      6.975000 
   242.999236    -28.412510     -8.176872      7.071000 
   242.999248    -28.425766     -8.117817      6.912000 
   242.999259    -28.439020     -8.058762      7.011000 
