    30.852870    -30.760992    -11.943000           NaN 
    30.852882    -30.775007    -11.879000           NaN 
    30.852894    -30.786016    -11.815000           NaN 
    30.852905    -30.799007    -11.752000           NaN 
    30.852917    -30.812992    -11.688000           NaN 
    30.852928    -30.825983    -11.624000           NaN 
    30.852940    -30.838017    -11.560000           NaN 
    30.852951    -30.850016    -11.502000           NaN 
    30.852963    -30.861984    -11.445000           NaN 
    30.852975    -30.875008    -11.381000           NaN 
    30.852986    -30.885984    -11.318000           NaN 
    30.852998    -30.900000    -11.254000           NaN 
    30.853009    -30.912992    -11.190000           NaN 
    30.853021    -30.924992    -11.125000           NaN 
    30.853032    -30.937984    -11.061000           NaN 
    30.853044    -30.950975    -10.997000           NaN 
    30.853056    -30.963009    -10.933000           NaN 
    30.853067    -30.976000    -10.870000           NaN 
    30.853079    -30.989023    -10.806000           NaN 
    30.853090    -31.000992    -10.742000           NaN 
    30.853102    -31.014015    -10.685000           NaN 
    30.853113    -31.024992    -10.627000           NaN 
    30.853125    -31.037985    -10.563000           NaN 
    30.853137    -31.049984    -10.499000           NaN 
    30.853148    -31.062977    -10.435000           NaN 
    30.853160    -31.076000    -10.372000           NaN 
    30.853171    -31.088000    -10.308000           NaN 
    30.853183    -31.101025    -10.244000           NaN 
    30.853194    -31.114016    -10.179000           NaN 
    30.853206    -31.126017    -10.115000           NaN 
    30.853218    -31.139008    -10.051000           NaN 
    30.853229    -31.151009     -9.988000           NaN 
    30.853241    -31.164000     -9.924000           NaN 
    30.853252    -31.176992     -9.867000           NaN 
    30.853264    -31.188000     -9.808000           NaN 
    30.853275    -31.200993     -9.745000           NaN 
    30.853287    -31.212000     -9.681000           NaN 
    30.853299    -31.226015     -9.617000           NaN 
    30.853310    -31.239008     -9.554000           NaN 
    30.853322    -31.249985     -9.490000           NaN 
    30.853333    -31.264000     -9.426000           NaN 
    30.853345    -31.276000     -9.362000           NaN 
    30.853356    -31.288992     -9.297000           NaN 
    30.853368    -31.302015     -9.233000           NaN 
    30.853380    -31.313984     -9.169000           NaN 
    30.853391    -31.327007     -9.105000           NaN 
    30.853403    -31.338017     -9.049000           NaN 
    30.853414    -31.350016     -8.992000           NaN 
    30.853426    -31.361984     -8.928000           NaN 
    30.853437    -31.375008     -8.863000           NaN 
    30.853449    -31.387009     -8.799000           NaN 
    30.853461    -31.400000     -8.735000           NaN 
    30.853472    -31.412992     -8.671000           NaN 
    30.853484    -31.424992     -8.608000           NaN 
    30.853495    -31.437984     -8.544000           NaN 
    30.853507    -31.450975     -8.480000           NaN 
    30.853519    -31.463009     -8.417000           NaN 
    30.853530    -31.476000     -8.352999           NaN 
    30.853542    -31.489023     -8.288999           NaN 
    30.853553    -31.500992     -8.224000           NaN 
    30.853565    -31.512000     -8.167000           NaN 
    30.853576    -31.524992     -8.109999           NaN 
    30.853588    -31.536000     -8.045999           NaN 
    32.341007    -29.108000     -8.021000           NaN 
    32.341019    -29.122017     -8.083999           NaN 
    32.341030    -29.132992     -8.146000           NaN 
    32.341042    -29.145985     -8.208999           NaN 
    32.341053    -29.159008     -8.273000           NaN 
    32.341065    -29.170977     -8.337000           NaN 
    32.341076    -29.184000     -8.400000           NaN 
    32.341088    -29.195969     -8.464000           NaN 
    32.341100    -29.208992     -8.527000           NaN 
    32.341111    -29.221985     -8.591000           NaN 
    32.341123    -29.232992     -8.653000           NaN 
    32.341134    -29.247007     -8.718000           NaN 
    32.341146    -29.257984     -8.780000           NaN 
    32.341157    -29.271008     -8.844000           NaN 
    32.341169    -29.284992     -8.907000           NaN 
    32.341181    -29.296000     -8.971000           NaN 
    32.341192    -29.309984     -9.035000           NaN 
    32.341204    -29.320992     -9.098000           NaN 
    32.341215    -29.333984     -9.162000           NaN 
    32.341227    -29.346975     -9.224000           NaN 
    32.341238    -29.359009     -9.287000           NaN 
    32.341250    -29.372000     -9.351000           NaN 
    32.341262    -29.385023     -9.414000           NaN 
    32.341273    -29.396992     -9.478000           NaN 
    32.341285    -29.410015     -9.542000           NaN 
    32.341296    -29.423008     -9.605000           NaN 
    32.341308    -29.435007     -9.669000           NaN 
    32.341319    -29.448000     -9.731000           NaN 
    32.341331    -29.458977     -9.789000           NaN 
    32.341343    -29.470016     -9.846000           NaN 
    32.341354    -29.483007     -9.910000           NaN 
    32.341366    -29.496000     -9.973000           NaN 
    32.341377    -29.506975    -10.035000           NaN 
    32.341389    -29.520992    -10.099000           NaN 
    32.341400    -29.533983    -10.162000           NaN 
    32.341412    -29.545984    -10.226000           NaN 
    32.341424    -29.558975    -10.289000           NaN 
    32.341435    -29.570976    -10.353000           NaN 
    32.341447    -29.583967    -10.417000           NaN 
    32.341458    -29.596992    -10.480000           NaN 
    32.341470    -29.608000    -10.542000           NaN 
    32.341481    -29.622017    -10.606000           NaN 
    32.341493    -29.635008    -10.669000           NaN 
    32.341505    -29.645985    -10.733000           NaN 
    32.341516    -29.660000    -10.796000           NaN 
    32.341528    -29.672993    -10.860000           NaN 
    32.341539    -29.684992    -10.924000           NaN 
    32.341551    -29.697985    -10.987000           NaN 
    32.341562    -29.709984    -11.051000           NaN 
    32.341574    -29.722977    -11.113000           NaN 
    32.341586    -29.736000    -11.176000           NaN 
    32.341597    -29.748000    -11.240000           NaN 
    32.341609    -29.760992    -11.304000           NaN 
    32.341620    -29.773985    -11.367000           NaN 
    32.341632    -29.786016    -11.431000           NaN 
    32.341644    -29.799007    -11.494000           NaN 
    32.341655    -29.812000    -11.558000           NaN 
    32.341667    -29.824000    -11.620000           NaN 
    32.341678    -29.836992    -11.683000           NaN 
    32.341690    -29.850016    -11.747000           NaN 
    32.341701    -29.861984    -11.811000           NaN 
    32.341713    -29.872992    -11.867000           NaN 
    32.341725    -29.885984    -11.926000           NaN 
    32.341736    -29.896992    -11.988000           NaN 
    37.847025    -28.747007    -11.997000           NaN 
    37.847037    -28.760992    -11.933000           NaN 
    37.847049    -28.773985    -11.869000           NaN 
    37.847060    -28.786016    -11.804000           NaN 
    37.847072    -28.799007    -11.740000           NaN 
    37.847083    -28.812992    -11.676000           NaN 
    37.847095    -28.824000    -11.613000           NaN 
    37.847106    -28.836992    -11.556000           NaN 
    37.847118    -28.848000    -11.497000           NaN 
    37.847130    -28.860992    -11.433000           NaN 
    37.847141    -28.872992    -11.370000           NaN 
    37.847153    -28.885984    -11.306000           NaN 
    37.847164    -28.900000    -11.242000           NaN 
    37.847176    -28.912992    -11.178000           NaN 
    37.847187    -28.924000    -11.113000           NaN 
    37.847199    -28.937984    -11.049000           NaN 
    37.847211    -28.950975    -10.985000           NaN 
    37.847222    -28.963009    -10.921000           NaN 
    37.847234    -28.976000    -10.858000           NaN 
    37.847245    -28.987007    -10.799000           NaN 
    37.847257    -29.000000    -10.742000           NaN 
    37.847269    -29.010977    -10.679000           NaN 
    37.847280    -29.024992    -10.615000           NaN 
    37.847292    -29.037985    -10.551000           NaN 
    37.847303    -29.049984    -10.487000           NaN 
    37.847315    -29.062977    -10.422000           NaN 
    37.847326    -29.076000    -10.358000           NaN 
    37.847338    -29.088000    -10.294000           NaN 
    37.847350    -29.101025    -10.230000           NaN 
    37.847361    -29.114016    -10.167000           NaN 
    37.847373    -29.126017    -10.103000           NaN 
    37.847384    -29.136992    -10.046000           NaN 
    37.847396    -29.149984     -9.988000           NaN 
    37.847407    -29.163008     -9.924000           NaN 
    37.847419    -29.174017     -9.860000           NaN 
    37.847431    -29.188000     -9.796000           NaN 
    37.847442    -29.200993     -9.731000           NaN 
    37.847454    -29.212000     -9.667000           NaN 
    37.847465    -29.226015     -9.605000           NaN 
    37.847477    -29.239008     -9.540000           NaN 
    37.847488    -29.251007     -9.476000           NaN 
    37.847500    -29.264000     -9.412000           NaN 
    37.847512    -29.276000     -9.348000           NaN 
    37.847523    -29.288992     -9.285000           NaN 
    37.847535    -29.300000     -9.226000           NaN 
    37.847546    -29.312000     -9.169000           NaN 
    37.847558    -29.324000     -9.105000           NaN 
    37.847569    -29.336992     -9.042000           NaN 
    37.847581    -29.350016     -8.978000           NaN 
    37.847593    -29.361984     -8.914000           NaN 
    37.847604    -29.375008     -8.849000           NaN 
    37.847616    -29.387009     -8.785000           NaN 
    37.847627    -29.400000     -8.721000           NaN 
    37.847639    -29.414017     -8.657000           NaN 
    37.847650    -29.424992     -8.594000           NaN 
    37.847662    -29.437984     -8.530000           NaN 
    37.847674    -29.452000     -8.466000           NaN 
    37.847685    -29.462015     -8.408000           NaN 
    37.847697    -29.472992     -8.351000           NaN 
    37.847708    -29.487007     -8.286999           NaN 
    37.847720    -29.500000     -8.222999           NaN 
    37.847731    -29.510977     -8.160000           NaN 
    37.847743    -29.524992     -8.095999           NaN 
    37.847755    -29.537985     -8.031999           NaN 
    38.345637    -30.864992     -8.054000           NaN 
    38.345648    -30.876000     -8.109999           NaN 
    38.345660    -30.888992     -8.167000           NaN 
    38.345671    -30.900000     -8.231000           NaN 
    38.345683    -30.914017     -8.295999           NaN 
    38.345694    -30.924992     -8.358000           NaN 
    38.345706    -30.937984     -8.422000           NaN 
    38.345718    -30.950975     -8.485000           NaN 
    38.345729    -30.963009     -8.549000           NaN 
    38.345741    -30.976000     -8.613000           NaN 
    38.345752    -30.989023     -8.676000           NaN 
    38.345764    -31.000992     -8.740000           NaN 
    38.345775    -31.014015     -8.804000           NaN 
    38.345787    -31.026016     -8.867000           NaN 
    38.345799    -31.039007     -8.931000           NaN 
    38.345810    -31.052000     -8.995000           NaN 
    38.345822    -31.064000     -9.058000           NaN 
    38.345833    -31.076992     -9.122000           NaN 
    38.345845    -31.089985     -9.186000           NaN 
    38.345856    -31.101984     -9.249000           NaN 
    38.345868    -31.114016     -9.306000           NaN 
    38.345880    -31.124992     -9.365000           NaN 
    38.345891    -31.136992     -9.428000           NaN 
    38.345903    -31.149984     -9.492000           NaN 
    38.345914    -31.163008     -9.556000           NaN 
    38.345926    -31.174976     -9.620000           NaN 
    38.345938    -31.188000     -9.683000           NaN 
    38.345949    -31.200993     -9.747000           NaN 
    38.345961    -31.213024     -9.811000           NaN 
    38.345972    -31.226015     -9.874000           NaN 
    38.345984    -31.239008     -9.938000           NaN 
    38.345995    -31.251007    -10.002000           NaN 
    38.346007    -31.264000    -10.065000           NaN 
    38.346019    -31.276000    -10.129000           NaN 
    38.346030    -31.288992    -10.193000           NaN 
    38.346042    -31.303007    -10.256000           NaN 
    38.346053    -31.313984    -10.320000           NaN 
    38.346065    -31.327007    -10.377000           NaN 
    38.346076    -31.336992    -10.435000           NaN 
    38.346088    -31.351007    -10.499000           NaN 
    38.346100    -31.361984    -10.563000           NaN 
    38.346111    -31.375008    -10.625000           NaN 
    38.346123    -31.388992    -10.690000           NaN 
    38.346134    -31.400991    -10.754000           NaN 
    38.346146    -31.414017    -10.816000           NaN 
    38.346157    -31.427008    -10.881000           NaN 
    38.346169    -31.439009    -10.945000           NaN 
    38.346181    -31.452000    -11.009000           NaN 
    38.346192    -31.464993    -11.072000           NaN 
    38.346204    -31.476992    -11.136000           NaN 
    38.346215    -31.489985    -11.200000           NaN 
    38.346227    -31.502975    -11.263000           NaN 
    38.346238    -31.515009    -11.327000           NaN 
    38.346250    -31.528000    -11.391000           NaN 
    38.346262    -31.539007    -11.447000           NaN 
    38.346273    -31.552000    -11.504000           NaN 
    38.346285    -31.564000    -11.568000           NaN 
    38.346296    -31.576992    -11.632000           NaN 
    38.346308    -31.589985    -11.697000           NaN 
    38.346319    -31.601984    -11.759000           NaN 
    38.346331    -31.614977    -11.823000           NaN 
    38.346343    -31.628000    -11.888000           NaN 
    38.346354    -31.640000    -11.950000           NaN 
    39.336273    -28.004000    -11.782000           NaN 
    39.336285    -28.014015    -11.839000           NaN 
    39.336296    -28.028000    -11.903000           NaN 
    39.336308    -28.041023    -11.966000           NaN 
    43.852616    -30.851007    -11.983000           NaN 
    43.852627    -30.864992    -11.919000           NaN 
    43.852639    -30.877983    -11.855000           NaN 
    43.852650    -30.888992    -11.790000           NaN 
    43.852662    -30.903008    -11.726000           NaN 
    43.852674    -30.916000    -11.662000           NaN 
    43.852685    -30.928000    -11.598000           NaN 
    43.852697    -30.941025    -11.540000           NaN 
    43.852708    -30.952000    -11.483000           NaN 
    43.852720    -30.964993    -11.419000           NaN 
    43.852731    -30.976992    -11.355000           NaN 
    43.852743    -30.989985    -11.290000           NaN 
    43.852755    -31.002975    -11.226000           NaN 
    43.852766    -31.015009    -11.162000           NaN 
    43.852778    -31.028000    -11.098000           NaN 
    43.852789    -31.041985    -11.035000           NaN 
    43.852801    -31.053024    -10.971000           NaN 
    43.852812    -31.066015    -10.907000           NaN 
    43.852824    -31.078016    -10.849000           NaN 
    43.852836    -31.089985    -10.792000           NaN 
    43.852847    -31.101984    -10.728000           NaN 
    43.852859    -31.114977    -10.664000           NaN 
    43.852870    -31.128000    -10.599000           NaN 
    43.852882    -31.140000    -10.535000           NaN 
    43.852894    -31.153025    -10.473000           NaN 
    43.852905    -31.166977    -10.408000           NaN 
    43.852917    -31.178017    -10.344000           NaN 
    43.852928    -31.191008    -10.280000           NaN 
    43.852940    -31.204992    -10.216000           NaN 
    43.852951    -31.217024    -10.153000           NaN 
    43.852963    -31.230017    -10.089000           NaN 
    43.852975    -31.240992    -10.030000           NaN 
    43.852986    -31.252993     -9.973000           NaN 
    43.852998    -31.265024     -9.910000           NaN 
    43.853009    -31.278015     -9.846000           NaN 
    43.853021    -31.291008     -9.782000           NaN 
    43.853032    -31.303007     -9.718000           NaN 
    43.853044    -31.316000     -9.653000           NaN 
    43.853056    -31.328000     -9.589000           NaN 
    43.853067    -31.340992     -9.525000           NaN 
    43.853079    -31.355007     -9.462000           NaN 
    43.853090    -31.365984     -9.398000           NaN 
    43.853102    -31.379007     -9.334000           NaN 
    43.853113    -31.392992     -9.271000           NaN 
    43.853125    -31.403008     -9.212000           NaN 
    43.853137    -31.416000     -9.155000           NaN 
    43.853148    -31.428000     -9.091000           NaN 
    43.853160    -31.441025     -9.028000           NaN 
    43.853171    -31.452991     -8.964000           NaN 
    43.853183    -31.466017     -8.900000           NaN 
    43.853194    -31.479008     -8.836000           NaN 
    43.853206    -31.491009     -8.771000           NaN 
    43.853218    -31.504000     -8.707000           NaN 
    43.853229    -31.516993     -8.643000           NaN 
    43.853241    -31.528992     -8.580000           NaN 
    43.853252    -31.541985     -8.516000           NaN 
    43.853264    -31.554976     -8.452000           NaN 
    43.853275    -31.566015     -8.395000           NaN 
    43.853287    -31.576992     -8.337000           NaN 
    43.853299    -31.589985     -8.273000           NaN 
    43.853310    -31.601984     -8.208999           NaN 
    43.853322    -31.614977     -8.146000           NaN 
    43.853333    -31.628000     -8.082000           NaN 
    43.853345    -31.640000     -8.017999           NaN 
    44.843241    -28.014015     -8.045999           NaN 
    45.341088    -29.329985     -8.050999           NaN 
    45.341100    -29.342016     -8.115000           NaN 
    45.341111    -29.355007     -8.179000           NaN 
    45.341123    -29.368000     -8.241999           NaN 
    45.341134    -29.380000     -8.306000           NaN 
    45.341146    -29.392992     -8.370000           NaN 
    45.341157    -29.406015     -8.433000           NaN 
    45.341169    -29.417984     -8.497000           NaN 
    45.341181    -29.431007     -8.561000           NaN 
    45.341192    -29.444000     -8.624000           NaN 
    45.341204    -29.454975     -8.688000           NaN 
    45.341215    -29.467009     -8.745000           NaN 
    45.341227    -29.479008     -8.803000           NaN 
    45.341238    -29.491009     -8.867000           NaN 
    45.341250    -29.504000     -8.929000           NaN 
    45.341262    -29.516993     -8.994000           NaN 
    45.341273    -29.528000     -9.058000           NaN 
    45.341285    -29.541985     -9.120000           NaN 
    45.341296    -29.554976     -9.185000           NaN 
    45.341308    -29.566015     -9.247000           NaN 
    45.341319    -29.580000     -9.311000           NaN 
    45.341331    -29.591007     -9.375000           NaN 
    45.341343    -29.605024     -9.438000           NaN 
    45.341354    -29.618015     -9.502000           NaN 
    45.341366    -29.628992     -9.565000           NaN 
    45.341377    -29.643007     -9.629000           NaN 
    45.341389    -29.653984     -9.693000           NaN 
    45.341400    -29.666977     -9.756000           NaN 
    45.341412    -29.680992     -9.820000           NaN 
    45.341424    -29.692000     -9.884000           NaN 
    45.341435    -29.704992     -9.947000           NaN 
    45.341447    -29.716000    -10.004000           NaN 
    45.341458    -29.728992    -10.063000           NaN 
    45.341470    -29.740000    -10.125000           NaN 
    45.341481    -29.753984    -10.190000           NaN 
    45.341493    -29.767008    -10.254000           NaN 
    45.341505    -29.778976    -10.316000           NaN 
    45.341516    -29.792000    -10.381000           NaN 
    45.341528    -29.804993    -10.445000           NaN 
    45.341539    -29.816992    -10.509000           NaN 
    45.341551    -29.829985    -10.572000           NaN 
    45.341562    -29.842016    -10.636000           NaN 
    45.341574    -29.855007    -10.700000           NaN 
    45.341586    -29.868000    -10.763000           NaN 
    45.341632    -29.917984    -11.018000           NaN 
    45.341644    -29.931007    -11.075000           NaN 
    45.341655    -29.941025    -11.132000           NaN 
    45.341667    -29.954975    -11.197000           NaN 
    45.341678    -29.967009    -11.259000           NaN 
    45.341690    -29.980000    -11.323000           NaN 
    45.341701    -29.993025    -11.388000           NaN 
    45.341713    -30.004992    -11.450000           NaN 
    45.341725    -30.018017    -11.514000           NaN 
    45.341736    -30.031008    -11.579001           NaN 
    45.341748    -30.043009    -11.643000           NaN 
    45.341759    -30.056000    -11.705000           NaN 
    45.341771    -30.070017    -11.770000           NaN 
    45.341782    -30.080992    -11.834000           NaN 
    45.341794    -30.093985    -11.896000           NaN 
    45.341806    -30.108000    -11.961000           NaN 
    50.847674    -29.178017    -11.943000           NaN 
    50.847685    -29.188000    -11.886000           NaN 
    50.847697    -29.201984    -11.822000           NaN 
    50.847708    -29.215008    -11.757000           NaN 
    50.847720    -29.226976    -11.693000           NaN 
    50.847731    -29.240000    -11.629000           NaN 
    50.847743    -29.253984    -11.565000           NaN 
    50.847755    -29.265024    -11.502000           NaN 
    50.847766    -29.278015    -11.438000           NaN 
    50.847778    -29.292000    -11.374000           NaN 
    50.847789    -29.304993    -11.310000           NaN 
    50.847801    -29.316992    -11.247000           NaN 
    50.847812    -29.329985    -11.183000           NaN 
    50.847824    -29.340992    -11.124000           NaN 
    50.847836    -29.352000    -11.068000           NaN 
    50.847847    -29.364992    -11.004000           NaN 
    50.847859    -29.379007    -10.940000           NaN 
    50.847870    -29.392000    -10.875000           NaN 
    50.847882    -29.403008    -10.811000           NaN 
    50.847894    -29.416992    -10.747000           NaN 
    50.847905    -29.429983    -10.683000           NaN 
    50.847917    -29.441984    -10.620000           NaN 
    50.847928    -29.454975    -10.556000           NaN 
    50.847940    -29.467009    -10.492000           NaN 
    50.847951    -29.480000    -10.428000           NaN 
    50.847963    -29.493984    -10.363000           NaN 
    50.847975    -29.504000    -10.306000           NaN 
    50.847986    -29.515009    -10.249000           NaN 
    50.847998    -29.528000    -10.186000           NaN 
    50.848009    -29.541985    -10.122000           NaN 
    50.848021    -29.554976    -10.058000           NaN 
    50.848032    -29.566015     -9.994000           NaN 
    50.848044    -29.580000     -9.929000           NaN 
    50.848056    -29.592000     -9.865000           NaN 
    50.848067    -29.605024     -9.801000           NaN 
    50.848079    -29.618015     -9.738000           NaN 
    50.848090    -29.630016     -9.674000           NaN 
    50.848102    -29.643007     -9.610000           NaN 
    50.848113    -29.656000     -9.546000           NaN 
    50.848125    -29.668000     -9.483000           NaN 
    50.848137    -29.680000     -9.424000           NaN 
    50.848148    -29.691008     -9.367000           NaN 
    50.848160    -29.703009     -9.304000           NaN 
    50.848171    -29.716000     -9.240000           NaN 
    50.848183    -29.730017     -9.176000           NaN 
    50.848194    -29.740992     -9.113000           NaN 
    50.848206    -29.753984     -9.049000           NaN 
    50.848218    -29.768000     -8.985000           NaN 
    50.848229    -29.778976     -8.921000           NaN 
    50.848241    -29.792000     -8.856000           NaN 
    50.848252    -29.805984     -8.792000           NaN 
    50.848264    -29.816992     -8.728000           NaN 
    50.848275    -29.829985     -8.664000           NaN 
    50.848287    -29.840992     -8.608000           NaN 
    50.848299    -29.854015     -8.549000           NaN 
    50.848310    -29.864992     -8.487000           NaN 
    50.848322    -29.879007     -8.422000           NaN 
    50.848333    -29.892000     -8.358000           NaN 
    50.848345    -29.903008     -8.293999           NaN 
    50.848356    -29.916992     -8.229999           NaN 
    50.848368    -29.928000     -8.167000           NaN 
    50.848380    -29.941025     -8.102999           NaN 
    50.848391    -29.954975     -8.038999           NaN 
    51.346192    -31.247007     -8.005999           NaN 
    51.346204    -31.260992     -8.068000           NaN 
    51.346215    -31.271008     -8.125000           NaN 
    51.346227    -31.282017     -8.182999           NaN 
    51.346238    -31.296000     -8.247000           NaN 
    51.346250    -31.307009     -8.311000           NaN 
    51.346262    -31.320000     -8.373999           NaN 
    51.346273    -31.333984     -8.438000           NaN 
    51.346285    -31.344992     -8.502000           NaN 
    51.346296    -31.358015     -8.565000           NaN 
    51.346308    -31.371008     -8.629000           NaN 
    51.346319    -31.383007     -8.693000           NaN 
    51.346331    -31.396000     -8.756000           NaN 
    51.346343    -31.408993     -8.820000           NaN 
    51.346354    -31.420992     -8.884000           NaN 
    51.346366    -31.433985     -8.947000           NaN 
    51.346377    -31.445984     -9.011000           NaN 
    51.346389    -31.458977     -9.073000           NaN 
    51.346400    -31.472000     -9.138000           NaN 
    51.346412    -31.484000     -9.202000           NaN 
    51.346424    -31.497025     -9.264000           NaN 
    51.346435    -31.510015     -9.329000           NaN 
    51.346447    -31.520992     -9.386000           NaN 
    51.346458    -31.532000     -9.443000           NaN 
    51.346470    -31.545025     -9.506000           NaN 
    51.346481    -31.556992     -9.570000           NaN 
    51.346493    -31.570017     -9.634000           NaN 
    51.346505    -31.583008     -9.697000           NaN 
    51.346516    -31.595009     -9.761000           NaN 
    51.346528    -31.608000     -9.825000           NaN 
    51.346539    -31.620993     -9.888000           NaN 
    51.346551    -31.632992     -9.952000           NaN 
    51.346562    -31.645985    -10.016000           NaN 
    51.346574    -31.659008    -10.079000           NaN 
    51.346586    -31.670977    -10.143000           NaN 
    51.346597    -31.684000    -10.207000           NaN 
    51.346609    -31.695969    -10.270000           NaN 
    51.346620    -31.708992    -10.334000           NaN 
    51.346632    -31.721985    -10.396000           NaN 
    51.346644    -31.734016    -10.461000           NaN 
    51.346655    -31.747007    -10.525000           NaN 
    51.346667    -31.760000    -10.587000           NaN 
    51.346678    -31.771008    -10.646000           NaN 
    51.346690    -31.782017    -10.702000           NaN 
    51.346701    -31.796000    -10.766000           NaN 
    51.346713    -31.808992    -10.830000           NaN 
    51.346725    -31.820000    -10.893000           NaN 
    51.346736    -31.833984    -10.957000           NaN 
    51.346748    -31.846975    -11.021000           NaN 
    51.346759    -31.858015    -11.084000           NaN 
    51.346771    -31.872000    -11.148000           NaN 
    51.346782    -31.885023    -11.212000           NaN 
    51.346794    -31.896992    -11.275000           NaN 
    51.346806    -31.910015    -11.339000           NaN 
    51.346817    -31.923008    -11.403000           NaN 
    51.346829    -31.935007    -11.466000           NaN 
    51.346840    -31.948000    -11.530000           NaN 
    51.346852    -31.960000    -11.594000           NaN 
    51.346863    -31.972992    -11.658000           NaN 
    51.346875    -31.985985    -11.716000           NaN 
    51.346887    -31.997025    -11.773000           NaN 
    52.336389    -28.006975    -10.091000           NaN 
    52.336400    -28.019009    -10.148000           NaN 
    52.336412    -28.031008    -10.205000           NaN 
    52.336424    -28.043009    -10.270000           NaN 
    52.336435    -28.056000    -10.334000           NaN 
    52.336447    -28.068993    -10.396000           NaN 
    52.336458    -28.080992    -10.461000           NaN 
    52.336470    -28.093985    -10.525000           NaN 
    52.336481    -28.107008    -10.587000           NaN 
    52.336493    -28.118977    -10.652000           NaN 
    52.336505    -28.132000    -10.716000           NaN 
    52.336516    -28.144000    -10.778000           NaN 
    52.336528    -28.157024    -10.843000           NaN 
    52.336539    -28.170977    -10.907000           NaN 
    52.336551    -28.182016    -10.971000           NaN 
    52.336562    -28.195007    -11.033000           NaN 
    52.336574    -28.208992    -11.098000           NaN 
    52.336586    -28.221985    -11.162000           NaN 
    52.336597    -28.232992    -11.219000           NaN 
    52.336609    -28.244000    -11.275000           NaN 
    52.336620    -28.256992    -11.339000           NaN 
    52.336632    -28.269024    -11.403000           NaN 
    52.336644    -28.282017    -11.466000           NaN 
    52.336655    -28.296000    -11.530000           NaN 
    52.336667    -28.307009    -11.594000           NaN 
    52.336678    -28.320000    -11.658000           NaN 
    52.336690    -28.333984    -11.721000           NaN 
    52.336701    -28.346975    -11.785000           NaN 
    52.336713    -28.358015    -11.849000           NaN 
    52.336725    -28.372000    -11.912000           NaN 
    52.336736    -28.385023    -11.976000           NaN 
    56.852396    -30.962015    -11.959000           NaN 
    56.852407    -30.975008    -11.895000           NaN 
    56.852419    -30.987007    -11.830000           NaN 
    56.852431    -31.000000    -11.766000           NaN 
    56.852442    -31.014015    -11.704001           NaN 
    56.852454    -31.024992    -11.646000           NaN 
    56.852465    -31.036000    -11.589000           NaN 
    56.852477    -31.049025    -11.525000           NaN 
    56.852488    -31.062016    -11.461000           NaN 
    56.852500    -31.074017    -11.396000           NaN 
    56.852512    -31.087008    -11.332000           NaN 
    56.852523    -31.101025    -11.268000           NaN 
    56.852535    -31.112000    -11.205000           NaN 
    56.852546    -31.124992    -11.141000           NaN 
    56.852558    -31.139008    -11.077000           NaN 
    56.852569    -31.151009    -11.013000           NaN 
    56.852581    -31.164000    -10.950000           NaN 
    56.852593    -31.176992    -10.886000           NaN 
    56.852604    -31.188992    -10.822000           NaN 
    56.852616    -31.200993    -10.764000           NaN 
    56.852627    -31.212000    -10.707000           NaN 
    56.852639    -31.226015    -10.643000           NaN 
    56.852650    -31.236992    -10.580000           NaN 
    56.852662    -31.249985    -10.516000           NaN 
    56.852674    -31.264000    -10.452000           NaN 
    56.852685    -31.275007    -10.388000           NaN 
    56.852697    -31.288992    -10.323000           NaN 
    56.852708    -31.302015    -10.259000           NaN 
    56.852720    -31.313984    -10.197000           NaN 
    56.852731    -31.327007    -10.132000           NaN 
    56.852743    -31.340000    -10.068000           NaN 
    56.852755    -31.352000    -10.004000           NaN 
    56.852766    -31.364992     -9.940000           NaN 
    56.852778    -31.376000     -9.884000           NaN 
    56.852789    -31.387009     -9.825000           NaN 
    56.852801    -31.400000     -9.761000           NaN 
    56.852812    -31.414017     -9.697000           NaN 
    56.852824    -31.424992     -9.634000           NaN 
    56.852836    -31.437984     -9.570000           NaN 
    56.852847    -31.452000     -9.506000           NaN 
    56.852859    -31.463009     -9.443000           NaN 
    56.852870    -31.476000     -9.379000           NaN 
    56.852882    -31.489985     -9.315000           NaN 
    56.852894    -31.500992     -9.250000           NaN 
    56.852905    -31.514015     -9.186000           NaN 
    56.852917    -31.528000     -9.124000           NaN 
    56.852928    -31.539007     -9.065000           NaN 
    56.852940    -31.549984     -9.009000           NaN 
    56.852951    -31.562977     -8.945000           NaN 
    56.852963    -31.576000     -8.881000           NaN 
    56.852975    -31.587008     -8.816000           NaN 
    56.852986    -31.601025     -8.752000           NaN 
    56.852998    -31.614016     -8.690000           NaN 
    56.853009    -31.624992     -8.625000           NaN 
    56.853021    -31.639008     -8.561000           NaN 
    56.853032    -31.649984     -8.497000           NaN 
    56.853044    -31.664000     -8.433000           NaN 
    56.853056    -31.676992     -8.370000           NaN 
    56.853067    -31.688000     -8.306000           NaN 
    56.853079    -31.701984     -8.241999           NaN 
    56.853090    -31.715008     -8.179000           NaN 
    56.853102    -31.726015     -8.115000           NaN 
    56.853113    -31.736992     -8.057999           NaN 
    57.842812    -28.010977     -8.306000           NaN 
    57.842824    -28.024000     -8.241999           NaN 
    57.842836    -28.036000     -8.178000           NaN 
    57.842847    -28.049025     -8.115000           NaN 
    57.842859    -28.062016     -8.050999           NaN 
    58.340613    -29.338017     -8.002000           NaN 
    58.340625    -29.351007     -8.064999           NaN 
    58.340637    -29.364000     -8.128999           NaN 
    58.340648    -29.375008     -8.186000           NaN 
    58.340660    -29.385984     -8.244000           NaN 
    58.340671    -29.400000     -8.306000           NaN 
    58.340683    -29.411009     -8.370000           NaN 
    58.340694    -29.424000     -8.435000           NaN 
    58.340706    -29.437023     -8.497000           NaN 
    58.340718    -29.448992     -8.561000           NaN 
    58.340729    -29.462015     -8.625000           NaN 
    58.340741    -29.475008     -8.688000           NaN 
    58.340752    -29.487007     -8.752000           NaN 
    58.340764    -29.500000     -8.815000           NaN 
    58.340775    -29.512000     -8.879000           NaN 
    58.340787    -29.524992     -8.943000           NaN 
    58.340799    -29.537985     -9.006000           NaN 
    58.340810    -29.549984     -9.070000           NaN 
    58.340822    -29.562977     -9.134000           NaN 
    58.340833    -29.576000     -9.197000           NaN 
    58.340845    -29.587008     -9.261000           NaN 
    58.340856    -29.601025     -9.325000           NaN 
    58.340868    -29.614016     -9.388000           NaN 
    58.340880    -29.624992     -9.452000           NaN 
    58.340891    -29.636992     -9.509000           NaN 
    58.340903    -29.648993     -9.566000           NaN 
    58.340914    -29.661024     -9.631000           NaN 
    58.340926    -29.674017     -9.693000           NaN 
    58.340938    -29.687008     -9.757000           NaN 
    58.340949    -29.697985     -9.820000           NaN 
    58.340961    -29.712000     -9.884000           NaN 
    58.340972    -29.724993     -9.948000           NaN 
    58.340984    -29.736992    -10.011000           NaN 
    58.340995    -29.749985    -10.075000           NaN 
    58.341007    -29.761984    -10.138000           NaN 
    58.341019    -29.775007    -10.202000           NaN 
    58.341030    -29.788000    -10.266000           NaN 
    58.341042    -29.800000    -10.330000           NaN 
    58.341053    -29.812992    -10.393000           NaN 
    58.341065    -29.825983    -10.457000           NaN 
    58.341076    -29.838017    -10.521000           NaN 
    58.341088    -29.851007    -10.584000           NaN 
    58.341100    -29.864000    -10.648000           NaN 
    58.341111    -29.875008    -10.705000           NaN 
    58.341123    -29.885984    -10.763000           NaN 
    58.341134    -29.900000    -10.827000           NaN 
    58.341146    -29.911009    -10.891000           NaN 
    58.341157    -29.924000    -10.954001           NaN 
    58.341169    -29.937984    -11.018000           NaN 
    58.341181    -29.950975    -11.082000           NaN 
    58.341192    -29.962015    -11.145000           NaN 
    58.341204    -29.976000    -11.209000           NaN 
    58.341215    -29.989023    -11.273000           NaN 
    58.341227    -30.000000    -11.336000           NaN 
    58.341238    -30.014015    -11.400000           NaN 
    58.341250    -30.026016    -11.464000           NaN 
    58.341262    -30.039007    -11.528000           NaN 
    58.341273    -30.052000    -11.591000           NaN 
    58.341285    -30.064000    -11.655000           NaN 
    58.341296    -30.076992    -11.719000           NaN 
    58.341308    -30.088000    -11.775000           NaN 
    58.341319    -30.101025    -11.832000           NaN 
    58.341331    -30.114016    -11.896000           NaN 
    58.341343    -30.124992    -11.961000           NaN 
   212.844722    -30.483007    -11.952000           NaN 
   212.844734    -30.496000    -11.888000           NaN 
   212.844745    -30.506975    -11.825000           NaN 
   212.844757    -30.520992    -11.761000           NaN 
   212.844769    -30.533983    -11.697000           NaN 
   212.844780    -30.545984    -11.632000           NaN 
   212.844792    -30.560000    -11.570000           NaN 
   212.844803    -30.570976    -11.506000           NaN 
   212.844815    -30.583967    -11.441000           NaN 
   212.844826    -30.597984    -11.377000           NaN 
   212.844838    -30.610975    -11.315000           NaN 
   212.844850    -30.622017    -11.250000           NaN 
   212.844861    -30.636000    -11.186000           NaN 
   212.844873    -30.645985    -11.129000           NaN 
   212.844884    -30.659008    -11.072000           NaN 
   212.844896    -30.670977    -11.009000           NaN 
   212.844907    -30.684000    -10.945000           NaN 
   212.844919    -30.695969    -10.881000           NaN 
   212.844931    -30.708992    -10.816000           NaN 
   212.844942    -30.722977    -10.754000           NaN 
   212.844954    -30.734016    -10.690000           NaN 
   212.844965    -30.747007    -10.625000           NaN 
   212.844977    -30.760992    -10.561000           NaN 
   212.844988    -30.772000    -10.499000           NaN 
   212.845000    -30.784992    -10.435000           NaN 
   212.845012    -30.799007    -10.370000           NaN 
   212.845023    -30.809984    -10.306000           NaN 
   212.845035    -30.823008    -10.242000           NaN 
   212.845046    -30.836992    -10.179000           NaN 
   212.845058    -30.848000    -10.122000           NaN 
   212.845069    -30.859009    -10.065000           NaN 
   212.845081    -30.872000    -10.000000           NaN 
   212.845093    -30.885023     -9.936000           NaN 
   212.845104    -30.896992     -9.874000           NaN 
   212.845116    -30.910015     -9.810000           NaN 
   212.845127    -30.923008     -9.745000           NaN 
   212.845139    -30.935007     -9.681000           NaN 
   212.845150    -30.948000     -9.619000           NaN 
   212.845162    -30.960000     -9.554000           NaN 
   212.845174    -30.972992     -9.490000           NaN 
   212.845185    -30.985985     -9.426000           NaN 
   212.845197    -30.997984     -9.363000           NaN 
   212.845208    -31.010977     -9.299000           NaN 
   212.845220    -31.024000     -9.235000           NaN 
   212.845231    -31.036000     -9.171000           NaN 
   212.845243    -31.048000     -9.115000           NaN 
   212.845255    -31.060000     -9.058000           NaN 
   212.845266    -31.070976     -8.994000           NaN 
   212.845278    -31.083967     -8.929000           NaN 
   212.845289    -31.096992     -8.867000           NaN 
   212.845301    -31.108992     -8.803000           NaN 
   212.845313    -31.122017     -8.738000           NaN 
   212.845324    -31.135008     -8.674000           NaN 
   212.845336    -31.147009     -8.612000           NaN 
   212.845347    -31.160000     -8.547000           NaN 
   212.845359    -31.172993     -8.483000           NaN 
   212.845370    -31.184992     -8.421000           NaN 
   212.845382    -31.197985     -8.356000           NaN 
   212.845394    -31.209984     -8.292000           NaN 
   212.845405    -31.222977     -8.227999           NaN 
   212.845417    -31.236000     -8.165000           NaN 
   212.845428    -31.247007     -8.101000           NaN 
   212.845440    -31.260000     -8.043999           NaN 
   214.333137    -28.935007     -8.056000           NaN 
   214.333148    -28.948000     -8.120000           NaN 
   214.333160    -28.960000     -8.182999           NaN 
   214.333171    -28.972992     -8.247000           NaN 
   214.333183    -28.985985     -8.311000           NaN 
   214.333194    -28.997984     -8.373999           NaN 
   214.333206    -29.010977     -8.438000           NaN 
   214.333218    -29.024000     -8.502000           NaN 
   214.333229    -29.036000     -8.566000           NaN 
   214.333241    -29.049025     -8.631000           NaN 
   214.333252    -29.062016     -8.693000           NaN 
   214.333264    -29.074017     -8.757000           NaN 
   214.333275    -29.087008     -8.822000           NaN 
   214.333287    -29.100000     -8.886000           NaN 
   214.333299    -29.112000     -8.948000           NaN 
   214.333310    -29.122976     -9.006000           NaN 
   214.333322    -29.135008     -9.063000           NaN 
   214.333333    -29.147009     -9.127000           NaN 
   214.333345    -29.160000     -9.191000           NaN 
   214.333356    -29.172993     -9.256000           NaN 
   214.333368    -29.184992     -9.318000           NaN 
   214.333380    -29.197985     -9.382000           NaN 
   214.333391    -29.209984     -9.447000           NaN 
   214.333403    -29.222977     -9.511000           NaN 
   214.333414    -29.236000     -9.573000           NaN 
   214.333426    -29.248000     -9.638000           NaN 
   214.333438    -29.260992     -9.702000           NaN 
   214.333449    -29.273985     -9.766000           NaN 
   214.333461    -29.286016     -9.829000           NaN 
   214.333472    -29.299007     -9.893000           NaN 
   214.333484    -29.309984     -9.950000           NaN 
   214.333495    -29.320992    -10.007000           NaN 
   214.333507    -29.333984    -10.072000           NaN 
   214.333519    -29.348000    -10.136000           NaN 
   214.333530    -29.360992    -10.200000           NaN 
   214.333542    -29.372000    -10.263000           NaN 
   214.333553    -29.385984    -10.327000           NaN 
   214.333565    -29.398975    -10.391000           NaN 
   214.333576    -29.410015    -10.455000           NaN 
   214.333588    -29.424000    -10.518000           NaN 
   214.333600    -29.437023    -10.582000           NaN 
   214.333611    -29.448992    -10.646000           NaN 
   214.333623    -29.462015    -10.711000           NaN 
   214.333634    -29.475008    -10.775000           NaN 
   214.333646    -29.487007    -10.832000           NaN 
   214.333657    -29.497025    -10.889000           NaN 
   214.333669    -29.510977    -10.954001           NaN 
   214.333681    -29.522017    -11.016000           NaN 
   214.333692    -29.535007    -11.080000           NaN 
   214.333704    -29.549025    -11.145000           NaN 
   214.333715    -29.562016    -11.209000           NaN 
   214.333727    -29.574017    -11.273000           NaN 
   214.333738    -29.587008    -11.337000           NaN 
   214.333750    -29.600000    -11.400000           NaN 
   214.333762    -29.612000    -11.464000           NaN 
   214.333773    -29.624992    -11.528000           NaN 
   214.333785    -29.636992    -11.591000           NaN 
   214.333796    -29.649984    -11.655000           NaN 
   214.333808    -29.663008    -11.714000           NaN 
   214.333819    -29.674017    -11.771000           NaN 
   214.333831    -29.687008    -11.834000           NaN 
   214.333843    -29.699009    -11.898000           NaN 
   214.333854    -29.712000    -11.962000           NaN 
   219.839861    -28.833984    -11.983000           NaN 
   219.839873    -28.844000    -11.924000           NaN 
   219.839884    -28.856993    -11.867000           NaN 
   219.839896    -28.868992    -11.804000           NaN 
   219.839907    -28.881985    -11.740000           NaN 
   219.839919    -28.894016    -11.676000           NaN 
   219.839931    -28.907007    -11.613000           NaN 
   219.839942    -28.920992    -11.549000           NaN 
   219.839954    -28.932000    -11.485000           NaN 
   219.839965    -28.944992    -11.421000           NaN 
   219.839977    -28.958977    -11.356000           NaN 
   219.839988    -28.972000    -11.292000           NaN 
   219.840000    -28.983007    -11.230000           NaN 
   219.840012    -28.997025    -11.165000           NaN 
   219.840023    -29.010015    -11.101000           NaN 
   219.840035    -29.022017    -11.037000           NaN 
   219.840046    -29.033983    -10.980000           NaN 
   219.840058    -29.045984    -10.924000           NaN 
   219.840069    -29.056992    -10.860000           NaN 
   219.840081    -29.070017    -10.796000           NaN 
   219.840093    -29.083967    -10.731000           NaN 
   219.840104    -29.095009    -10.669000           NaN 
   219.840116    -29.108000    -10.605000           NaN 
   219.840127    -29.122017    -10.540000           NaN 
   219.840139    -29.132992    -10.476000           NaN 
   219.840150    -29.145985    -10.414000           NaN 
   219.840162    -29.160000    -10.349000           NaN 
   219.840174    -29.172993    -10.285000           NaN 
   219.840185    -29.184992    -10.221000           NaN 
   219.840197    -29.197985    -10.157000           NaN 
   219.840208    -29.209984    -10.094000           NaN 
   219.840220    -29.221985    -10.037000           NaN 
   219.840231    -29.232992     -9.980000           NaN 
   219.840243    -29.246016     -9.915000           NaN 
   219.840255    -29.257984     -9.851000           NaN 
   219.840266    -29.271008     -9.789000           NaN 
   219.840278    -29.284000     -9.724000           NaN 
   219.840289    -29.296000     -9.660000           NaN 
   219.840301    -29.308992     -9.596000           NaN 
   219.840313    -29.320992     -9.533000           NaN 
   219.840324    -29.333984     -9.469000           NaN 
   219.840336    -29.346975     -9.405000           NaN 
   219.840347    -29.359009     -9.341000           NaN 
   219.840359    -29.372000     -9.278000           NaN 
   219.840370    -29.385023     -9.214000           NaN 
   219.840382    -29.396992     -9.150000           NaN 
   219.840394    -29.410015     -9.087000           NaN 
   219.840405    -29.420992     -9.030000           NaN 
   219.840417    -29.432000     -8.971000           NaN 
   219.840428    -29.444992     -8.908000           NaN 
   219.840440    -29.458977     -8.844000           NaN 
   219.840451    -29.470016     -8.780000           NaN 
   219.840463    -29.483007     -8.716000           NaN 
   219.840475    -29.496000     -8.653000           NaN 
   219.840486    -29.508000     -8.589000           NaN 
   219.840498    -29.520992     -8.525000           NaN 
   219.840509    -29.533983     -8.462000           NaN 
   219.840521    -29.545984     -8.398000           NaN 
   219.840532    -29.558975     -8.333999           NaN 
   219.840544    -29.570976     -8.271000           NaN 
   219.840556    -29.583967     -8.207000           NaN 
   219.840567    -29.596992     -8.142999           NaN 
   219.840579    -29.608992     -8.080000           NaN 
   219.840590    -29.622017     -8.016000           NaN 
   220.338437    -30.929983     -8.023000           NaN 
   220.338449    -30.941025     -8.087000           NaN 
   220.338461    -30.954975     -8.149999           NaN 
   220.338472    -30.967009     -8.214000           NaN 
   220.338484    -30.979008     -8.271000           NaN 
   220.338495    -30.989985     -8.330000           NaN 
   220.338507    -31.002975     -8.393000           NaN 
   220.338519    -31.014015     -8.457000           NaN 
   220.338530    -31.028000     -8.521000           NaN 
   220.338542    -31.041023     -8.584000           NaN 
   220.338553    -31.053024     -8.648000           NaN 
   220.338565    -31.066015     -8.712000           NaN 
   220.338576    -31.076992     -8.775000           NaN 
   220.338588    -31.091007     -8.839000           NaN 
   220.338600    -31.104000     -8.903000           NaN 
   220.338611    -31.114977     -8.968000           NaN 
   220.338623    -31.128992     -9.030000           NaN 
   220.338634    -31.141985     -9.094000           NaN 
   220.338646    -31.153025     -9.158000           NaN 
   220.338657    -31.166016     -9.216000           NaN 
   220.338669    -31.176992     -9.273000           NaN 
   220.338681    -31.188992     -9.337000           NaN 
   220.338692    -31.201984     -9.400000           NaN 
   220.338704    -31.215008     -9.464000           NaN 
   220.338715    -31.226015     -9.528000           NaN 
   220.338727    -31.240000     -9.593000           NaN 
   220.338738    -31.252993     -9.655000           NaN 
   220.338750    -31.264000     -9.719000           NaN 
   220.338762    -31.278015     -9.783000           NaN 
   220.338773    -31.291008     -9.848000           NaN 
   220.338785    -31.303007     -9.912000           NaN 
   220.338796    -31.316000     -9.976000           NaN 
   220.338808    -31.328000    -10.039000           NaN 
   220.338819    -31.340992    -10.103000           NaN 
   220.338831    -31.352000    -10.160000           NaN 
   220.338843    -31.364000    -10.218000           NaN 
   220.338854    -31.376000    -10.282000           NaN 
   220.338866    -31.388992    -10.346000           NaN 
   220.338877    -31.403008    -10.410000           NaN 
   220.338889    -31.414017    -10.473000           NaN 
   220.338900    -31.428000    -10.537000           NaN 
   220.338912    -31.441025    -10.601000           NaN 
   220.338924    -31.452991    -10.664000           NaN 
   220.338935    -31.466017    -10.728000           NaN 
   220.338947    -31.479008    -10.792000           NaN 
   220.338958    -31.491009    -10.856000           NaN 
   220.338970    -31.504000    -10.921000           NaN 
   220.338981    -31.516993    -10.985000           NaN 
   220.338993    -31.528000    -11.042000           NaN 
   220.339005    -31.539007    -11.099000           NaN 
   220.339016    -31.553024    -11.164000           NaN 
   220.339028    -31.566015    -11.226000           NaN 
   220.339039    -31.576992    -11.290000           NaN 
   220.339051    -31.591007    -11.355000           NaN 
   220.339063    -31.604000    -11.419000           NaN 
   220.339074    -31.616000    -11.483000           NaN 
   220.339086    -31.628992    -11.546000           NaN 
   220.339097    -31.641985    -11.610000           NaN 
   220.339109    -31.653984    -11.674000           NaN 
   220.339120    -31.666977    -11.738000           NaN 
   220.339132    -31.680992    -11.801000           NaN 
   220.339144    -31.691008    -11.860000           NaN 
   220.339155    -31.703009    -11.917000           NaN 
   220.339167    -31.716000    -11.980000           NaN 
   221.328981    -28.004000    -11.528000           NaN 
   221.328993    -28.016993    -11.591000           NaN 
   221.329005    -28.028992    -11.655000           NaN 
   221.329016    -28.041985    -11.719000           NaN 
   221.329028    -28.053024    -11.777000           NaN 
   221.329039    -28.066015    -11.834000           NaN 
   221.329051    -28.078016    -11.898000           NaN 
   221.329063    -28.091007    -11.962000           NaN 
   225.845197    -30.844000    -11.974000           NaN 
   225.845208    -30.858015    -11.910000           NaN 
   225.845220    -30.868992    -11.846000           NaN 
   225.845231    -30.881985    -11.782000           NaN 
   225.845243    -30.896000    -11.719000           NaN 
   225.845255    -30.908993    -11.655000           NaN 
   225.845266    -30.920992    -11.591000           NaN 
   225.845278    -30.932000    -11.533000           NaN 
   225.845289    -30.944992    -11.476000           NaN 
   225.845301    -30.956000    -11.412000           NaN 
   225.845313    -30.968992    -11.348000           NaN 
   225.845324    -30.983007    -11.285000           NaN 
   225.845336    -30.996000    -11.221000           NaN 
   225.845347    -31.006975    -11.157000           NaN 
   225.845359    -31.020992    -11.094000           NaN 
   225.845370    -31.033983    -11.030000           NaN 
   225.845382    -31.045984    -10.966000           NaN 
   225.845394    -31.058975    -10.903000           NaN 
   225.845405    -31.070976    -10.839000           NaN 
   225.845417    -31.083967    -10.775000           NaN 
   225.845428    -31.096992    -10.712000           NaN 
   225.845440    -31.108992    -10.648000           NaN 
   225.845451    -31.122017    -10.591000           NaN 
   225.845463    -31.132000    -10.532000           NaN 
   225.845475    -31.145985    -10.469000           NaN 
   225.845486    -31.157024    -10.405000           NaN 
   225.845498    -31.170977    -10.341000           NaN 
   225.845509    -31.184000    -10.278000           NaN 
   225.845521    -31.195007    -10.214000           NaN 
   225.845532    -31.208992    -10.150000           NaN 
   225.845544    -31.221985    -10.087000           NaN 
   225.845556    -31.232992    -10.023000           NaN 
   225.845567    -31.247007     -9.959000           NaN 
   225.845579    -31.260000     -9.896000           NaN 
   225.845590    -31.271008     -9.832000           NaN 
   225.845602    -31.284992     -9.768000           NaN 
   225.845613    -31.298016     -9.704000           NaN 
   225.845625    -31.309984     -9.641000           NaN 
   225.845637    -31.320992     -9.582000           NaN 
   225.845648    -31.332993     -9.525000           NaN 
   225.845660    -31.344992     -9.462000           NaN 
   225.845671    -31.358015     -9.398000           NaN 
   225.845683    -31.371008     -9.334000           NaN 
   225.845694    -31.383007     -9.271000           NaN 
   225.845706    -31.396000     -9.207000           NaN 
   225.845718    -31.408993     -9.143000           NaN 
   225.845729    -31.420992     -9.080000           NaN 
   225.845741    -31.433985     -9.016000           NaN 
   225.845752    -31.445984     -8.952000           NaN 
   225.845764    -31.458977     -8.888000           NaN 
   225.845775    -31.472000     -8.825000           NaN 
   225.845787    -31.484000     -8.761000           NaN 
   225.845799    -31.497025     -8.697000           NaN 
   225.845822    -31.522017     -8.570000           NaN 
   225.845833    -31.533983     -8.511000           NaN 
   225.845845    -31.545025     -8.455000           NaN 
   225.845856    -31.556992     -8.391000           NaN 
   225.845868    -31.570017     -8.326999           NaN 
   225.845880    -31.583008     -8.262999           NaN 
   225.845891    -31.595009     -8.200000           NaN 
   225.845903    -31.608000     -8.135999           NaN 
   225.845914    -31.620993     -8.071999           NaN 
   225.845926    -31.632000     -8.009000           NaN 
   226.835799    -28.000992     -8.009000           NaN 
   227.333623    -29.299007     -8.010999           NaN 
   227.333634    -29.309984     -8.068000           NaN 
   227.333646    -29.320992     -8.125000           NaN 
   227.333657    -29.333984     -8.189999           NaN 
   227.333669    -29.348000     -8.252000           NaN 
   227.333681    -29.359009     -8.316000           NaN 
   227.333692    -29.372000     -8.380999           NaN 
   227.333704    -29.385023     -8.445000           NaN 
   227.333715    -29.396992     -8.507000           NaN 
   227.333727    -29.410015     -8.572000           NaN 
   227.333738    -29.423008     -8.636000           NaN 
   227.333750    -29.435007     -8.700000           NaN 
   227.333762    -29.448000     -8.763000           NaN 
   227.333773    -29.460000     -8.827000           NaN 
   227.333785    -29.472992     -8.891000           NaN 
   227.333796    -29.485985     -8.955000           NaN 
   227.333808    -29.497984     -9.018000           NaN 
   227.333819    -29.510015     -9.075000           NaN 
   227.333831    -29.520992     -9.132000           NaN 
   227.333843    -29.533983     -9.197000           NaN 
   227.333854    -29.545984     -9.261000           NaN 
   227.333866    -29.560000     -9.325000           NaN 
   227.333877    -29.570976     -9.388000           NaN 
   227.333889    -29.583967     -9.452000           NaN 
   227.333900    -29.597984     -9.516000           NaN 
   227.333912    -29.608992     -9.580000           NaN 
   227.333924    -29.622017     -9.643000           NaN 
   227.333935    -29.635008     -9.707000           NaN 
   227.333947    -29.647009     -9.771000           NaN 
   227.333958    -29.660000     -9.834000           NaN 
   227.333970    -29.672993     -9.898000           NaN 
   227.333981    -29.684992     -9.962000           NaN 
   227.333993    -29.697985    -10.020000           NaN 
   227.334005    -29.708992    -10.077000           NaN 
   227.334016    -29.721985    -10.141000           NaN 
   227.334028    -29.732992    -10.205000           NaN 
   227.334039    -29.747007    -10.268000           NaN 
   227.334051    -29.760000    -10.332000           NaN 
   227.334063    -29.771008    -10.396000           NaN 
   227.334074    -29.784992    -10.459000           NaN 
   227.334086    -29.798016    -10.523000           NaN 
   227.334097    -29.809984    -10.587000           NaN 
   227.334109    -29.823008    -10.650000           NaN 
   227.334120    -29.834976    -10.714000           NaN 
   227.334132    -29.848000    -10.778000           NaN 
   227.334144    -29.860992    -10.843000           NaN 
   227.334155    -29.872992    -10.905000           NaN 
   227.334167    -29.885984    -10.964000           NaN 
   227.334178    -29.896000    -11.021000           NaN 
   227.334190    -29.910015    -11.084000           NaN 
   227.334201    -29.923008    -11.148000           NaN 
   227.334213    -29.935007    -11.212000           NaN 
   227.334225    -29.948000    -11.277000           NaN 
   227.334236    -29.960000    -11.341000           NaN 
   227.334248    -29.972992    -11.405000           NaN 
   227.334259    -29.985985    -11.468000           NaN 
   227.334271    -29.997984    -11.532000           NaN 
   227.334282    -30.010977    -11.596000           NaN 
   227.334294    -30.024992    -11.660000           NaN 
   227.334306    -30.037985    -11.723000           NaN 
   227.334317    -30.049025    -11.787000           NaN 
   227.334329    -30.062016    -11.844000           NaN 
   227.334340    -30.072992    -11.903000           NaN 
   227.334352    -30.084991    -11.966000           NaN 
   232.840208    -29.157024    -11.941000           NaN 
   232.840220    -29.170015    -11.877000           NaN 
   232.840231    -29.180992    -11.815000           NaN 
   232.840243    -29.195007    -11.750000           NaN 
   232.840255    -29.208000    -11.686000           NaN 
   232.840266    -29.219007    -11.629000           NaN 
   232.840278    -29.230017    -11.572000           NaN 
   232.840289    -29.244000    -11.509000           NaN 
   232.840301    -29.255009    -11.445000           NaN 
   232.840313    -29.268000    -11.381000           NaN 
   232.840324    -29.282017    -11.316000           NaN 
   232.840336    -29.295008    -11.254000           NaN 
   232.840347    -29.305984    -11.190000           NaN 
   232.840359    -29.320000    -11.125000           NaN 
   232.840370    -29.332993    -11.061000           NaN 
   232.840382    -29.344992    -10.999000           NaN 
   232.840394    -29.358015    -10.935000           NaN 
   232.840405    -29.371008    -10.870000           NaN 
   232.840417    -29.383007    -10.806000           NaN 
   232.840428    -29.396000    -10.744000           NaN 
   232.840440    -29.408993    -10.679000           NaN 
   232.840451    -29.420992    -10.622000           NaN 
   232.840463    -29.431007    -10.565000           NaN 
   232.840475    -29.444992    -10.500000           NaN 
   232.840486    -29.456000    -10.438000           NaN 
   232.840498    -29.468992    -10.374000           NaN 
   232.840509    -29.483007    -10.310000           NaN 
   232.840521    -29.496000    -10.245000           NaN 
   232.840532    -29.506975    -10.181000           NaN 
   232.840544    -29.520992    -10.119000           NaN 
   232.840556    -29.533983    -10.054000           NaN 
   232.840567    -29.545984     -9.990000           NaN 
   232.840579    -29.558975     -9.926000           NaN 
   232.840590    -29.570976     -9.863000           NaN 
   232.840602    -29.583967     -9.799000           NaN 
   232.840613    -29.596992     -9.735000           NaN 
   232.840625    -29.608000     -9.679000           NaN 
   232.840637    -29.618977     -9.620000           NaN 
   232.840648    -29.632000     -9.558000           NaN 
   232.840660    -29.644000     -9.494000           NaN 
   232.840671    -29.657024     -9.429000           NaN 
   232.840683    -29.670015     -9.365000           NaN 
   232.840694    -29.682016     -9.303000           NaN 
   232.840706    -29.695007     -9.238000           NaN 
   232.840718    -29.708000     -9.174000           NaN 
   232.840729    -29.720000     -9.112000           NaN 
   232.840741    -29.732992     -9.047000           NaN 
   232.840752    -29.746016     -8.983000           NaN 
   232.840764    -29.757984     -8.919000           NaN 
   232.840775    -29.771008     -8.856000           NaN 
   232.840787    -29.784000     -8.792000           NaN 
   232.840799    -29.796000     -8.728000           NaN 
   232.840810    -29.808992     -8.665000           NaN 
   232.840822    -29.820000     -8.608000           NaN 
   232.840833    -29.831009     -8.551000           NaN 
   232.840845    -29.844000     -8.487000           NaN 
   232.840856    -29.856993     -8.422000           NaN 
   232.840868    -29.868992     -8.359999           NaN 
   232.840880    -29.881985     -8.295999           NaN 
   232.840891    -29.894016     -8.231000           NaN 
   232.840903    -29.907007     -8.168999           NaN 
   232.840914    -29.920000     -8.104999           NaN 
   232.840926    -29.931007     -8.040000           NaN 
   233.338750    -31.236000     -8.035000           NaN 
   233.338762    -31.248000     -8.097999           NaN 
   233.338773    -31.260992     -8.161999           NaN 
   233.338785    -31.273985     -8.226000           NaN 
   233.338796    -31.286016     -8.290000           NaN 
   233.338808    -31.299007     -8.352999           NaN 
   233.338819    -31.312000     -8.417000           NaN 
   233.338831    -31.324000     -8.481000           NaN 
   233.338843    -31.336992     -8.544000           NaN 
   233.338854    -31.350016     -8.608000           NaN 
   233.338866    -31.361984     -8.672000           NaN 
   233.338877    -31.375008     -8.737000           NaN 
   233.338889    -31.387009     -8.799000           NaN 
   233.338900    -31.398975     -8.858000           NaN 
   233.338912    -31.410015     -8.914000           NaN 
   233.338924    -31.423008     -8.978000           NaN 
   233.338935    -31.435007     -9.042000           NaN 
   233.338947    -31.448000     -9.105000           NaN 
   233.338958    -31.460000     -9.169000           NaN 
   233.338970    -31.472992     -9.233000           NaN 
   233.338981    -31.485985     -9.296000           NaN 
   233.338993    -31.497984     -9.360000           NaN 
   233.339005    -31.510977     -9.424000           NaN 
   233.339016    -31.524000     -9.488000           NaN 
   233.339028    -31.536000     -9.551000           NaN 
   233.339039    -31.549025     -9.615000           NaN 
   233.339051    -31.562016     -9.679000           NaN 
   233.339063    -31.574017     -9.744000           NaN 
   233.339074    -31.587008     -9.806000           NaN 
   233.339086    -31.597984     -9.865000           NaN 
   233.339097    -31.608992     -9.921000           NaN 
   233.339109    -31.622017     -9.985000           NaN 
   233.339120    -31.635008    -10.049000           NaN 
   233.339132    -31.647009    -10.113000           NaN 
   233.339144    -31.660000    -10.176000           NaN 
   233.339155    -31.672993    -10.240000           NaN 
   233.339167    -31.684992    -10.304000           NaN 
   233.339178    -31.697985    -10.369000           NaN 
   233.339190    -31.709984    -10.431000           NaN 
   233.339201    -31.722977    -10.495000           NaN 
   233.339213    -31.736992    -10.560000           NaN 
   233.339225    -31.749985    -10.624000           NaN 
   233.339236    -31.760992    -10.686000           NaN 
   233.339248    -31.775007    -10.750000           NaN 
   233.339259    -31.784992    -10.808000           NaN 
   233.339271    -31.798016    -10.865000           NaN 
   233.339282    -31.809984    -10.929000           NaN 
   233.339294    -31.823008    -10.994000           NaN 
   233.339306    -31.834976    -11.056000           NaN 
   233.339317    -31.848000    -11.120000           NaN 
   233.339329    -31.861984    -11.185000           NaN 
   233.339340    -31.872992    -11.249000           NaN 
   233.339352    -31.885984    -11.311000           NaN 
   233.339363    -31.900000    -11.375000           NaN 
   233.339375    -31.912992    -11.440000           NaN 
   233.339387    -31.924000    -11.504000           NaN 
   233.339398    -31.937984    -11.566000           NaN 
   233.339410    -31.950975    -11.631000           NaN 
   233.339421    -31.963009    -11.695000           NaN 
   233.339433    -31.976000    -11.759000           NaN 
   233.339444    -31.987007    -11.815000           NaN 
   233.339456    -31.997984    -11.874000           NaN 
   234.328970    -28.002975    -10.105000           NaN 
   234.328981    -28.015009    -10.169000           NaN 
   234.328993    -28.028000    -10.233000           NaN 
   234.329005    -28.041023    -10.297000           NaN 
   234.329016    -28.053024    -10.360000           NaN 
   234.329028    -28.066015    -10.424000           NaN 
   234.329039    -28.078016    -10.488000           NaN 
   234.329051    -28.091007    -10.553000           NaN 
   234.329063    -28.105024    -10.615000           NaN 
   234.329074    -28.116000    -10.679000           NaN 
   234.329086    -28.128992    -10.744000           NaN 
   234.329097    -28.143007    -10.808000           NaN 
   234.329109    -28.153025    -10.865000           NaN 
   234.329120    -28.166016    -10.921000           NaN 
   234.329132    -28.178017    -10.985000           NaN 
   234.329144    -28.191008    -11.049000           NaN 
   234.329155    -28.203009    -11.113000           NaN 
   234.329167    -28.216000    -11.176000           NaN 
   234.329178    -28.228992    -11.240000           NaN 
   234.329190    -28.240992    -11.304000           NaN 
   234.329201    -28.253984    -11.369000           NaN 
   234.329213    -28.268000    -11.433000           NaN 
   234.329225    -28.278976    -11.495000           NaN 
   234.329236    -28.292000    -11.560000           NaN 
   234.329248    -28.305984    -11.624000           NaN 
   234.329259    -28.319008    -11.688000           NaN 
   234.329271    -28.329985    -11.750000           NaN 
   234.329282    -28.344000    -11.815000           NaN 
   234.329294    -28.355007    -11.872000           NaN 
   234.329306    -28.365984    -11.929000           NaN 
   234.329317    -28.379007    -11.994000           NaN 
   238.845174    -31.024992    -11.985000           NaN 
   238.845185    -31.039007    -11.921000           NaN 
   238.845197    -31.052000    -11.858000           NaN 
   238.845208    -31.064000    -11.794000           NaN 
   238.845220    -31.076992    -11.730000           NaN 
   238.845231    -31.089985    -11.667000           NaN 
   238.845243    -31.101984    -11.603000           NaN 
   238.845255    -31.114977    -11.539000           NaN 
   238.845266    -31.128992    -11.476000           NaN 
   238.845278    -31.140000    -11.412000           NaN 
   238.845289    -31.153025    -11.348000           NaN 
   238.845301    -31.166977    -11.285000           NaN 
   238.845313    -31.180000    -11.221000           NaN 
   238.845324    -31.191008    -11.157000           NaN 
   238.845336    -31.203009    -11.099000           NaN 
   238.845347    -31.215008    -11.042000           NaN 
   238.845359    -31.226976    -10.978000           NaN 
   238.845370    -31.240000    -10.914000           NaN 
   238.845382    -31.252993    -10.851000           NaN 
   238.845394    -31.265024    -10.787000           NaN 
   238.845405    -31.278015    -10.723000           NaN 
   238.845417    -31.292000    -10.660000           NaN 
   238.845428    -31.303007    -10.596000           NaN 
   238.845440    -31.316000    -10.532000           NaN 
   238.845451    -31.329985    -10.468000           NaN 
   238.845463    -31.340992    -10.405000           NaN 
   238.845475    -31.355007    -10.341000           NaN 
   238.845486    -31.368000    -10.277000           NaN 
   238.845498    -31.380000    -10.212000           NaN 
   238.845509    -31.392992    -10.150000           NaN 
   238.845521    -31.404000    -10.091000           NaN 
   238.845532    -31.416000    -10.035000           NaN 
   238.845544    -31.428000     -9.971000           NaN 
   238.845556    -31.441025     -9.907000           NaN 
   238.845567    -31.452991     -9.844000           NaN 
   238.845579    -31.466017     -9.780000           NaN 
   238.845590    -31.479008     -9.716000           NaN 
   238.845602    -31.491009     -9.652000           NaN 
   238.845613    -31.504000     -9.587000           NaN 
   238.845625    -31.516993     -9.525000           NaN 
   238.845637    -31.528992     -9.461000           NaN 
   238.845648    -31.541985     -9.396000           NaN 
   238.845660    -31.554976     -9.334000           NaN 
   238.845671    -31.566977     -9.270000           NaN 
   238.845683    -31.580000     -9.205000           NaN 
   238.845694    -31.592000     -9.141000           NaN 
   238.845706    -31.605024     -9.084000           NaN 
   238.845718    -31.614977     -9.028000           NaN 
   238.845729    -31.628000     -8.964000           NaN 
   238.845741    -31.640000     -8.900000           NaN 
   238.845752    -31.653025     -8.837000           NaN 
   238.845764    -31.666016     -8.773000           NaN 
   238.845775    -31.678017     -8.709000           NaN 
   238.845787    -31.691008     -8.645000           NaN 
   238.845799    -31.703009     -8.582000           NaN 
   238.845810    -31.716000     -8.518000           NaN 
   238.845822    -31.728992     -8.454000           NaN 
   238.845833    -31.740992     -8.391000           NaN 
   238.845845    -31.753984     -8.326999           NaN 
   238.845856    -31.767008     -8.262999           NaN 
   238.845868    -31.778976     -8.198000           NaN 
   238.845880    -31.792000     -8.135999           NaN 
   238.845891    -31.804993     -8.071999           NaN 
   238.845903    -31.816000     -8.014000           NaN 
   239.835567    -28.004000     -8.818000           NaN 
   239.835579    -28.015009     -8.756000           NaN 
   239.835590    -28.028000     -8.691000           NaN 
   239.835602    -28.041023     -8.627000           NaN 
   239.835613    -28.053024     -8.563000           NaN 
   239.835625    -28.066015     -8.500000           NaN 
   239.835637    -28.078016     -8.436000           NaN 
   239.835648    -28.091007     -8.372000           NaN 
   239.835660    -28.104000     -8.310000           NaN 
   239.835671    -28.116000     -8.245000           NaN 
   239.835683    -28.128992     -8.181000           NaN 
   239.835694    -28.141985     -8.116999           NaN 
   239.835706    -28.153984     -8.054000           NaN 
   240.333519    -29.458977     -8.062999           NaN 
   240.333542    -29.485985     -8.189999           NaN 
   240.333553    -29.497025     -8.253999           NaN 
   240.333565    -29.510977     -8.318000           NaN 
   240.333576    -29.522017     -8.380999           NaN 
   240.333588    -29.535007     -8.445000           NaN 
   240.333600    -29.548000     -8.509000           NaN 
   240.333611    -29.560000     -8.572000           NaN 
   240.333623    -29.572992     -8.636000           NaN 
   240.333634    -29.584991     -8.700000           NaN 
   240.333646    -29.597984     -8.757000           NaN 
   240.333657    -29.608000     -8.815000           NaN 
   240.333669    -29.622017     -8.879000           NaN 
   240.333681    -29.632992     -8.943000           NaN 
   240.333692    -29.645985     -9.006000           NaN 
   240.333704    -29.659008     -9.070000           NaN 
   240.333715    -29.670977     -9.134000           NaN 
   240.333727    -29.684992     -9.197000           NaN 
   240.333738    -29.695969     -9.261000           NaN 
   240.333750    -29.708992     -9.325000           NaN 
   240.333762    -29.722977     -9.388000           NaN 
   240.333773    -29.734016     -9.452000           NaN 
   240.333785    -29.747007     -9.516000           NaN 
   240.333796    -29.760000     -9.580000           NaN 
   240.333808    -29.772000     -9.643000           NaN 
   240.333819    -29.784992     -9.707000           NaN 
   240.333831    -29.798016     -9.771000           NaN 
   240.333843    -29.809984     -9.827000           NaN 
   240.333854    -29.820000     -9.886000           NaN 
   240.333866    -29.833984     -9.950000           NaN 
   240.333877    -29.844992    -10.013000           NaN 
   240.333889    -29.858015    -10.077000           NaN 
   240.333900    -29.872000    -10.141000           NaN 
   240.333912    -29.885023    -10.204000           NaN 
   240.333924    -29.896000    -10.268000           NaN 
   240.333935    -29.910015    -10.332000           NaN 
   240.333947    -29.923008    -10.395000           NaN 
   240.333958    -29.935007    -10.459000           NaN 
   240.333970    -29.948000    -10.523000           NaN 
   240.333981    -29.960000    -10.587000           NaN 
   240.333993    -29.972992    -10.650000           NaN 
   240.334005    -29.985985    -10.714000           NaN 
   240.334016    -29.997984    -10.778000           NaN 
   240.334028    -30.010977    -10.841000           NaN 
   240.334039    -30.022017    -10.898000           NaN 
   240.334051    -30.033983    -10.955000           NaN 
   240.334063    -30.045984    -11.020000           NaN 
   240.334074    -30.060000    -11.084000           NaN 
   240.334086    -30.072992    -11.148000           NaN 
   240.334097    -30.083967    -11.211000           NaN 
   240.334109    -30.097984    -11.275000           NaN 
   240.334120    -30.110975    -11.339000           NaN 
   240.334132    -30.122976    -11.403000           NaN 
   240.334144    -30.136000    -11.466000           NaN 
   240.334155    -30.148993    -11.530000           NaN 
   240.334167    -30.161024    -11.594000           NaN 
   240.334178    -30.174017    -11.657000           NaN 
   240.334190    -30.187008    -11.721000           NaN 
   240.334201    -30.199009    -11.785000           NaN 
   240.334213    -30.212000    -11.843000           NaN 
   240.334225    -30.222977    -11.900000           NaN 
   240.334236    -30.236000    -11.964000           NaN 
