   209.016597    -39.348450    -18.019117      4.380000 
   209.016609    -39.328568    -18.067850      5.290000 
   209.016620    -39.308674    -18.116581      6.690001 
   209.016632    -39.288765    -18.165308      7.560000 
   209.016644    -39.268845    -18.214031      7.440001 
   209.016655    -39.248910    -18.262753      7.590000 
   209.016667    -39.228962    -18.311468      8.100000 
   209.016678    -39.209000    -18.360184      7.680000 
   209.016690    -39.189026    -18.408894      8.200001 
   209.016701    -39.169037    -18.457600      8.180000 
   209.016713    -39.149033    -18.506304      8.030001 
   209.016725    -39.129017    -18.555004      7.580000 
   209.016736    -39.108986    -18.603700      7.810000 
   209.016748    -39.088943    -18.652393      7.960000 
   209.016759    -39.068886    -18.701084      8.320001 
   209.016771    -39.048817    -18.749771      8.140000 
   209.016782    -39.028732    -18.798454      7.990000 
   209.016794    -39.008633    -18.847134      8.570001 
   209.016806    -38.988518    -18.895810      8.360001 
   209.016817    -38.968390    -18.944483      8.360001 
   209.016829    -38.948254    -18.993153      8.260000 
   209.016840    -38.928097    -19.041819      8.520000 
   209.016852    -38.907930    -19.090480      8.630000 
   209.016863    -38.887745    -19.139140      8.120001 
   209.016875    -38.867550    -19.187796      7.560000 
   209.016887    -38.847336    -19.236446      8.790000 
   209.016898    -38.827110    -19.285095      8.460000 
   209.016910    -38.806870    -19.333740      7.920001 
   209.016921    -38.786613    -19.382381      8.600000 
   209.016933    -38.766346    -19.431019      8.430000 
   209.016944    -38.746063    -19.479652      8.980000 
   209.016956    -38.725765    -19.528282      8.700001 
   209.016968    -38.705452    -19.576910      8.760000 
   209.016979    -38.685123    -19.625532      8.470000 
   209.016991    -38.664783    -19.674152      9.120001 
   209.017002    -38.644424    -19.722769      9.020000 
   209.017014    -38.624054    -19.771381      9.230000 
   209.017025    -38.603670    -19.819988      9.440001 
   209.017037    -38.583263    -19.868593      9.310000 
   209.017049    -38.562847    -19.917194      9.100000 
   209.017060    -38.542420    -19.965794      8.680000 
   215.415694    -39.691210    -18.762642      3.890000 
   215.415706    -39.671143    -18.713960      2.150000 
   215.415718    -39.651090    -18.665277      5.330000 
   215.415729    -39.631046    -18.616592      4.450000 
   215.415741    -39.611015    -18.567904      2.810000 
   215.415752    -39.591003    -18.519210      3.100000 
   215.415764    -39.571003    -18.470512      3.840000 
   215.415775    -39.551014    -18.421812      3.760000 
   215.415787    -39.531040    -18.373110      3.220000 
   215.415799    -39.511080    -18.324404      2.410000 
   215.415810    -39.491135    -18.275694      2.890000 
   215.415822    -39.471200    -18.226980      3.590000 
   215.415833    -39.451280    -18.178265      2.600000 
   215.415845    -39.431374    -18.129545      1.600000 
   215.415856    -39.411480    -18.080822      0.710000 
   219.376563    -38.453823    -19.991096      3.040000 
   219.376574    -38.433388    -19.942509      3.250000 
   219.376586    -38.412968    -19.893915      2.930000 
   219.376597    -38.392563    -19.845320      2.490000 
   219.376609    -38.372173    -19.796720      2.700000 
   219.376620    -38.351800    -19.748117      2.620000 
   219.376632    -38.331440    -19.699510      2.710000 
   219.376644    -38.311092    -19.650900      2.470000 
   219.376655    -38.290764    -19.602285      2.590000 
   219.376667    -38.270447    -19.553667      2.690000 
   219.376678    -38.250145    -19.505047      2.510000 
   219.376690    -38.229860    -19.456423      2.470000 
   219.376701    -38.209587    -19.407793      2.520000 
   219.376713    -38.189327    -19.359161      2.660000 
   219.376725    -38.169086    -19.310526      2.950000 
   219.376736    -38.148857    -19.261887      2.910000 
   219.376748    -38.128643    -19.213243      2.360000 
   219.376759    -38.108440    -19.164597      2.830000 
   219.376771    -38.088257    -19.115948      2.900000 
   219.376782    -38.068085    -19.067293      2.570000 
   219.376794    -38.047928    -19.018637      2.690000 
   219.376806    -38.027782    -18.969976      2.730000 
   219.376817    -38.007652    -18.921312      2.680000 
   221.910208    -39.977955    -19.796910     11.270000 
   221.910220    -39.957558    -19.845516      9.130000 
   221.910231    -39.937150    -19.894120      8.680000 
   221.910243    -39.916725    -19.942720      8.640000 
   221.910255    -39.896286    -19.991316      9.040000 
   225.870949    -38.956383    -18.037628      3.550000 
   225.870961    -38.936497    -18.086363      3.520000 
   225.870972    -38.916600    -18.135092      3.550000 
   225.870984    -38.896687    -18.183819      3.550000 
   225.870995    -38.876760    -18.232544      3.120000 
   225.871007    -38.856820    -18.281263      3.000000 
   225.871019    -38.836870    -18.329980      3.020000 
   225.871030    -38.816900    -18.378695      2.930000 
   225.871042    -38.796920    -18.427404      2.430000 
   225.871053    -38.776928    -18.476112      2.400000 
   225.871065    -38.756920    -18.524815      2.960000 
   225.871076    -38.736900    -18.573517      2.530000 
   225.871088    -38.716866    -18.622211      1.350000 
   225.871111    -38.676754    -18.719597      1.950000 
   225.871123    -38.656680    -18.768284      2.060000 
   225.871134    -38.636590    -18.816965      1.370000 
   225.871146    -38.616486    -18.865646      1.070000 
   225.871157    -38.596370    -18.914322      0.520000 
   225.871169    -38.576237    -18.962996      1.130000 
   225.871181    -38.556090    -19.011663      0.950000 
   225.871192    -38.535934    -19.060330      1.290000 
   225.871204    -38.515760    -19.108994      1.880000 
   225.871215    -38.495570    -19.157652      1.580000 
   225.871227    -38.475370    -19.206306      2.510000 
   225.871238    -38.455154    -19.254957      1.260000 
   225.871250    -38.434920    -19.303608      1.750000 
   225.871262    -38.414677    -19.352251      1.340000 
   225.871273    -38.394417    -19.400892      0.850000 
   225.871285    -38.374140    -19.449530      0.860000 
   225.871296    -38.353855    -19.498163      0.660000 
   225.871308    -38.333550    -19.546795      0.470000 
   225.871319    -38.313232    -19.595420      0.450000 
   225.871331    -38.292900    -19.644045      0.420000 
   225.871343    -38.272552    -19.692663      0.360000 
   225.871354    -38.252193    -19.741280      0.230000 
   225.871366    -38.231815    -19.789890      0.350000 
   225.871377    -38.211426    -19.838500      0.270000 
   225.871389    -38.191017    -19.887104      0.260000 
   225.871400    -38.170597    -19.935705      0.300000 
   225.871412    -38.150158    -19.984303      0.320000 
   232.269757    -39.808180    -19.965464      5.060000 
   232.269769    -39.787758    -19.916874      5.180000 
   232.269780    -39.767350    -19.868280      5.530000 
   232.269792    -39.746952    -19.819683      5.790000 
   232.269803    -39.726570    -19.771082      5.460000 
   232.269815    -39.706207    -19.722479      5.310000 
   232.269826    -39.685856    -19.673870      5.540000 
   232.269838    -39.665520    -19.625257      4.890000 
   232.269850    -39.645200    -19.576643      4.250000 
   232.269861    -39.624893    -19.528025      4.570000 
   232.269873    -39.604603    -19.479400      5.030000 
   232.269884    -39.584324    -19.430775      5.650000 
   232.269896    -39.564060    -19.382147      6.640000 
   232.269907    -39.543810    -19.333511      6.760000 
   232.269919    -39.523580    -19.284876      6.100000 
   232.269931    -39.503357    -19.236235      6.960000 
   232.269942    -39.483150    -19.187592      7.210000 
   232.269954    -39.462960    -19.138945      5.900000 
   232.269965    -39.442783    -19.090294      6.740000 
   232.269977    -39.422623    -19.041637      6.450000 
   232.269988    -39.402473    -18.992980      5.710000 
   232.270000    -39.382340    -18.944319      6.240000 
   232.270012    -39.362217    -18.895655      6.370000 
   232.270023    -39.342110    -18.846987      6.080000 
   232.270035    -39.322018    -18.798313      5.890000 
   232.270046    -39.301940    -18.749640      6.670001 
   232.270058    -39.281876    -18.700960      5.770001 
   232.270069    -39.261826    -18.652279      5.730001 
   232.270081    -39.241787    -18.603592      6.890000 
   232.270093    -39.221764    -18.554903      5.760000 
   232.270104    -39.201756    -18.506210      5.540000 
   232.270116    -39.181760    -18.457516      5.540000 
   232.270127    -39.161774    -18.408815      5.630000 
   232.270139    -39.141804    -18.360113      6.140000 
   232.270150    -39.121850    -18.311407      6.090000 
   232.270162    -39.101910    -18.262700      6.320000 
   232.270174    -39.081978    -18.213987      6.570000 
   232.270185    -39.062060    -18.165272      6.170000 
   232.270197    -39.042160    -18.116552      6.230001 
   232.270208    -39.022270    -18.067830      5.840000 
   232.270220    -39.002396    -18.019104      6.400000 
   236.230926    -38.062733    -19.968065      8.100000 
   236.230938    -38.042310    -19.919476      8.540000 
   236.230949    -38.021896    -19.870884      7.990000 
   236.230961    -38.001503    -19.822287      8.070001 
   238.764514    -39.703278    -19.549160      5.430000 
   238.764525    -39.682960    -19.597788      3.270000 
   238.764537    -39.662630    -19.646414      3.700000 
   238.764549    -39.642280    -19.695034      3.550000 
   238.764560    -39.621920    -19.743650      2.940000 
   238.764572    -39.601543    -19.792265      2.460000 
   238.764583    -39.581154    -19.840876      1.700000 
   238.764595    -39.560750    -19.889480      1.730000 
   238.764606    -39.540330    -19.938084      2.190000 
   242.725324    -38.579720    -18.037313      5.670000 
   242.725336    -38.559837    -18.086050      5.680000 
   242.725347    -38.539940    -18.134783      5.270001 
   242.725359    -38.520027    -18.183512      5.380000 
   242.725370    -38.500103    -18.232237      5.590000 
   242.725382    -38.480164    -18.280958      5.180000 
   242.725394    -38.460213    -18.329678      5.380000 
   242.725405    -38.440247    -18.378393      5.570000 
   242.725417    -38.420270    -18.427107      5.820000 
   242.725428    -38.400276    -18.475817      6.000000 
   242.725440    -38.380272    -18.524523      5.950000 
   242.725451    -38.360252    -18.573223      5.750000 
   242.725463    -38.340220    -18.621923      6.050000 
   242.725475    -38.320175    -18.670618      5.530000 
   242.725486    -38.300114    -18.719310      5.680000 
   242.725498    -38.280040    -18.768000      5.760000 
   242.725509    -38.259953    -18.816685      6.160000 
   242.725521    -38.239850    -18.865366      5.740000 
   242.725532    -38.219734    -18.914045      5.560000 
   242.725544    -38.199604    -18.962719      5.320000 
   242.725556    -38.179460    -19.011390      5.360000 
   242.725567    -38.159300    -19.060059      5.300000 
   242.725579    -38.139130    -19.108723      5.340000 
   242.725590    -38.118942    -19.157385      5.300000 
   242.725602    -38.098743    -19.206041      5.650000 
   242.725613    -38.078530    -19.254696      5.340000 
   242.725625    -38.058300    -19.303345      5.330000 
   242.725637    -38.038055    -19.351992      5.690000 
   242.725648    -38.017796    -19.400635      5.670000 
