    29.491725    -28.013145     -6.940212      5.796000 
    29.491736    -28.026361     -6.999282      5.715000 
    30.997072    -28.004414     -5.815665      6.470000 
    30.997083    -28.017590     -5.756595      6.295000 
    30.997095    -28.030762     -5.697524      5.868000 
    30.997106    -28.043934     -5.638453      5.864000 
    30.997118    -28.057102     -5.579381      5.735000 
    30.997130    -28.070269     -5.520309      5.716000 
    30.997141    -28.083435     -5.461236      5.549000 
    30.997153    -28.096600     -5.402164      5.886000 
    30.997164    -28.109760     -5.343090      5.812000 
    30.997176    -28.122923     -5.284017      5.573000 
    30.997188    -28.136082     -5.224942      5.557000 
    30.997199    -28.149239     -5.165868      5.776001 
    30.997211    -28.162394     -5.106793      5.599000 
    30.997222    -28.175549     -5.047718      6.050000 
    30.997234    -28.188700     -4.988642      6.094000 
    30.997245    -28.201850     -4.929566      6.489000 
    30.997257    -28.215000     -4.870489      6.235000 
    30.997269    -28.228148     -4.811412      6.840000 
    30.997280    -28.241295     -4.752335      6.617000 
    30.997292    -28.254438     -4.693257      6.746000 
    30.997303    -28.267582     -4.634179      6.586000 
    30.997315    -28.280724     -4.575101      6.571000 
    30.997326    -28.293863     -4.516022      6.828000 
    30.997338    -28.307003     -4.456943      6.221000 
    30.997350    -28.320140     -4.397863      6.564000 
    30.997361    -28.333277     -4.338783      6.247000 
    30.997373    -28.346410     -4.279703      6.825000 
    30.997384    -28.359545     -4.220622      6.400000 
    30.997396    -28.372677     -4.161541      6.682000 
    30.997407    -28.385809     -4.102460      7.135000 
    30.997419    -28.398937     -4.043378      6.790000 
    30.997431    -28.412066     -3.984296      7.273000 
    30.997442    -28.425192     -3.925214      6.811000 
    30.997454    -28.438318     -3.866131      7.118000 
    30.997465    -28.451443     -3.807048      6.912000 
    30.997477    -28.464565     -3.747965      7.025000 
    30.997488    -28.477688     -3.688881      6.741000 
    30.997500    -28.490808     -3.629797      6.713000 
    30.997512    -28.503930     -3.570713      7.005000 
    30.997523    -28.517048     -3.511628      6.512000 
    30.997535    -28.530165     -3.452543      7.105001 
    30.997546    -28.543282     -3.393458      6.802001 
    30.997558    -28.556396     -3.334372      6.983000 
    30.997569    -28.569511     -3.275287      7.125000 
    30.997581    -28.582624     -3.216200      7.051000 
    30.997593    -28.595737     -3.157114      7.043000 
    30.997604    -28.608849     -3.098027      6.898000 
    30.997616    -28.621960     -3.038940      7.232000 
    36.503947    -31.815035     -3.015502      6.115000 
    36.503958    -31.828144     -3.074599      6.511000 
    36.503970    -31.841255     -3.133695      6.483000 
    36.503981    -31.854368     -3.192790      6.189000 
    36.503993    -31.867481     -3.251886      5.870000 
    36.504005    -31.880596     -3.310981      5.935000 
    36.504016    -31.893713     -3.370075      5.804000 
    36.504028    -31.906830     -3.429170      5.578000 
    36.504039    -31.919947     -3.488264      5.138000 
    36.504051    -31.933065     -3.547358      5.130000 
    36.504062    -31.946186     -3.606451      4.781000 
    36.504074    -31.959307     -3.665544      4.708000 
    36.504086    -31.972430     -3.724637      6.570854 
    36.504097    -31.985552     -3.783730      5.649000 
    36.504109    -31.998676     -3.842822      5.651001 
    40.501366    -30.885628     -3.014726      7.174000 
    40.501377    -30.898737     -3.073823      7.673000 
    40.501389    -30.911848     -3.132919      7.536000 
    40.501400    -30.924961     -3.192014      7.807000 
    40.501412    -30.938074     -3.251110      7.826000 
    40.501424    -30.951187     -3.310205      7.304000 
    40.501435    -30.964304     -3.369300      7.794000 
    40.501447    -30.977420     -3.428394      7.535000 
    40.501458    -30.990538     -3.487489      7.716001 
    40.501470    -31.003656     -3.546582      8.088000 
    40.501481    -31.016775     -3.605676      7.690001 
    40.501493    -31.029898     -3.664769      7.997000 
    40.501505    -31.043018     -3.723862      8.177000 
    40.501516    -31.056143     -3.782955      8.154000 
    40.501528    -31.069265     -3.842047      8.148001 
    40.501539    -31.082392     -3.901139      8.038000 
    40.501551    -31.095518     -3.960231      8.351001 
    40.501563    -31.108646     -4.019322      7.919000 
    40.501574    -31.121777     -4.078413      7.759000 
    40.501586    -31.134907     -4.137503      7.363000 
    40.501597    -31.148039     -4.196593      7.711000 
    40.501609    -31.161171     -4.255683      7.591001 
    40.501620    -31.174305     -4.314773      7.595000 
    40.501632    -31.187440     -4.373862      8.755000 
    40.501644    -31.200579     -4.432951      9.123000 
    40.501655    -31.213717     -4.492039     10.155001 
    40.501667    -31.226856     -4.551127      9.153001 
    40.501678    -31.240000     -4.610215      9.513001 
    40.501690    -31.253141     -4.669302      9.569000 
    40.501701    -31.266287     -4.728389      9.625000 
    40.501713    -31.279432     -4.787476      9.270000 
    40.501725    -31.292580     -4.846562      9.132000 
    40.501736    -31.305729     -4.905648      9.079000 
    40.501748    -31.318878     -4.964733      9.186001 
    40.501759    -31.332030     -5.023818      9.000000 
    40.501771    -31.345184     -5.082903      8.892000 
    40.501782    -31.358340     -5.141987      8.987000 
    40.501794    -31.371496     -5.201071      9.034000 
    40.501806    -31.384655     -5.260154      9.379001 
    40.501817    -31.397816     -5.319237      8.995001 
    40.501829    -31.410976     -5.378320      8.747001 
    40.501840    -31.424140     -5.437402      8.863001 
    40.501852    -31.437305     -5.496484      8.573000 
    40.501863    -31.450472     -5.555566      8.479000 
    40.501875    -31.463640     -5.614646      8.757000 
    40.501887    -31.476812     -5.673727      8.457001 
    40.501898    -31.489985     -5.732807      8.423000 
    40.501910    -31.503159     -5.791887      8.649000 
    40.501921    -31.516335     -5.850966      8.494000 
    40.501933    -31.529512     -5.910045      8.604000 
    40.501944    -31.542692     -5.969123      8.953000 
    40.501956    -31.555874     -6.028201      9.075001 
    40.501968    -31.569057     -6.087279      8.946000 
    40.501979    -31.582243     -6.146356      9.277000 
    40.501991    -31.595430     -6.205432      8.653001 
    40.502002    -31.608620     -6.264509      8.912001 
    40.502014    -31.621810     -6.323584      8.994000 
    40.502025    -31.635004     -6.382660      8.741000 
    40.502037    -31.648200     -6.441734      8.996000 
    40.502049    -31.661398     -6.500809      8.690001 
    40.502060    -31.674597     -6.559882      8.641001 
    40.502072    -31.687800     -6.618956      8.885000 
    40.502083    -31.701002     -6.678029      8.338000 
    40.502095    -31.714209     -6.737101      8.265000 
    40.502106    -31.727417     -6.796173      8.574000 
    40.502118    -31.740627     -6.855245      8.783000 
    40.502130    -31.753840     -6.914316      8.531000 
    40.502141    -31.767054     -6.973386      8.489000 
    42.007257    -31.493841     -6.972390      8.851001 
    42.007269    -31.507053     -6.913328      8.530001 
    42.007280    -31.520266     -6.854266      8.881001 
    42.007292    -31.533472     -6.795204      8.643001 
    42.007303    -31.546679     -6.736141      8.706000 
    42.007315    -31.559883     -6.677078      8.602000 
    42.007326    -31.573086     -6.618014      8.449000 
    42.007338    -31.586285     -6.558950      8.721001 
    42.007350    -31.599483     -6.499885      7.972001 
    42.007361    -31.612679     -6.440820      8.228001 
    42.007373    -31.625874     -6.381754      8.338000 
    42.007384    -31.639065     -6.322688      8.251000 
    42.007396    -31.652254     -6.263621      8.197000 
    42.007407    -31.665442     -6.204554      8.670000 
    42.007419    -31.678627     -6.145487      8.577001 
    42.007431    -31.691810     -6.086419      8.378000 
    42.007442    -31.704992     -6.027350      8.452001 
    42.007454    -31.718172     -5.968281      8.650001 
    42.007465    -31.731352     -5.909212      8.507000 
    42.007477    -31.744528     -5.850142      9.095000 
    42.007488    -31.757702     -5.791072      8.914001 
    42.007500    -31.770872     -5.732002      8.937000 
    42.007512    -31.784044     -5.672930      8.696000 
    42.007523    -31.797213     -5.613859      6.570854 
    42.007535    -31.810380     -5.554787      8.969001 
    42.007546    -31.823545     -5.495715      8.713000 
    42.007558    -31.836708     -5.436642      8.542001 
    42.007569    -31.849870     -5.377569      8.611000 
    42.007581    -31.863030     -5.318495      8.654000 
    42.007593    -31.876188     -5.259421      8.496000 
    42.007604    -31.889345     -5.200347      8.562000 
    42.007616    -31.902500     -5.141272      8.308001 
    42.007627    -31.915653     -5.082197      8.715000 
    42.007639    -31.928806     -5.023121      9.002001 
    42.007650    -31.941956     -4.964045      8.531000 
    42.007662    -31.955105     -4.904969      8.170000 
    42.007674    -31.968252     -4.845892      8.086000 
    42.007685    -31.981398     -4.786815      8.693001 
    44.498773    -29.951406     -3.003541      6.175000 
    44.498785    -29.964516     -3.062638      6.433000 
    44.498796    -29.977625     -3.121735      6.300000 
    44.498808    -29.990734     -3.180831      6.386000 
    44.498819    -30.003845     -3.239927      6.505000 
    44.498831    -30.016958     -3.299022      6.708000 
    44.498843    -30.030071     -3.358118      6.981000 
    44.498854    -30.043186     -3.417213      7.015000 
    44.498866    -30.056301     -3.476308      7.013001 
    44.498877    -30.069420     -3.535402      6.595000 
    44.498889    -30.082537     -3.594496      6.537000 
    44.498900    -30.095655     -3.653590      6.622000 
    44.498912    -30.108774     -3.712684      6.470000 
    44.498924    -30.121897     -3.771777      6.424000 
    44.498935    -30.135020     -3.830870      6.885000 
    44.498947    -30.148142     -3.889962      6.494000 
    44.498958    -30.161266     -3.949054      6.777000 
    44.498970    -30.174393     -4.008146      6.680000 
    44.498981    -30.187520     -4.067238      6.462000 
    44.498993    -30.200650     -4.126329      6.667000 
    44.499005    -30.213780     -4.185419      6.457000 
    44.499016    -30.226910     -4.244510      6.723001 
    44.499028    -30.240042     -4.303600      6.561000 
    44.499039    -30.253176     -4.362690      6.358000 
    44.499051    -30.266312     -4.421779      6.268000 
    44.499062    -30.279448     -4.480868      6.582000 
    44.499074    -30.292585     -4.539957      6.913000 
    44.499086    -30.305725     -4.599045      6.635000 
    44.499097    -30.318867     -4.658133      6.845000 
    44.499109    -30.332008     -4.717220      6.627000 
    44.499120    -30.345152     -4.776308      6.774000 
    44.499132    -30.358297     -4.835394      6.589000 
    44.499144    -30.371445     -4.894481      6.821000 
    44.499155    -30.384592     -4.953567      6.276001 
    44.499167    -30.397743     -5.012652      6.345000 
    44.499178    -30.410894     -5.071738      6.381000 
    44.499190    -30.424047     -5.130822      6.879000 
    44.499201    -30.437202     -5.189907      6.939000 
    44.499213    -30.450360     -5.248991      6.586000 
    44.499225    -30.463516     -5.308074      7.324000 
    44.499236    -30.476677     -5.367158      7.292000 
    44.499248    -30.489838     -5.426240      6.591000 
    44.499259    -30.503000     -5.485323      6.784000 
    44.499271    -30.516167     -5.544405      6.475000 
    44.499282    -30.529333     -5.603486      6.154000 
    44.499294    -30.542501     -5.662567      6.603000 
    44.499306    -30.555672     -5.721648      6.204001 
    44.499317    -30.568844     -5.780728      6.552001 
    44.499329    -30.582018     -5.839808      6.636000 
    44.499340    -30.595194     -5.898888      6.295000 
    44.499352    -30.608372     -5.957966      6.746000 
    44.499363    -30.621550     -6.017045      6.814000 
    44.499375    -30.634731     -6.076123      6.430000 
    44.499387    -30.647915     -6.135201      6.351000 
    44.499398    -30.661100     -6.194278      6.376000 
    44.499410    -30.674288     -6.253355      6.091000 
    44.499421    -30.687477     -6.312431      6.416000 
    44.499433    -30.700668     -6.371507      6.422000 
    44.499444    -30.713861     -6.430582      6.812000 
    44.499456    -30.727057     -6.489657      6.625000 
    44.499468    -30.740255     -6.548731      6.394000 
    44.499479    -30.753454     -6.607805      6.665000 
    44.499491    -30.766657     -6.666879      6.243000 
    44.499502    -30.779860     -6.725952      6.565001 
    44.499514    -30.793066     -6.785024      6.211000 
    44.499525    -30.806274     -6.844096      6.358000 
    44.499537    -30.819485     -6.903168      6.034000 
    44.499549    -30.832697     -6.962239      6.321000 
    46.004664    -30.564339     -6.955044      6.507000 
    46.004676    -30.577549     -6.895982      6.479000 
    46.004687    -30.590757     -6.836920      6.510000 
    46.004699    -30.603964     -6.777857      7.257000 
    46.004711    -30.617167     -6.718793      7.184000 
    46.004722    -30.630370     -6.659730      6.679000 
    46.004734    -30.643570     -6.600665      7.419000 
    46.004745    -30.656767     -6.541601      6.615000 
    46.004757    -30.669962     -6.482535      6.422000 
    46.004769    -30.683155     -6.423470      6.492000 
    46.004780    -30.696346     -6.364404      6.411000 
    46.004792    -30.709536     -6.305337      6.885000 
    46.004803    -30.722721     -6.246270      6.446000 
    46.004815    -30.735909     -6.187202      6.124000 
    46.004826    -30.749090     -6.128134      6.080000 
    46.004850    -30.775452     -6.009997      6.784000 
    46.004861    -30.788630     -5.950928      5.833000 
    46.004873    -30.801805     -5.891858      6.252000 
    46.004884    -30.814978     -5.832788      6.183000 
    46.004896    -30.828150     -5.773717      5.752000 
    46.004907    -30.841320     -5.714646      5.665000 
    46.004919    -30.854488     -5.655574      5.764000 
    46.004931    -30.867655     -5.596502      5.512000 
    46.004942    -30.880820     -5.537430      5.400000 
    46.004954    -30.893982     -5.478357      5.202000 
    46.004965    -30.907143     -5.419284      5.127000 
    46.004977    -30.920303     -5.360210      5.133000 
    46.004988    -30.933460     -5.301136      5.509000 
    46.005000    -30.946617     -5.242062      5.395001 
    46.005012    -30.959770     -5.182987      5.935000 
    46.005023    -30.972923     -5.123912      5.766000 
    46.005035    -30.986074     -5.064836      5.664000 
    46.005046    -30.999224     -5.005760      5.703000 
    46.005058    -31.012371     -4.946684      5.551000 
    46.005069    -31.025518     -4.887607      6.067000 
    46.005081    -31.038664     -4.828530      5.661000 
    46.005093    -31.051807     -4.769452      5.834000 
    46.005104    -31.064949     -4.710374      5.668000 
    46.005116    -31.078089     -4.651295      5.368000 
    46.005127    -31.091228     -4.592217      5.597000 
    46.005139    -31.104364     -4.533138      5.869000 
    46.005150    -31.117500     -4.474058      5.670000 
    46.005162    -31.130636     -4.414978      5.957000 
    46.005174    -31.143768     -4.355898      5.682000 
    46.005185    -31.156900     -4.296817      5.706000 
    46.005197    -31.170030     -4.237736      5.575000 
    46.005208    -31.183160     -4.178655      5.878000 
    46.005220    -31.196287     -4.119573      5.925000 
    46.005231    -31.209415     -4.060491      5.593000 
    46.005243    -31.222540     -4.001409      5.627000 
    46.005255    -31.235664     -3.942326      5.324000 
    46.005266    -31.248787     -3.883243      5.220000 
    46.005278    -31.261910     -3.824160      5.316001 
    46.005289    -31.275028     -3.765076      5.377000 
    46.005301    -31.288149     -3.705992      5.267000 
    46.005313    -31.301266     -3.646908      5.473000 
    46.005324    -31.314383     -3.587823      5.563000 
    46.005336    -31.327500     -3.528738      5.574000 
    46.005347    -31.340612     -3.469652      5.264000 
    46.005359    -31.353727     -3.410567      5.273000 
    46.005370    -31.366838     -3.351481      5.342001 
    46.005382    -31.379951     -3.292394      5.524000 
    46.005394    -31.393060     -3.233308      5.458000 
    46.005405    -31.406172     -3.174221      5.262000 
    46.005417    -31.419280     -3.115134      5.423000 
    46.005428    -31.432386     -3.056046      5.652000 
    48.496169    -29.014650     -3.003478      5.319000 
    48.496181    -29.027758     -3.062575      5.188000 
    48.496192    -29.040867     -3.121672      5.539000 
    48.496204    -29.053974     -3.180768      5.594000 
    48.496215    -29.067085     -3.239864      5.787000 
    48.496227    -29.080196     -3.298960      6.002000 
    48.496238    -29.093307     -3.358055      5.808000 
    48.496250    -29.106420     -3.417151      5.438000 
    48.496262    -29.119535     -3.476245      5.432000 
    48.496273    -29.132650     -3.535340      5.581000 
    48.496285    -29.145767     -3.594434      5.216000 
    48.496296    -29.158884     -3.653528      5.182000 
    48.496308    -29.172005     -3.712622      5.415000 
    48.496319    -29.185123     -3.771715      5.224000 
    48.496331    -29.198244     -3.830808      4.976000 
    48.496343    -29.211367     -3.889900      5.199000 
    48.496354    -29.224491     -3.948992      4.988000 
    48.496366    -29.237616     -4.008084      5.038000 
    48.496377    -29.250740     -4.067176      5.112000 
    48.496389    -29.263868     -4.126267      5.751000 
    48.496424    -29.303259     -4.303538      5.597000 
    48.496435    -29.316391     -4.362628      7.377000 
    48.496447    -29.329525     -4.421718      8.409000 
    48.496470    -29.355797     -4.539895      7.186000 
    48.496481    -29.368935     -4.598984      6.309000 
    48.496493    -29.382074     -4.658072      6.604000 
    48.496505    -29.395216     -4.717159      6.985000 
    48.496516    -29.408358     -4.776246      6.425000 
    48.496528    -29.421503     -4.835333      6.233000 
    48.496539    -29.434649     -4.894420      6.583000 
    48.496551    -29.447796     -4.953506      7.077000 
    48.496563    -29.460943     -5.012591      6.973001 
    48.496574    -29.474094     -5.071676      7.226000 
    48.496586    -29.487246     -5.130761      6.893000 
    48.496597    -29.500400     -5.189846      6.866000 
    48.496609    -29.513556     -5.248930      7.241000 
    48.496620    -29.526712     -5.308013      7.398000 
    48.496632    -29.539870     -5.367097      6.032000 
    48.496655    -29.566193     -5.485262      6.778000 
    48.496667    -29.579355     -5.544344      7.419000 
    48.496690    -29.605688     -5.662507      7.084000 
    48.496701    -29.618858     -5.721587      8.380000 
    48.496713    -29.632029     -5.780668      7.660000 
    48.496725    -29.645200     -5.839748      6.165000 
    48.496736    -29.658377     -5.898827      7.298000 
    48.496748    -29.671553     -5.957906      7.151001 
    48.496759    -29.684730     -6.016985      7.668000 
    48.496771    -29.697910     -6.076063      7.757000 
    48.496782    -29.711094     -6.135140      7.436000 
    48.496794    -29.724277     -6.194218      7.272000 
    48.496806    -29.737463     -6.253294      7.392000 
    48.496817    -29.750650     -6.312371      6.804000 
    48.496829    -29.763842     -6.371446      7.017000 
    48.496840    -29.777033     -6.430522      6.637000 
    48.496852    -29.790228     -6.489597      6.986001 
    48.496863    -29.803423     -6.548671      6.897000 
    48.496875    -29.816622     -6.607745      6.892000 
    48.496887    -29.829823     -6.666819      7.310000 
    48.496898    -29.843025     -6.725892      6.831000 
    48.496910    -29.856230     -6.784964      6.793000 
    48.496921    -29.869436     -6.844036      6.753000 
    48.496933    -29.882645     -6.903108      6.649000 
    48.496944    -29.895857     -6.962179      6.781000 
    50.002049    -29.616838     -6.998064      7.266000 
    50.002060    -29.630050     -6.939002      7.800000 
    50.002072    -29.643260     -6.879940      7.454001 
    50.002083    -29.656466     -6.820877      7.585000 
    50.002095    -29.669670     -6.761814      7.732000 
    50.002106    -29.682873     -6.702750      7.982000 
    50.002118    -29.696074     -6.643686      7.975000 
    50.002130    -29.709272     -6.584621      8.000000 
    50.002141    -29.722467     -6.525556      7.875000 
    50.002153    -29.735662     -6.466490      7.552001 
    50.002164    -29.748854     -6.407424      7.579001 
    50.002176    -29.762045     -6.348358      8.008000 
    50.002188    -29.775232     -6.289291      8.019000 
    50.002199    -29.788420     -6.230223      7.859000 
    50.002211    -29.801603     -6.171155      7.984000 
    50.002222    -29.814785     -6.112087      8.061001 
    50.002234    -29.827965     -6.053018      7.536000 
    50.002245    -29.841143     -5.993948      7.571001 
    50.002257    -29.854319     -5.934879      7.562000 
    50.002269    -29.867495     -5.875808      7.597001 
    50.002280    -29.880667     -5.816738      7.772000 
    50.002292    -29.893837     -5.757667      7.691001 
    50.002303    -29.907005     -5.698595      7.561000 
    50.002315    -29.920174     -5.639523      7.658000 
    50.002326    -29.933338     -5.580451      7.351000 
    50.002338    -29.946503     -5.521378      7.384000 
    50.002350    -29.959663     -5.462305      7.407000 
    50.002361    -29.972822     -5.403231      7.442000 
    50.002373    -29.985983     -5.344157      7.040000 
    50.002384    -29.999138     -5.285082      7.125000 
    50.002396    -30.012293     -5.226008      6.216000 
    50.002407    -30.025448     -5.166932      6.295000 
    50.002419    -30.038597     -5.107857      5.664000 
    50.002431    -30.051748     -5.048780      5.685000 
    50.002442    -30.064898     -4.989704      5.544000 
    50.002454    -30.078045     -4.930627      5.143000 
    50.002465    -30.091188     -4.871550      5.714000 
    50.002488    -30.117476     -4.753394      5.477000 
    50.002500    -30.130615     -4.694316      4.732000 
    50.002512    -30.143755     -4.635237      4.648000 
    50.002523    -30.156893     -4.576158      4.347000 
    50.002535    -30.170029     -4.517078      4.457000 
    50.002546    -30.183165     -4.457998      4.223000 
    50.002558    -30.196299     -4.398918      4.587000 
    50.002569    -30.209430     -4.339837      4.442000 
    50.002581    -30.222560     -4.280756      4.431000 
    50.002593    -30.235690     -4.221675      4.591000 
    50.002604    -30.248817     -4.162593      4.871000 
    50.002616    -30.261946     -4.103511      4.784000 
    50.002627    -30.275070     -4.044428      5.003000 
    50.002639    -30.288195     -3.985345      5.135000 
    50.002650    -30.301317     -3.926262      4.939000 
    50.002662    -30.314440     -3.867179      4.867000 
    50.002674    -30.327560     -3.808095      5.099000 
    50.002685    -30.340680     -3.749011      5.022000 
    50.002697    -30.353798     -3.689926      4.671000 
    50.002708    -30.366915     -3.630842      4.896000 
    50.002720    -30.380032     -3.571756      4.985000 
    50.002743    -30.406260     -3.453585      4.552000 
    50.002755    -30.419373     -3.394499      3.579000 
    50.002766    -30.432484     -3.335413      3.516000 
    50.002778    -30.445595     -3.276326      2.291000 
    50.002789    -30.458704     -3.217239      2.173000 
    50.002801    -30.471811     -3.158151      2.313000 
    50.002812    -30.484920     -3.099064      2.272000 
    50.002824    -30.498026     -3.039976      2.411000 
    52.493657    -28.189354     -3.520333      6.042000 
    52.493669    -28.202470     -3.579427      5.702000 
    52.493681    -28.215588     -3.638521      5.698000 
    52.493692    -28.228706     -3.697614      5.542000 
    52.493715    -28.254948     -3.815800      5.749000 
    52.493727    -28.268068     -3.874893      5.569000 
    52.493738    -28.281193     -3.933985      5.757000 
    52.493750    -28.294315     -3.993077      5.357000 
    52.493762    -28.307442     -4.052168      5.474000 
    52.493785    -28.333696     -4.170350      5.512000 
    52.493796    -28.346827     -4.229440      5.622000 
    52.493808    -28.359959     -4.288530      5.746000 
    52.493819    -28.373090     -4.347620      5.614000 
    52.493831    -28.386223     -4.406709      5.669000 
    52.493843    -28.399359     -4.465798      5.714000 
    52.493854    -28.412495     -4.524887      6.188000 
    52.493866    -28.425632     -4.583975      6.168000 
    52.493877    -28.438772     -4.643063      6.441001 
    52.493889    -28.451914     -4.702150      6.866000 
    52.493900    -28.465055     -4.761237      7.353000 
    52.493912    -28.478197     -4.820324      7.252000 
    52.493924    -28.491344     -4.879410      7.487000 
    52.493935    -28.504490     -4.938496      7.632000 
    52.493947    -28.517640     -4.997582      7.581000 
    52.493958    -28.530788     -5.056667      7.901001 
    52.493970    -28.543940     -5.115751      8.063001 
    52.493981    -28.557093     -5.174836      8.124001 
    52.493993    -28.570248     -5.233920      8.066000 
    52.494005    -28.583405     -5.293003      8.176001 
    52.494016    -28.596561     -5.352086      7.936000 
    52.494028    -28.609722     -5.411169      7.610000 
    52.494039    -28.622885     -5.470251      7.977000 
    52.494051    -28.636047     -5.529333      8.204000 
    52.494062    -28.649212     -5.588415      7.840000 
    52.494074    -28.662378     -5.647496      7.809000 
    52.494086    -28.675547     -5.706576      7.558001 
    52.494097    -28.688719     -5.765657      7.705000 
    52.494109    -28.701890     -5.824736      7.599000 
    52.494120    -28.715063     -5.883816      7.871000 
    52.494132    -28.728240     -5.942895      7.765000 
    52.494144    -28.741419     -6.001973      7.366000 
    52.494155    -28.754597     -6.061051      7.487000 
    52.494167    -28.767778     -6.120129      7.282000 
    52.494178    -28.780962     -6.179206      7.375000 
    52.494190    -28.794147     -6.238282      7.555000 
    52.494201    -28.807337     -6.297359      7.394000 
    52.494213    -28.820524     -6.356434      7.864000 
    52.494225    -28.833717     -6.415510      7.990000 
    52.494236    -28.846910     -6.474584      7.774000 
    52.494248    -28.860106     -6.533659      8.337001 
    52.494259    -28.873304     -6.592733      8.386001 
    52.494271    -28.886503     -6.651806      7.763001 
    52.494282    -28.899706     -6.710879      7.953000 
    52.494294    -28.912910     -6.769951      7.941001 
    52.494306    -28.926117     -6.829023      7.777000 
    52.494317    -28.939323     -6.888095      8.449000 
    52.494329    -28.952536     -6.947166      8.057000 
    53.999595    -28.860619     -6.171711      5.635000 
    53.999606    -28.873800     -6.112642      5.490000 
    53.999618    -28.886980     -6.053573      5.027000 
    53.999630    -28.900160     -5.994503      5.085000 
    53.999641    -28.913336     -5.935433      4.894000 
    53.999664    -28.939684     -5.817292      5.007000 
    53.999676    -28.952854     -5.758221      4.950000 
    53.999687    -28.966024     -5.699149      5.141000 
    53.999699    -28.979190     -5.640077      5.109000 
    53.999711    -28.992355     -5.581004      5.131000 
    53.999722    -29.005520     -5.521931      5.260000 
    53.999734    -29.018682     -5.462858      5.360000 
    53.999745    -29.031841     -5.403784      5.435000 
    53.999780    -29.071312     -5.226560      5.613000 
    53.999803    -29.097618     -5.108408      5.308000 
    53.999826    -29.123917     -4.990255      5.618000 
    53.999838    -29.137064     -4.931178      5.672000 
    53.999850    -29.150210     -4.872101      5.836000 
    53.999873    -29.176495     -4.753945      5.798000 
    53.999896    -29.202776     -4.635787      5.387000 
    53.999907    -29.215914     -4.576707      4.808000 
    53.999919    -29.229050     -4.517628      4.630000 
    53.999931    -29.242186     -4.458547      4.590000 
    53.999942    -29.255320     -4.399467      4.093000 
    53.999954    -29.268452     -4.340386      3.969000 
    53.999965    -29.281584     -4.281305      3.651000 
    53.999988    -29.307840     -4.163141      3.264000 
    54.000000    -29.320969     -4.104059      3.035000 
    54.000012    -29.334093     -4.044976      3.091000 
    54.000023    -29.347218     -3.985893      3.079000 
    54.000035    -29.360340     -3.926810      2.867000 
    54.000046    -29.373463     -3.867726      2.989000 
    54.000058    -29.386583     -3.808642      3.125000 
    54.000069    -29.399702     -3.749557      2.931000 
    54.000081    -29.412820     -3.690473      2.860000 
    54.000093    -29.425940     -3.631388      2.567000 
    54.000116    -29.452170     -3.513217      2.306000 
    54.000162    -29.504620     -3.276871      3.398000 
    54.000185    -29.530836     -3.158696      3.488000 
    54.000208    -29.557053     -3.040520      3.242000 
    56.491701    -28.002005     -6.907834      8.031000 
    56.491713    -28.015215     -6.966904      8.214001 
    57.997060    -28.006662     -5.800622      7.249001 
    57.997072    -28.019830     -5.741550      7.850000 
    57.997083    -28.032997     -5.682477      6.852000 
    57.997095    -28.046164     -5.623404      6.838000 
    57.997106    -28.059326     -5.564331      6.911000 
    57.997118    -28.072489     -5.505257      6.850000 
    57.997130    -28.085650     -5.446183      6.528000 
    57.997141    -28.098808     -5.387108      6.637000 
    57.997153    -28.111965     -5.328033      6.330000 
    57.997164    -28.125120     -5.268957      6.635000 
    57.997176    -28.138273     -5.209881      6.251000 
    57.997188    -28.151424     -5.150805      6.039001 
    57.997199    -28.164576     -5.091728      6.311000 
    57.997211    -28.177725     -5.032651      6.046000 
    57.997222    -28.190870     -4.973574      5.908000 
    57.997234    -28.204018     -4.914496      6.370000 
    57.997245    -28.217160     -4.855418      6.498000 
    57.997257    -28.230303     -4.796339      6.048000 
    57.997269    -28.243444     -4.737260      6.083000 
    57.997280    -28.256582     -4.678180      5.996000 
    57.997292    -28.269720     -4.619101      5.343000 
    57.997303    -28.282858     -4.560020      5.651001 
    57.997315    -28.295992     -4.500940      5.299000 
    57.997326    -28.309126     -4.441859      5.368000 
    57.997338    -28.322258     -4.382778      5.246000 
    57.997350    -28.335388     -4.323696      5.448000 
    57.997361    -28.348518     -4.264614      5.234000 
    57.997373    -28.361647     -4.205531      5.208000 
    57.997384    -28.374773     -4.146449      5.516000 
    57.997396    -28.387897     -4.087366      5.397000 
    57.997407    -28.401022     -4.028282      5.599000 
    57.997419    -28.414145     -3.969198      5.411000 
    57.997431    -28.427267     -3.910114      5.612000 
    57.997442    -28.440388     -3.851030      5.350000 
    57.997454    -28.453506     -3.791945      5.714000 
    57.997465    -28.466625     -3.732860      5.551000 
    57.997477    -28.479740     -3.673774      5.778000 
    57.997488    -28.492857     -3.614688      5.604000 
    57.997500    -28.505972     -3.555602      5.622000 
    57.997512    -28.519085     -3.496516      5.695000 
    57.997523    -28.532198     -3.437429      5.809000 
    57.997535    -28.545310     -3.378342      5.808000 
    57.997546    -28.558418     -3.319254      5.846000 
    57.997558    -28.571527     -3.260167      5.950000 
    57.997569    -28.584637     -3.201078      5.751000 
    57.997581    -28.597744     -3.141990      5.868000 
    57.997593    -28.610850     -3.082901      5.490000 
    57.997604    -28.623955     -3.023812      5.671000 
   210.496238    -29.013410     -3.013587      6.376000 
   210.496250    -29.026516     -3.072679      6.720000 
   210.496262    -29.039623     -3.131770      6.744000 
   210.496273    -29.052732     -3.190862      6.536000 
   210.496285    -29.065842     -3.249952      5.887000 
   210.496296    -29.078950     -3.309043      6.214000 
   210.496308    -29.092064     -3.368133      5.998000 
   210.496319    -29.105175     -3.427223      5.701000 
   210.496331    -29.118288     -3.486312      5.761000 
   210.496343    -29.131403     -3.545402      5.696000 
   210.496354    -29.144518     -3.604491      6.172000 
   210.496366    -29.157635     -3.663579      6.146000 
   210.496377    -29.170753     -3.722667      6.084000 
   210.496389    -29.183872     -3.781755      6.298000 
   210.496400    -29.196993     -3.840843      6.209000 
   210.496412    -29.210114     -3.899930      6.346000 
   210.496424    -29.223236     -3.959017      7.248000 
   210.496435    -29.236360     -4.018104      6.877000 
   210.496447    -29.249485     -4.077190      7.392000 
   210.496458    -29.262611     -4.136276      6.626000 
   210.496470    -29.275740     -4.195361      7.093000 
   210.496481    -29.288870     -4.254447      7.081000 
   210.496493    -29.301998     -4.313531      7.150001 
   210.496505    -29.315130     -4.372616      7.062000 
   210.496516    -29.328264     -4.431700      6.862000 
   210.496528    -29.341398     -4.490784      6.490000 
   210.496539    -29.354534     -4.549867      6.479000 
   210.496551    -29.367670     -4.608950      6.730001 
   210.496563    -29.380810     -4.668033      6.726000 
   210.496574    -29.393951     -4.727115      6.182000 
   210.496586    -29.407091     -4.786197      6.192000 
   210.496597    -29.420237     -4.845278      6.162000 
   210.496609    -29.433380     -4.904360      5.932000 
   210.496620    -29.446527     -4.963440      5.886000 
   210.496632    -29.459675     -5.022521      5.455000 
   210.496644    -29.472824     -5.081601      6.331000 
   210.496655    -29.485975     -5.140680      5.971000 
   210.496667    -29.499128     -5.199759      6.381000 
   210.496678    -29.512281     -5.258838      6.538000 
   210.496690    -29.525438     -5.317916      6.769000 
   210.496701    -29.538595     -5.376994      5.941001 
   210.496713    -29.551756     -5.436072      6.719000 
   210.496725    -29.564917     -5.495149      6.879000 
   210.496736    -29.578080     -5.554226      6.522000 
   210.496748    -29.591244     -5.613302      6.658000 
   210.496759    -29.604410     -5.672378      6.722000 
   210.496771    -29.617579     -5.731453      6.850000 
   210.496782    -29.630749     -5.790528      6.424000 
   210.496794    -29.643920     -5.849603      6.801000 
   210.496806    -29.657095     -5.908677      6.686000 
   210.496817    -29.670270     -5.967750      6.251000 
   210.496829    -29.683449     -6.026824      6.110000 
   210.496840    -29.696627     -6.085896      5.988000 
   210.496852    -29.709808     -6.144969      6.219000 
   210.496863    -29.722992     -6.204041      6.236000 
   210.496875    -29.736177     -6.263112      5.745000 
   210.496887    -29.749365     -6.322183      6.028000 
   210.496898    -29.762554     -6.381254      6.175000 
   210.496910    -29.775745     -6.440324      6.417000 
   210.496921    -29.788939     -6.499393      6.589000 
   210.496933    -29.802134     -6.558462      6.177001 
   210.496944    -29.815332     -6.617531      6.522000 
   210.496956    -29.828531     -6.676599      6.225000 
   210.496968    -29.841734     -6.735667      6.123000 
   210.496979    -29.854937     -6.794734      6.356000 
   210.496991    -29.868143     -6.853801      6.065000 
   210.497002    -29.881351     -6.912867      6.480001 
   210.497014    -29.894562     -6.971933      6.466000 
   212.002130    -29.627363     -6.941090      6.063000 
   212.002141    -29.640574     -6.882023      6.551000 
   212.002153    -29.653782     -6.822955      6.623000 
   212.002164    -29.666986     -6.763887      6.218000 
   212.002176    -29.680190     -6.704818      6.140000 
   212.002188    -29.693392     -6.645749      6.527000 
   212.002199    -29.706590     -6.586680      6.172000 
   212.002211    -29.719788     -6.527609      6.459000 
   212.002222    -29.732980     -6.468539      6.328000 
   212.002234    -29.746174     -6.409468      6.337000 
   212.002245    -29.759365     -6.350396      6.137000 
   212.002257    -29.772554     -6.291324      6.087000 
   212.002269    -29.785740     -6.232252      6.048000 
   212.002280    -29.798925     -6.173179      6.278000 
   212.002292    -29.812107     -6.114106      6.396000 
   212.002303    -29.825289     -6.055032      6.203000 
   212.002315    -29.838467     -5.995958      6.592001 
   212.002326    -29.851645     -5.936883      6.116000 
   212.002338    -29.864820     -5.877808      6.060000 
   212.002350    -29.877993     -5.818732      6.023000 
   212.002361    -29.891165     -5.759656      6.430000 
   212.002373    -29.904333     -5.700580      6.363000 
   212.002384    -29.917501     -5.641503      6.195000 
   212.002396    -29.930668     -5.582425      6.277000 
   212.002407    -29.943832     -5.523348      6.160000 
   212.002419    -29.956993     -5.464269      5.977000 
   212.002431    -29.970156     -5.405191      6.104000 
   212.002442    -29.983315     -5.346112      5.965000 
   212.002454    -29.996471     -5.287032      5.806000 
   212.002465    -30.009626     -5.227952      5.912000 
   212.002477    -30.022781     -5.168872      5.815000 
   212.002488    -30.035933     -5.109792      6.241000 
   212.002500    -30.049084     -5.050711      6.350000 
   212.002512    -30.062233     -4.991629      6.707000 
   212.002523    -30.075380     -4.932547      6.659000 
   212.002535    -30.088526     -4.873465      6.653000 
   212.002546    -30.101671     -4.814382      7.064000 
   212.002558    -30.114815     -4.755299      7.191001 
   212.002569    -30.127954     -4.696216      6.895001 
   212.002581    -30.141094     -4.637132      6.541000 
   212.002593    -30.154234     -4.578048      7.011000 
   212.002604    -30.167372     -4.518963      6.686000 
   212.002616    -30.180506     -4.459879      6.653000 
   212.002627    -30.193640     -4.400793      6.444000 
   212.002639    -30.206774     -4.341708      6.673000 
   212.002650    -30.219906     -4.282622      6.986001 
   212.002662    -30.233034     -4.223535      6.665000 
   212.002674    -30.246164     -4.164449      6.760000 
   212.002685    -30.259290     -4.105361      6.871000 
   212.002697    -30.272417     -4.046274      6.671000 
   212.002708    -30.285542     -3.987186      6.166000 
   212.002720    -30.298666     -3.928098      6.390000 
   212.002731    -30.311789     -3.869010      6.546000 
   212.002743    -30.324910     -3.809921      6.125000 
   212.002755    -30.338030     -3.750832      5.953000 
   212.002766    -30.351149     -3.691742      5.971000 
   212.002778    -30.364265     -3.632652      6.248000 
   212.002789    -30.377382     -3.573562      6.232000 
   212.002801    -30.390497     -3.514472      6.492000 
   212.002812    -30.403612     -3.455381      6.474000 
   212.002824    -30.416725     -3.396290      6.660000 
   212.002836    -30.429838     -3.337199      7.173000 
   212.002847    -30.442950     -3.278107      6.951000 
   212.002859    -30.456059     -3.219015      7.459001 
   212.002870    -30.469168     -3.159923      7.294000 
   212.002882    -30.482277     -3.100830      6.915000 
   212.002894    -30.495384     -3.041737      7.251000 
   214.493634    -28.078917     -3.022113      7.511000 
   214.493646    -28.092024     -3.081204      7.359000 
   214.493657    -28.105131     -3.140296      7.505001 
   214.493669    -28.118240     -3.199387      7.676001 
   214.493681    -28.131350     -3.258477      7.923000 
   214.493692    -28.144460     -3.317567      8.043000 
   214.493704    -28.157572     -3.376657      7.813000 
   214.493715    -28.170685     -3.435747      7.542000 
   214.493727    -28.183800     -3.494836      8.076000 
   214.493738    -28.196915     -3.553925      7.430000 
   214.493750    -28.210032     -3.613014      7.382000 
   214.493762    -28.223148     -3.672103      7.240000 
   214.493773    -28.236267     -3.731191      7.557000 
   214.493785    -28.249386     -3.790278      7.293000 
   214.493796    -28.262506     -3.849366      7.512001 
   214.493808    -28.275629     -3.908453      7.474000 
   214.493819    -28.288752     -3.967540      7.337000 
   214.493831    -28.301876     -4.026626      7.183001 
   214.493843    -28.315002     -4.085712      7.257000 
   214.493854    -28.328130     -4.144798      7.063000 
   214.493866    -28.341257     -4.203883      7.628000 
   214.493877    -28.354387     -4.262968      7.703000 
   214.493889    -28.367520     -4.322053      6.999001 
   214.493900    -28.380651     -4.381137      7.293000 
   214.493912    -28.393785     -4.440221      7.351000 
   214.493924    -28.406920     -4.499305      7.364000 
   214.493935    -28.420057     -4.558388      7.148000 
   214.493947    -28.433195     -4.617471      7.572000 
   214.493958    -28.446335     -4.676553      7.905000 
   214.493970    -28.459475     -4.735635      7.405000 
   214.493981    -28.472616     -4.794717      7.442000 
   214.493993    -28.485762     -4.853798      7.295001 
   214.494005    -28.498907     -4.912879      7.561000 
   214.494016    -28.512054     -4.971960      8.024000 
   214.494028    -28.525202     -5.031040      7.362000 
   214.494039    -28.538353     -5.090120      7.446001 
   214.494051    -28.551504     -5.149199      7.563000 
   214.494062    -28.564657     -5.208278      7.335000 
   214.494074    -28.577812     -5.267357      7.451000 
   214.494086    -28.590970     -5.326435      7.430000 
   214.494097    -28.604128     -5.385513      7.055000 
   214.494109    -28.617289     -5.444590      7.203000 
   214.494120    -28.630450     -5.503667      6.905000 
   214.494132    -28.643614     -5.562743      6.851000 
   214.494144    -28.656778     -5.621819      6.781000 
   214.494155    -28.669947     -5.680895      7.256000 
   214.494167    -28.683115     -5.739970      7.279000 
   214.494178    -28.696285     -5.799045      7.179000 
   214.494190    -28.709457     -5.858120      7.480001 
   214.494201    -28.722633     -5.917194      7.714000 
   214.494213    -28.735810     -5.976267      7.473001 
   214.494225    -28.748987     -6.035340      7.862000 
   214.494236    -28.762169     -6.094413      7.974000 
   214.494248    -28.775350     -6.153485      7.576000 
   214.494259    -28.788534     -6.212557      7.545001 
   214.494271    -28.801720     -6.271628      7.575000 
   214.494282    -28.814907     -6.330699      7.862000 
   214.494294    -28.828098     -6.389769      7.825000 
   214.494306    -28.841290     -6.448839      7.659000 
   214.494317    -28.854485     -6.507908      7.941001 
   214.494329    -28.867680     -6.566977      7.992001 
   214.494340    -28.880878     -6.626046      8.020000 
   214.494352    -28.894080     -6.685114      8.059000 
   214.494363    -28.907282     -6.744181      7.773000 
   214.494375    -28.920486     -6.803248      8.077001 
   214.494387    -28.933693     -6.862315      7.944000 
   214.494398    -28.946901     -6.921381      8.348001 
   214.494410    -28.960114     -6.980447      8.143001 
   215.999514    -28.680680     -6.984573      8.224000 
   215.999525    -28.693892     -6.925507      8.480000 
   215.999537    -28.707102     -6.866439      8.281000 
   215.999549    -28.720310     -6.807371      7.906000 
   215.999560    -28.733517     -6.748303      8.032001 
   215.999572    -28.746720     -6.689234      7.871000 
   215.999583    -28.759920     -6.630165      8.280001 
   215.999595    -28.773119     -6.571095      8.228001 
   215.999606    -28.786316     -6.512025      8.177000 
   215.999618    -28.799511     -6.452954      8.281000 
   215.999630    -28.812704     -6.393883      8.431001 
   215.999641    -28.825895     -6.334812      8.343000 
   215.999653    -28.839085     -6.275740      8.440001 
   215.999664    -28.852270     -6.216667      8.569000 
   215.999676    -28.865456     -6.157594      8.733001 
   215.999687    -28.878640     -6.098521      8.332001 
   215.999699    -28.891820     -6.039447      8.864000 
   215.999711    -28.904999     -5.980372      8.521001 
   215.999722    -28.918177     -5.921297      8.523001 
   215.999734    -28.931350     -5.862222      8.607000 
   215.999745    -28.944525     -5.803147      8.314000 
   215.999757    -28.957697     -5.744070      8.754001 
   215.999769    -28.970865     -5.684994      8.587001 
   215.999780    -28.984034     -5.625917      8.679001 
   215.999792    -28.997200     -5.566840      8.711000 
   215.999803    -29.010365     -5.507762      8.665000 
   215.999815    -29.023527     -5.448683      8.565001 
   215.999826    -29.036688     -5.389605      8.494000 
   215.999838    -29.049847     -5.330526      8.626000 
   215.999850    -29.063005     -5.271446      8.691000 
   215.999861    -29.076160     -5.212366      8.224000 
   215.999873    -29.089315     -5.153286      8.506001 
   215.999884    -29.102467     -5.094205      8.180000 
   215.999896    -29.115618     -5.035124      8.233001 
   215.999907    -29.128769     -4.976043      8.116000 
   215.999919    -29.141914     -4.916961      8.183001 
   215.999931    -29.155062     -4.857878      8.677000 
   215.999942    -29.168205     -4.798796      8.442000 
   215.999954    -29.181350     -4.739713      8.835000 
   215.999965    -29.194490     -4.680629      8.860001 
   215.999977    -29.207632     -4.621545      9.147000 
   215.999988    -29.220770     -4.562461      9.153001 
   216.000000    -29.233908     -4.503377      8.903001 
   216.000012    -29.247044     -4.444292      9.063001 
   216.000023    -29.260178     -4.385206      9.048000 
   216.000035    -29.273312     -4.326121      8.897000 
   216.000046    -29.286444     -4.267035      8.713000 
   216.000058    -29.299574     -4.207948      8.105000 
   216.000069    -29.312702     -4.148861      8.092000 
   216.000081    -29.325830     -4.089774      8.426001 
   216.000093    -29.338957     -4.030687      7.998000 
   216.000104    -29.352081     -3.971599      7.804000 
   216.000116    -29.365206     -3.912511      8.061001 
   216.000127    -29.378328     -3.853422      8.021000 
   216.000139    -29.391450     -3.794333      7.613000 
   216.000150    -29.404572     -3.735244      7.486001 
   216.000162    -29.417690     -3.676155      7.658000 
   216.000174    -29.430807     -3.617065      7.636000 
   216.000185    -29.443926     -3.557975      7.532000 
   216.000197    -29.457040     -3.498884      7.388001 
   216.000208    -29.470156     -3.439794      7.340000 
   216.000220    -29.483269     -3.380702      7.819000 
   216.000231    -29.496382     -3.321611      7.550000 
   216.000243    -29.509495     -3.262519      7.715000 
   216.000255    -29.522604     -3.203427      7.672000 
   216.000266    -29.535713     -3.144335      7.244000 
   216.000278    -29.548822     -3.085242      7.261000 
   216.000289    -29.561930     -3.026149      7.750000 
   218.491782    -28.000687     -6.882111      7.033000 
   218.491794    -28.013897     -6.941177      7.070000 
   219.997141    -28.007100     -5.810246      6.536000 
   219.997153    -28.020271     -5.751170      6.630000 
   219.997164    -28.033442     -5.692093      6.400000 
   219.997176    -28.046610     -5.633016      6.405000 
   219.997188    -28.059774     -5.573939      6.430000 
   219.997199    -28.072939     -5.514861      6.608000 
   219.997211    -28.086102     -5.455783      6.903000 
   219.997222    -28.099262     -5.396704      7.171000 
   219.997234    -28.112421     -5.337625      7.789001 
   219.997245    -28.125580     -5.278546      7.582000 
   219.997257    -28.138735     -5.219466      7.520001 
   219.997269    -28.151890     -5.160385      7.394000 
   219.997280    -28.165041     -5.101305      7.443000 
   219.997292    -28.178192     -5.042224      6.804000 
   219.997303    -28.191341     -4.983142      7.036000 
   219.997315    -28.204489     -4.924060      6.140000 
   219.997326    -28.217634     -4.864978      6.377000 
   219.997338    -28.230780     -4.805895      6.239000 
   219.997350    -28.243923     -4.746812      5.697000 
   219.997361    -28.257065     -4.687729      5.460000 
   219.997373    -28.270205     -4.628645      5.220000 
   219.997384    -28.283342     -4.569561      5.055000 
   219.997396    -28.296480     -4.510476      5.159000 
   219.997407    -28.309616     -4.451391      5.005000 
   219.997419    -28.322750     -4.392306      5.047000 
   219.997431    -28.335882     -4.333220      4.598000 
   219.997442    -28.349014     -4.274134      4.674000 
   219.997454    -28.362144     -4.215048      4.649000 
   219.997465    -28.375275     -4.155961      4.795000 
   219.997477    -28.388401     -4.096874      5.009000 
   219.997488    -28.401527     -4.037787      5.136000 
   219.997500    -28.414654     -3.978699      5.386000 
   219.997512    -28.427776     -3.919611      5.209000 
   219.997523    -28.440899     -3.860522      5.159000 
   219.997535    -28.454021     -3.801433      5.287000 
   219.997546    -28.467140     -3.742344      5.235000 
   219.997558    -28.480260     -3.683255      5.208000 
   219.997569    -28.493378     -3.624165      5.412000 
   219.997581    -28.506495     -3.565075      5.139000 
   219.997593    -28.519610     -3.505984      5.088000 
   219.997604    -28.532724     -3.446894      5.222000 
   219.997616    -28.545837     -3.387803      4.952000 
   219.997627    -28.558950     -3.328711      5.181000 
   219.997639    -28.572062     -3.269620      4.877000 
   219.997650    -28.585173     -3.210528      5.274000 
   219.997662    -28.598282     -3.151435      4.963000 
   219.997674    -28.611390     -3.092343      4.991000 
   219.997685    -28.624496     -3.033250      4.911000 
   225.504016    -31.820889     -3.027456      7.522000 
   225.504028    -31.833994     -3.086549      7.739000 
   225.504039    -31.847100     -3.145641      7.663001 
   225.504051    -31.860205     -3.204733      7.661000 
   225.504062    -31.873314     -3.263825      7.712000 
   225.504074    -31.886421     -3.322916      7.382000 
   225.504086    -31.899532     -3.382007      7.739000 
   225.504097    -31.912643     -3.441098      7.634000 
   225.504109    -31.925755     -3.500188      7.254000 
   225.504120    -31.938868     -3.559278      7.282000 
   225.504132    -31.951982     -3.618368      7.520001 
   225.504144    -31.965097     -3.677458      7.696001 
   225.504155    -31.978214     -3.736547      7.435000 
   225.504167    -31.991331     -3.795636      7.091001 
   229.501412    -30.883596     -3.010559      8.677000 
   229.501424    -30.896704     -3.069652      8.664001 
   229.501435    -30.909810     -3.128745      8.715000 
   229.501447    -30.922916     -3.187838      8.597000 
   229.501458    -30.936026     -3.246930      8.397000 
   229.501470    -30.949135     -3.306021      8.503000 
   229.501481    -30.962246     -3.365113      8.408000 
   229.501493    -30.975355     -3.424204      8.384001 
   229.501505    -30.988468     -3.483295      8.503000 
   229.501516    -31.001581     -3.542385      8.474000 
   229.501528    -31.014696     -3.601476      8.220000 
   229.501539    -31.027813     -3.660566      8.274000 
   229.501551    -31.040930     -3.719655      8.242001 
   229.501563    -31.054049     -3.778744      8.748000 
   229.501574    -31.067167     -3.837833      8.017000 
   229.501586    -31.080288     -3.896922      8.169001 
   229.501597    -31.093410     -3.956010      8.320001 
   229.501609    -31.106531     -4.015098      7.918000 
   229.501620    -31.119658     -4.074186      8.184000 
   229.501632    -31.132782     -4.133273      8.309000 
   229.501644    -31.145908     -4.192360      8.676001 
   229.501655    -31.159037     -4.251446      8.403001 
   229.501667    -31.172167     -4.310533      8.525001 
   229.501678    -31.185299     -4.369619      8.843000 
   229.501690    -31.198430     -4.428704      8.174001 
   229.501701    -31.211563     -4.487789      8.330000 
   229.501713    -31.224697     -4.546874      8.280001 
   229.501725    -31.237835     -4.605958      8.107000 
   229.501736    -31.250973     -4.665042      7.965000 
   229.501748    -31.264112     -4.724126      8.030001 
   229.501759    -31.277252     -4.783209      8.366000 
   229.501771    -31.290396     -4.842292      8.557000 
   229.501782    -31.303540     -4.901375      8.961000 
   229.501794    -31.316685     -4.960457      8.833000 
   229.501806    -31.329832     -5.019539      9.231001 
   229.501817    -31.342980     -5.078620      9.546000 
   229.501829    -31.356130     -5.137701      9.361000 
   229.501840    -31.369282     -5.196781      9.375000 
   229.501852    -31.382437     -5.255862      9.351001 
   229.501863    -31.395592     -5.314941      9.307000 
   229.501875    -31.408749     -5.374021      9.215000 
   229.501887    -31.421906     -5.433100      9.399000 
   229.501898    -31.435066     -5.492178      9.372001 
   229.501910    -31.448229     -5.551256      9.146001 
   229.501921    -31.461391     -5.610334      9.330001 
   229.501933    -31.474558     -5.669411      9.213000 
   229.501944    -31.487724     -5.728488      9.340000 
   229.501956    -31.500895     -5.787564      9.306001 
   229.501968    -31.514065     -5.846640      9.352000 
   229.501979    -31.527239     -5.905716      9.351001 
   229.501991    -31.540413     -5.964791      9.778001 
   229.502002    -31.553589     -6.023866      9.369000 
   229.502014    -31.566769     -6.082940      9.409000 
   229.502025    -31.579948     -6.142014      9.561001 
   229.502037    -31.593130     -6.201087      9.738001 
   229.502049    -31.606316     -6.260160      9.789001 
   229.502060    -31.619501     -6.319233      9.777000 
   229.502072    -31.632690     -6.378305      9.948001 
   229.502083    -31.645880     -6.437376      9.694000 
   229.502095    -31.659073     -6.496447      9.762000 
   229.502106    -31.672268     -6.555518      9.810000 
   229.502118    -31.685465     -6.614588      9.813001 
   229.502130    -31.698664     -6.673658      9.814000 
   229.502141    -31.711864     -6.732727      9.692000 
   229.502153    -31.725067     -6.791795      9.310000 
   229.502164    -31.738272     -6.850864      9.514001 
   229.502176    -31.751478     -6.909931      9.131001 
   229.502188    -31.764688     -6.968999      9.533000 
   231.007303    -31.498217     -6.942749      8.809000 
   231.007315    -31.511427     -6.883682      8.760000 
   231.007326    -31.524633     -6.824615      8.842000 
   231.007338    -31.537836     -6.765547      8.993000 
   231.007350    -31.551040     -6.706479      8.722000 
   231.007361    -31.564240     -6.647410      8.839001 
   231.007373    -31.577438     -6.588341      8.877001 
   231.007384    -31.590633     -6.529272      8.706000 
   231.007396    -31.603828     -6.470201      8.830001 
   231.007407    -31.617020     -6.411131      9.069000 
   231.007419    -31.630210     -6.352060      9.041000 
   231.007431    -31.643398     -6.292989      9.117001 
   231.007442    -31.656584     -6.233917      9.351001 
   231.007454    -31.669767     -6.174844      9.568001 
   231.007465    -31.682950     -6.115771      9.841001 
   231.007477    -31.696129     -6.056698      9.304001 
   231.007488    -31.709307     -5.997624      9.035001 
   231.007500    -31.722485     -5.938550      9.177000 
   231.007512    -31.735659     -5.879476      8.872001 
   231.007523    -31.748830     -5.820401      9.333000 
   231.007535    -31.762001     -5.761325      9.047001 
   231.007546    -31.775170     -5.702249      9.142000 
   231.007558    -31.788336     -5.643173      9.245001 
   231.007569    -31.801500     -5.584096      9.281000 
   231.007581    -31.814665     -5.525019      9.099000 
   231.007593    -31.827826     -5.465941      9.434000 
   231.007604    -31.840986     -5.406863      9.351001 
   231.007616    -31.854143     -5.347785      9.037001 
   231.007627    -31.867302     -5.288706      9.475000 
   231.007639    -31.880455     -5.229627      9.012000 
   231.007650    -31.893608     -5.170547      8.878000 
   231.007662    -31.906760     -5.111467      9.172001 
   231.007674    -31.919910     -5.052387      8.935000 
   231.007685    -31.933058     -4.993306      9.439000 
   231.007697    -31.946205     -4.934225      9.460000 
   231.007708    -31.959350     -4.875143      9.764001 
   231.007720    -31.972492     -4.816061      9.608001 
   231.007731    -31.985636     -4.756979     10.076000 
   231.007743    -31.998775     -4.697896      9.847000 
   233.498808    -29.947470     -3.006673      9.298000 
   233.498819    -29.960573     -3.065766      9.760000 
   233.498831    -29.973680     -3.124859      9.740001 
   233.498843    -29.986788     -3.183952      9.523001 
   233.498854    -29.999895     -3.243045      9.726001 
   233.498866    -30.013004     -3.302137      9.549001 
   233.498877    -30.026115     -3.361229      9.202001 
   233.498889    -30.039227     -3.420321      9.267000 
   233.498900    -30.052340     -3.479412      9.480000 
   233.498912    -30.065453     -3.538503      9.556001 
   233.498924    -30.078568     -3.597594      9.057000 
   233.498935    -30.091682     -3.656684      9.119000 
   233.498947    -30.104800     -3.715774      9.209001 
   233.498958    -30.117918     -3.774864      9.559000 
   233.498970    -30.131039     -3.833954      9.760000 
   233.498981    -30.144157     -3.893043      9.369000 
   233.498993    -30.157280     -3.952131      9.625000 
   233.499005    -30.170403     -4.011220      9.587001 
   233.499016    -30.183527     -4.070308      9.728001 
   233.499028    -30.196651     -4.129396      9.622001 
   233.499039    -30.209780     -4.188483      9.901000 
   233.499051    -30.222906     -4.247570     10.097000 
   233.499062    -30.236036     -4.306657     10.060000 
   233.499074    -30.249166     -4.365743     10.254001 
   233.499086    -30.262299     -4.424829     10.035001 
   233.499097    -30.275433     -4.483915     10.162001 
   233.499109    -30.288568     -4.543000     10.542001 
   233.499120    -30.301704     -4.602085     10.216001 
   233.499132    -30.314842     -4.661170     10.191001 
   233.499144    -30.327982     -4.720254      9.909000 
   233.499155    -30.341122     -4.779338     10.513001 
   233.499167    -30.354263     -4.838421     10.400001 
   233.499178    -30.367409     -4.897504     10.207001 
   233.499190    -30.380552     -4.956587     10.560000 
   233.499201    -30.393700     -5.015669     10.483001 
   233.499213    -30.406849     -5.074751     10.259001 
   233.499225    -30.419998     -5.133832     10.405001 
   233.499236    -30.433151     -5.192913     10.081000 
   233.499248    -30.446304     -5.251994     10.326000 
   233.499259    -30.459460     -5.311074     10.189000 
   233.499271    -30.472616     -5.370154      9.697000 
   233.499282    -30.485773     -5.429233      9.918000 
   233.499294    -30.498934     -5.488313     10.216001 
   233.499306    -30.512096     -5.547391      9.849001 
   233.499317    -30.525260     -5.606469     10.059000 
   233.499329    -30.538425     -5.665547      9.645000 
   233.499340    -30.551592     -5.724625      9.596001 
   233.499352    -30.564760     -5.783701      9.091001 
   233.499363    -30.577932     -5.842778      9.331000 
   233.499375    -30.591105     -5.901854      8.823000 
   233.499387    -30.604279     -5.960930      9.208000 
   233.499398    -30.617456     -6.020005      8.900001 
   233.499410    -30.630634     -6.079080      9.007000 
   233.499421    -30.643814     -6.138154      8.950001 
   233.499433    -30.656998     -6.197228      8.962001 
   233.499444    -30.670181     -6.256301      9.384001 
   233.499456    -30.683367     -6.315374      9.529000 
   233.499468    -30.696556     -6.374447      9.461000 
   233.499479    -30.709745     -6.433519      9.543000 
   233.499491    -30.722939     -6.492590      9.332001 
   233.499502    -30.736134     -6.551662      8.878000 
   233.499514    -30.749329     -6.610732      8.841001 
   233.499525    -30.762527     -6.669802      8.646001 
   233.499537    -30.775728     -6.728872      8.602000 
   233.499549    -30.788930     -6.787941      8.567000 
   233.499560    -30.802137     -6.847010      8.640000 
   233.499572    -30.815344     -6.906078      8.426001 
   233.499583    -30.828552     -6.965146      8.836000 
   235.004687    -30.549704     -6.999341      9.645000 
   235.004699    -30.562914     -6.940275      9.481001 
   235.004711    -30.576122     -6.881209      9.666000 
   235.004722    -30.589327     -6.822142      9.651000 
   235.004734    -30.602531     -6.763074      9.658000 
   235.004745    -30.615732     -6.704007     10.048000 
   235.004757    -30.628933     -6.644938      9.697000 
   235.004769    -30.642130     -6.585869      9.845000 
   235.004780    -30.655325     -6.526800      9.394000 
   235.004792    -30.668516     -6.467730      9.657001 
   235.004803    -30.681707     -6.408660      9.282001 
   235.004815    -30.694897     -6.349590      9.763001 
   235.004826    -30.708082     -6.290518      9.399000 
   235.004838    -30.721268     -6.231447      9.403001 
   235.004850    -30.734451     -6.172375      9.359000 
   235.004861    -30.747631     -6.113302      9.289001 
   235.004873    -30.760810     -6.054229      9.128000 
   235.004884    -30.773987     -5.995156      9.062000 
   235.004896    -30.787163     -5.936082      8.922001 
   235.004907    -30.800337     -5.877008      8.771001 
   235.004919    -30.813507     -5.817933      9.041000 
   235.004931    -30.826675     -5.758858      8.799001 
   235.004942    -30.839844     -5.699782      9.315001 
   235.004954    -30.853010     -5.640706      9.499001 
   235.004965    -30.866175     -5.581630      9.080001 
   235.004977    -30.879335     -5.522553      9.267000 
   235.004988    -30.892496     -5.463476      9.093000 
   235.005000    -30.905655     -5.404398      9.310000 
   235.005012    -30.918814     -5.345320      8.836000 
   235.005023    -30.931969     -5.286241      8.934000 
   235.005035    -30.945122     -5.227163      8.972000 
   235.005046    -30.958275     -5.168083      8.828000 
   235.005058    -30.971424     -5.109003      8.914001 
   235.005069    -30.984573     -5.049923      8.876000 
   235.005081    -30.997720     -4.990843      8.743000 
   235.005093    -31.010866     -4.931762      8.932000 
   235.005104    -31.024010     -4.872681      8.634001 
   235.005116    -31.037151     -4.813599      8.653001 
   235.005127    -31.050293     -4.754517      8.503000 
   235.005139    -31.063433     -4.695434      8.526000 
   235.005150    -31.076570     -4.636352      8.330000 
   235.005162    -31.089706     -4.577268      8.816000 
   235.005174    -31.102842     -4.518185      8.932000 
   235.005185    -31.115976     -4.459101      9.030001 
   235.005197    -31.129108     -4.400017      9.202001 
   235.005208    -31.142240     -4.340932      9.146001 
   235.005220    -31.155369     -4.281847      9.122001 
   235.005231    -31.168497     -4.222761      9.142000 
   235.005243    -31.181623     -4.163676      8.950001 
   235.005255    -31.194750     -4.104590      8.738001 
   235.005266    -31.207874     -4.045503      9.115001 
   235.005278    -31.220997     -3.986416      9.235001 
   235.005289    -31.234120     -3.927329      9.157001 
   235.005301    -31.247238     -3.868242      9.733001 
   235.005313    -31.260359     -3.809154      9.925000 
   235.005324    -31.273478     -3.750066      9.690001 
   235.005336    -31.286594     -3.690977      9.714001 
   235.005347    -31.299710     -3.631889      9.798000 
   235.005359    -31.312824     -3.572799      9.659000 
   235.005370    -31.325937     -3.513710      9.939000 
   235.005382    -31.339050     -3.454620      9.672001 
   235.005394    -31.352161     -3.395530      9.624001 
   235.005405    -31.365273     -3.336440      9.751000 
   235.005417    -31.378382     -3.277349      9.569000 
   235.005428    -31.391489     -3.218258      9.563001 
   235.005440    -31.404596     -3.159167      9.422001 
   235.005451    -31.417704     -3.100075      9.588000 
   235.005463    -31.430807     -3.040983      9.508000 
   237.496204    -29.013640     -3.018443      9.311001 
   237.496215    -29.026743     -3.077537      9.154000 
   237.496227    -29.039848     -3.136631      9.063001 
   237.496238    -29.052954     -3.195725      9.044001 
   237.496250    -29.066061     -3.254818      9.169001 
   237.496262    -29.079168     -3.313911      8.671000 
   237.496273    -29.092278     -3.373004      8.624001 
   237.496285    -29.105389     -3.432096      8.784000 
   237.496296    -29.118500     -3.491188      8.165000 
   237.496308    -29.131610     -3.550280      8.375000 
   237.496319    -29.144724     -3.609371      8.831000 
   237.496331    -29.157839     -3.668463      8.275001 
   237.496343    -29.170954     -3.727553      8.067000 
   237.496354    -29.184070     -3.786644      7.960000 
   237.496366    -29.197190     -3.845734      8.073000 
   237.496377    -29.210308     -3.904824      7.895001 
   237.496389    -29.223429     -3.963913      7.767000 
   237.496400    -29.236550     -4.023003      8.034000 
   237.496412    -29.249674     -4.082091      8.062000 
   237.496424    -29.262796     -4.141180      7.845000 
   237.496435    -29.275923     -4.200268      8.284000 
   237.496447    -29.289050     -4.259356      7.984000 
   237.496458    -29.302177     -4.318443      8.184000 
   237.496470    -29.315308     -4.377530      7.864000 
   237.496481    -29.328438     -4.436617      8.371000 
   237.496493    -29.341570     -4.495703      8.206000 
   237.496505    -29.354704     -4.554789      8.468000 
   237.496516    -29.367840     -4.613875      8.063001 
   237.496528    -29.380976     -4.672960      8.186001 
   237.496539    -29.394114     -4.732045      8.214001 
   237.496551    -29.407253     -4.791130      8.420000 
   237.496563    -29.420395     -4.850214      8.218000 
   237.496574    -29.433537     -4.909297      8.332001 
   237.496586    -29.446680     -4.968381      7.952000 
   237.496597    -29.459826     -5.027464      8.174001 
   237.496609    -29.472973     -5.086546      8.160001 
   237.496620    -29.486122     -5.145629      8.146001 
   237.496632    -29.499273     -5.204710      8.293000 
   237.496644    -29.512424     -5.263792      8.354000 
   237.496655    -29.525580     -5.322873      8.391001 
   237.496667    -29.538734     -5.381953      8.114000 
   237.496678    -29.551891     -5.441034      8.106000 
   237.496690    -29.565050     -5.500113      8.248000 
   237.496701    -29.578210     -5.559193      8.174001 
   237.496713    -29.591373     -5.618272      8.048000 
   237.496725    -29.604538     -5.677350      8.239000 
   237.496736    -29.617704     -5.736428      8.075001 
   237.496748    -29.630870     -5.795506      8.234000 
   237.496759    -29.644041     -5.854583      8.384001 
   237.496771    -29.657213     -5.913660      8.305000 
   237.496782    -29.670385     -5.972736      8.408000 
   237.496794    -29.683561     -6.031812      8.345000 
   237.496806    -29.696737     -6.090888      8.448000 
   237.496817    -29.709917     -6.149963      8.419001 
   237.496829    -29.723099     -6.209037      8.196000 
   237.496840    -29.736282     -6.268111      8.009001 
   237.496852    -29.749468     -6.327185      8.183001 
   237.496863    -29.762653     -6.386258      8.132000 
   237.496875    -29.775843     -6.445331      7.952000 
   237.496887    -29.789034     -6.504403      7.394000 
   237.496898    -29.802229     -6.563475      8.234000 
   237.496910    -29.815422     -6.622547      7.705000 
   237.496921    -29.828620     -6.681618      7.703000 
   237.496933    -29.841820     -6.740688      7.938000 
   237.496944    -29.855022     -6.799758      8.112000 
   237.496956    -29.868225     -6.858827      7.386000 
   237.496968    -29.881432     -6.917896      8.078000 
   237.496979    -29.894640     -6.976965      7.941001 
   239.002083    -29.617756     -6.980003      8.324000 
   239.002095    -29.630962     -6.920937      8.468000 
   239.002106    -29.644169     -6.861871      8.402000 
   239.002118    -29.657372     -6.802804      8.693001 
   239.002130    -29.670572     -6.743737      8.565001 
   239.002141    -29.683771     -6.684669      8.980000 
   239.002153    -29.696968     -6.625601      8.541000 
   239.002164    -29.710163     -6.566532      8.767000 
   239.002176    -29.723356     -6.507463      8.239000 
   239.002188    -29.736547     -6.448394      8.577001 
   239.002199    -29.749735     -6.389324      8.584001 
   239.002211    -29.762922     -6.330253      8.006001 
   239.002222    -29.776106     -6.271182      8.294001 
   239.002234    -29.789290     -6.212111      8.338000 
   239.002245    -29.802470     -6.153039      7.756000 
   239.002257    -29.815647     -6.093966      7.940001 
   239.002269    -29.828823     -6.034894      8.276000 
   239.002280    -29.842000     -5.975820      7.613000 
   239.002292    -29.855171     -5.916747      7.919000 
   239.002303    -29.868343     -5.857673      7.944000 
   239.002315    -29.881512     -5.798598      8.271001 
   239.002326    -29.894678     -5.739523      8.087001 
   239.002338    -29.907845     -5.680448      8.225000 
   239.002350    -29.921007     -5.621372      8.256001 
   239.002361    -29.934170     -5.562295      8.272000 
   239.002373    -29.947330     -5.503219      8.337001 
   239.002384    -29.960490     -5.444142      8.222000 
   239.002396    -29.973644     -5.385064      8.244000 
   239.002407    -29.986800     -5.325986      8.135000 
   239.002419    -29.999952     -5.266908      8.303000 
   239.002431    -30.013105     -5.207829      8.100000 
   239.002442    -30.026255     -5.148750      8.257000 
   239.002454    -30.039404     -5.089671      8.147000 
   239.002465    -30.052550     -5.030591      8.202001 
   239.002477    -30.065695     -4.971510      8.682000 
   239.002488    -30.078838     -4.912430      8.390000 
   239.002500    -30.091980     -4.853348      8.695001 
   239.002512    -30.105122     -4.794267      8.402000 
   239.002523    -30.118260     -4.735185      8.468000 
   239.002535    -30.131397     -4.676103      8.343000 
   239.002546    -30.144533     -4.617020      8.443001 
   239.002558    -30.157667     -4.557937      8.362000 
   239.002569    -30.170800     -4.498854      8.288000 
   239.002581    -30.183931     -4.439770      8.273001 
   239.002593    -30.197062     -4.380686      8.048000 
   239.002604    -30.210192     -4.321601      8.576000 
   239.002616    -30.223318     -4.262517      8.664001 
   239.002627    -30.236444     -4.203431      8.730000 
   239.002639    -30.249570     -4.144346      8.461000 
   239.002650    -30.262693     -4.085260      8.633000 
   239.002662    -30.275814     -4.026174      8.804001 
   239.002674    -30.288937     -3.967087      9.040000 
   239.002685    -30.302055     -3.908000      8.655001 
   239.002697    -30.315174     -3.848913      8.509001 
   239.002708    -30.328293     -3.789826      8.663000 
   239.002720    -30.341408     -3.730738      8.596001 
   239.002731    -30.354523     -3.671649      8.618000 
   239.002743    -30.367638     -3.612561      8.487000 
   239.002755    -30.380749     -3.553472      8.710000 
   239.002766    -30.393862     -3.494383      8.629001 
   239.002778    -30.406971     -3.435293      8.365001 
   239.002789    -30.420080     -3.376203      8.792001 
   239.002801    -30.433190     -3.317113      8.568001 
   239.002812    -30.446297     -3.258023      8.752001 
   239.002824    -30.459402     -3.198932      8.455001 
   239.002836    -30.472507     -3.139841      8.523001 
   239.002847    -30.485613     -3.080750      8.013001 
   239.002859    -30.498716     -3.021658      8.462001 
   241.493600    -28.084335     -3.051744      7.123000 
   241.493611    -28.097439     -3.110839      7.324000 
   241.493623    -28.110544     -3.169934      6.752000 
   241.493634    -28.123650     -3.229028      7.697000 
   241.493646    -28.136757     -3.288122      7.215000 
   241.493657    -28.149864     -3.347215      7.287000 
   241.493669    -28.162973     -3.406308      7.421000 
   241.493681    -28.176085     -3.465401      7.566001 
   241.493692    -28.189196     -3.524494      7.445000 
   241.493704    -28.202307     -3.583586      7.640000 
   241.493715    -28.215420     -3.642678      7.455000 
   241.493727    -28.228535     -3.701770      7.438000 
   241.493738    -28.241652     -3.760861      7.206000 
   241.493750    -28.254766     -3.819952      7.253000 
   241.493762    -28.267885     -3.879043      7.231000 
   241.493773    -28.281006     -3.938133      7.280000 
   241.493785    -28.294125     -3.997223      7.044000 
   241.493796    -28.307247     -4.056313      7.357000 
   241.493808    -28.320370     -4.115402      7.520001 
   241.493819    -28.333494     -4.174491      7.469000 
   241.493831    -28.346620     -4.233579      7.674000 
   241.493843    -28.359747     -4.292668      7.684000 
   241.493854    -28.372875     -4.351756      7.545001 
   241.493866    -28.386003     -4.410843      8.118000 
   241.493877    -28.399136     -4.469930      7.606000 
   241.493889    -28.412268     -4.529017      7.457000 
   241.493900    -28.425402     -4.588104      7.588000 
   241.493912    -28.438538     -4.647190      7.602000 
   241.493924    -28.451674     -4.706275      7.265000 
   241.493935    -28.464811     -4.765361      7.673000 
   241.493947    -28.477951     -4.824446      7.404000 
   241.493958    -28.491093     -4.883530      7.539001 
   241.493970    -28.504236     -4.942615      7.589000 
   241.493981    -28.517380     -5.001698      7.264000 
   241.493993    -28.530525     -5.060782      7.000000 
   241.494005    -28.543674     -5.119865      7.384000 
   241.494016    -28.556824     -5.178948      7.478000 
   241.494028    -28.569975     -5.238030      7.078000 
   241.494039    -28.583126     -5.297112      7.439000 
   241.494051    -28.596280     -5.356193      7.571001 
   241.494062    -28.609436     -5.415274      7.273000 
   241.494074    -28.622595     -5.474355      7.145001 
   241.494086    -28.635754     -5.533435      7.270001 
   241.494097    -28.648914     -5.592515      7.404000 
   241.494109    -28.662077     -5.651594      7.609000 
   241.494120    -28.675241     -5.710673      7.510000 
   241.494132    -28.688408     -5.769752      7.899000 
   241.494144    -28.701576     -5.828830      7.418000 
   241.494155    -28.714746     -5.887907      7.285000 
   241.494167    -28.727919     -5.946985      7.227000 
   241.494178    -28.741093     -6.006061      7.594000 
   241.494190    -28.754269     -6.065138      7.570000 
   241.494201    -28.767447     -6.124214      7.503000 
   241.494213    -28.780624     -6.183289      7.929000 
   241.494225    -28.793806     -6.242364      8.155001 
   241.494236    -28.806992     -6.301439      8.147000 
   241.494248    -28.820175     -6.360513      8.389000 
   241.494259    -28.833364     -6.419587      8.407001 
   241.494271    -28.846554     -6.478660      8.358001 
   241.494282    -28.859745     -6.537733      8.279000 
   241.494294    -28.872938     -6.596805      8.000000 
   241.494306    -28.886135     -6.655877      8.336000 
   241.494317    -28.899332     -6.714948      8.576000 
   241.494329    -28.912533     -6.774019      8.230000 
   241.494340    -28.925735     -6.833089      8.116000 
   241.494352    -28.938940     -6.892159      7.887001 
   241.494363    -28.952147     -6.951228      8.569000 
   242.999468    -28.677170     -6.995677      6.753000 
   242.999479    -28.690378     -6.936612      6.475000 
   242.999491    -28.703585     -6.877546      6.755000 
   242.999502    -28.716787     -6.818480      6.572000 
   242.999514    -28.729990     -6.759413      6.532000 
   242.999525    -28.743189     -6.700346      6.464000 
   242.999537    -28.756386     -6.641279      6.637000 
   242.999549    -28.769583     -6.582211      6.123000 
   242.999560    -28.782776     -6.523142      6.300000 
   242.999572    -28.795965     -6.464073      6.975000 
   242.999583    -28.809155     -6.405004      6.994000 
   242.999595    -28.822342     -6.345934      6.593000 
   242.999606    -28.835526     -6.286864      6.607000 
   242.999618    -28.848710     -6.227793      6.782000 
   242.999630    -28.861890     -6.168722      7.003000 
   242.999641    -28.875069     -6.109650      6.769000 
   242.999653    -28.888247     -6.050578      6.759000 
   242.999664    -28.901420     -5.991505      6.573000 
   242.999676    -28.914595     -5.932432      6.863000 
   242.999687    -28.927765     -5.873359      6.826000 
   242.999699    -28.940935     -5.814285      6.962000 
   242.999711    -28.954102     -5.755210      6.897000 
   242.999722    -28.967268     -5.696136      6.861001 
   242.999734    -28.980433     -5.637060      7.211000 
   242.999745    -28.993593     -5.577985      6.862000 
   242.999757    -29.006756     -5.518909      7.295001 
   242.999769    -29.019913     -5.459832      7.191001 
   242.999780    -29.033070     -5.400755      6.984000 
   242.999792    -29.046225     -5.341678      6.644000 
   242.999803    -29.059380     -5.282600      7.063000 
   242.999815    -29.072530     -5.223522      7.208000 
   242.999826    -29.085682     -5.164444      7.007000 
   242.999838    -29.098830     -5.105365      6.807000 
   242.999850    -29.111977     -5.046286      6.969000 
   242.999861    -29.125120     -4.987206      7.003000 
   242.999873    -29.138266     -4.928126      7.223001 
   242.999884    -29.151407     -4.869045      7.616000 
   242.999896    -29.164549     -4.809964      7.403000 
   242.999907    -29.177687     -4.750883      7.238000 
   242.999919    -29.190825     -4.691801      7.622000 
   242.999931    -29.203960     -4.632719      7.355001 
   242.999942    -29.217096     -4.573637      7.362000 
   242.999954    -29.230228     -4.514554      7.378000 
   242.999965    -29.243360     -4.455471      7.808001 
   242.999977    -29.256490     -4.396388      7.737000 
   242.999988    -29.269620     -4.337304      7.825000 
   243.000000    -29.282747     -4.278220      8.151000 
   243.000012    -29.295874     -4.219135      7.919000 
   243.000023    -29.308998     -4.160050      7.914001 
   243.000035    -29.322123     -4.100965      8.174001 
   243.000046    -29.335245     -4.041879      8.066000 
   243.000058    -29.348368     -3.982793      8.123000 
   243.000069    -29.361486     -3.923707      8.107000 
   243.000081    -29.374605     -3.864620      8.167001 
   243.000093    -29.387724     -3.805534      8.047000 
   243.000104    -29.400839     -3.746446      7.887001 
   243.000116    -29.413954     -3.687359      7.836000 
   243.000127    -29.427069     -3.628271      7.901001 
   243.000139    -29.440182     -3.569182      8.328000 
   243.000150    -29.453293     -3.510094      8.356000 
   243.000162    -29.466402     -3.451005      8.006001 
   243.000174    -29.479511     -3.391916      8.221001 
   243.000185    -29.492620     -3.332826      8.468000 
   243.000197    -29.505728     -3.273736      8.669001 
   243.000208    -29.518835     -3.214646      8.417001 
   243.000220    -29.531940     -3.155556      8.499001 
   243.000231    -29.545044     -3.096465      8.373000 
   243.000243    -29.558147     -3.037374      8.271001 
