    29.864456    -35.831010     -5.014000           NaN 
    29.864468    -35.842976     -4.949000           NaN 
    29.864479    -35.855007     -4.886000           NaN 
    29.864491    -35.868990     -4.822000           NaN 
    29.864502    -35.881023     -4.757000           NaN 
    29.864514    -35.894016     -4.694000           NaN 
    29.864525    -35.904990     -4.631000           NaN 
    29.864537    -35.917984     -4.566000           NaN 
    29.864549    -35.931007     -4.502000           NaN 
    29.864560    -35.944000     -4.439000           NaN 
    29.864572    -35.956000     -4.375000           NaN 
    29.864583    -35.967007     -4.311000           NaN 
    29.864595    -35.980000     -4.248000           NaN 
    29.864606    -35.993023     -4.184000           NaN 
    29.864618    -36.004993     -4.126000           NaN 
    29.864630    -36.015007     -4.068999           NaN 
    29.864641    -36.028000     -4.006000           NaN 
    29.864653    -36.041023     -3.941000           NaN 
    29.864664    -36.052000     -3.878000           NaN 
    29.864676    -36.064990     -3.813000           NaN 
    29.864688    -36.076992     -3.750000           NaN 
    29.864699    -36.091007     -3.687000           NaN 
    29.864711    -36.103010     -3.622000           NaN 
    29.864722    -36.116000     -3.559000           NaN 
    29.864734    -36.127007     -3.494000           NaN 
    29.864745    -36.139008     -3.431000           NaN 
    29.864757    -36.153023     -3.368000           NaN 
    29.864769    -36.164993     -3.303000           NaN 
    29.864780    -36.176990     -3.240000           NaN 
    29.864792    -36.188990     -3.175000           NaN 
    29.864803    -36.200993     -3.119000           NaN 
    29.864815    -36.213024     -3.062000           NaN 
    30.360741    -35.540000     -3.053000           NaN 
    30.360752    -35.552000     -3.116000           NaN 
    30.360764    -35.564000     -3.179000           NaN 
    30.360775    -35.576992     -3.243000           NaN 
    30.360787    -35.589985     -3.306000           NaN 
    30.360799    -35.601982     -3.369000           NaN 
    30.360810    -35.612990     -3.432000           NaN 
    30.360822    -35.626015     -3.495000           NaN 
    30.360833    -35.639008     -3.560000           NaN 
    30.360845    -35.651010     -3.622000           NaN 
    30.360856    -35.663010     -3.685000           NaN 
    30.360868    -35.674976     -3.750000           NaN 
    30.360880    -35.688000     -3.813000           NaN 
    30.360891    -35.700993     -3.875000           NaN 
    30.360903    -35.713024     -3.939000           NaN 
    30.360914    -35.724990     -4.001999           NaN 
    30.360926    -35.736990     -4.066000           NaN 
    30.360938    -35.749985     -4.130000           NaN 
    30.360949    -35.763010     -4.192000           NaN 
    30.360961    -35.773983     -4.256000           NaN 
    30.360972    -35.786976     -4.319000           NaN 
    30.360984    -35.799007     -4.382000           NaN 
    30.360995    -35.812000     -4.446000           NaN 
    30.361007    -35.825024     -4.508000           NaN 
    30.361019    -35.836000     -4.573000           NaN 
    30.361030    -35.848000     -4.636000           NaN 
    30.361042    -35.861984     -4.698000           NaN 
    30.361053    -35.873985     -4.763000           NaN 
    30.361065    -35.887010     -4.825000           NaN 
    30.361076    -35.898018     -4.889000           NaN 
    30.361088    -35.910015     -4.953000           NaN 
    30.361100    -35.924000     -5.015000           NaN 
    36.857986    -33.344994     -6.968000           NaN 
    36.857998    -33.356990     -6.904000           NaN 
    36.858009    -33.369984     -6.841000           NaN 
    36.858021    -33.381985     -6.777000           NaN 
    36.858032    -33.396000     -6.712000           NaN 
    36.858044    -33.408000     -6.648000           NaN 
    36.858056    -33.419968     -6.585000           NaN 
    36.858067    -33.432000     -6.520000           NaN 
    36.858079    -33.444992     -6.456000           NaN 
    36.858090    -33.458015     -6.393000           NaN 
    36.858102    -33.471010     -6.329000           NaN 
    36.858113    -33.480990     -6.271000           NaN 
    36.858125    -33.493984     -6.215000           NaN 
    36.858137    -33.506016     -6.151000           NaN 
    36.858148    -33.519010     -6.086000           NaN 
    36.858160    -33.529984     -6.022000           NaN 
    36.858171    -33.543007     -5.959000           NaN 
    36.858183    -33.556000     -5.895000           NaN 
    36.858194    -33.568993     -5.830000           NaN 
    36.858206    -33.580994     -5.766000           NaN 
    36.858218    -33.592990     -5.703000           NaN 
    36.858229    -33.605022     -5.639000           NaN 
    36.858241    -33.618977     -5.575000           NaN 
    36.858252    -33.631010     -5.512000           NaN 
    36.858264    -33.644000     -5.448000           NaN 
    36.858275    -33.653984     -5.389000           NaN 
    36.858287    -33.666977     -5.332000           NaN 
    36.858299    -33.679010     -5.269000           NaN 
    36.858310    -33.692000     -5.204000           NaN 
    36.858322    -33.703007     -5.140000           NaN 
    36.858333    -33.716000     -5.077000           NaN 
    36.858345    -33.728992     -5.013000           NaN 
    36.858356    -33.742016     -4.949000           NaN 
    36.858368    -33.752990     -4.886000           NaN 
    36.858380    -33.765984     -4.822000           NaN 
    36.858391    -33.778015     -4.757000           NaN 
    36.858403    -33.792000     -4.693000           NaN 
    36.858414    -33.804000     -4.630000           NaN 
    36.858426    -33.817024     -4.566000           NaN 
    36.858437    -33.827007     -4.508000           NaN 
    36.858449    -33.838978     -4.450000           NaN 
    36.858461    -33.852000     -4.387000           NaN 
    36.858472    -33.863007     -4.323000           NaN 
    36.858484    -33.876000     -4.258000           NaN 
    36.858495    -33.888992     -4.196000           NaN 
    36.858507    -33.902016     -4.132000           NaN 
    36.858519    -33.912990     -4.067000           NaN 
    36.858530    -33.925983     -4.002999           NaN 
    36.858542    -33.937984     -3.939000           NaN 
    36.858553    -33.952000     -3.875000           NaN 
    36.858565    -33.964000     -3.812000           NaN 
    36.858576    -33.976994     -3.747000           NaN 
    36.858588    -33.988000     -3.684000           NaN 
    36.858600    -34.000000     -3.626000           NaN 
    36.858611    -34.010017     -3.570000           NaN 
    36.858623    -34.023006     -3.506000           NaN 
    36.858634    -34.035007     -3.441000           NaN 
    36.858646    -34.049023     -3.378000           NaN 
    36.858657    -34.060993     -3.313000           NaN 
    36.858669    -34.074017     -3.250000           NaN 
    36.858681    -34.084990     -3.187000           NaN 
    36.858692    -34.097984     -3.122000           NaN 
    36.858704    -34.110977     -3.059000           NaN 
    37.354757    -33.480990     -3.037000           NaN 
    37.354780    -33.506977     -3.165000           NaN 
    37.354792    -33.519010     -3.227000           NaN 
    37.354803    -33.531010     -3.291000           NaN 
    37.354815    -33.543007     -3.355000           NaN 
    37.354826    -33.556000     -3.418000           NaN 
    37.354838    -33.568993     -3.483000           NaN 
    37.354850    -33.581985     -3.546000           NaN 
    37.354861    -33.592990     -3.609000           NaN 
    37.354873    -33.605022     -3.672000           NaN 
    37.354884    -33.618977     -3.737000           NaN 
    37.354896    -33.631010     -3.800000           NaN 
    37.354907    -33.644000     -3.863000           NaN 
    37.354919    -33.655006     -3.928000           NaN 
    37.354931    -33.666977     -3.984000           NaN 
    37.354942    -33.676990     -4.041000           NaN 
    37.354954    -33.690018     -4.106000           NaN 
    37.354965    -33.701984     -4.169000           NaN 
    37.354977    -33.716000     -4.232000           NaN 
    37.354988    -33.728000     -4.296000           NaN 
    37.355000    -33.740993     -4.360000           NaN 
    37.355012    -33.752000     -4.423000           NaN 
    37.355023    -33.764000     -4.487000           NaN 
    37.355035    -33.778015     -4.551000           NaN 
    37.355046    -33.790016     -4.613000           NaN 
    37.355058    -33.802017     -4.678000           NaN 
    37.355069    -33.813984     -4.740000           NaN 
    37.355081    -33.827007     -4.804000           NaN 
    37.355093    -33.840000     -4.869000           NaN 
    37.355104    -33.852000     -4.932000           NaN 
    37.355116    -33.864000     -4.995000           NaN 
    37.355127    -33.876000     -5.059000           NaN 
    37.355139    -33.888992     -5.123000           NaN 
    37.355150    -33.902016     -5.185000           NaN 
    37.355162    -33.915010     -5.250000           NaN 
    37.355174    -33.925983     -5.314000           NaN 
    37.355185    -33.939007     -5.376000           NaN 
    37.355197    -33.950977     -5.434000           NaN 
    37.355208    -33.960990     -5.492000           NaN 
    37.355220    -33.973984     -5.554000           NaN 
    37.355231    -33.987007     -5.619000           NaN 
    37.355243    -33.999010     -5.682000           NaN 
    37.355255    -34.012000     -5.745000           NaN 
    37.355266    -34.023006     -5.810000           NaN 
    37.355278    -34.036000     -5.873000           NaN 
    37.355289    -34.049023     -5.936000           NaN 
    37.355301    -34.062016     -6.000000           NaN 
    37.355313    -34.074017     -6.064000           NaN 
    37.355324    -34.085983     -6.126000           NaN 
    37.355336    -34.097984     -6.191000           NaN 
    37.355347    -34.112000     -6.255000           NaN 
    37.355359    -34.124000     -6.317000           NaN 
    37.355370    -34.136993     -6.382000           NaN 
    37.355382    -34.148000     -6.446000           NaN 
    37.355394    -34.161022     -6.508000           NaN 
    37.355405    -34.174015     -6.573000           NaN 
    37.355417    -34.187008     -6.636000           NaN 
    37.355428    -34.199010     -6.699000           NaN 
    37.355440    -34.208992     -6.757000           NaN 
    37.355451    -34.221985     -6.815000           NaN 
    37.355463    -34.234016     -6.877000           NaN 
    37.355475    -34.246017     -6.941000           NaN 
    42.863993    -35.855007     -4.980000           NaN 
    42.864005    -35.868000     -4.915000           NaN 
    42.864016    -35.881023     -4.851000           NaN 
    42.864028    -35.892000     -4.788000           NaN 
    42.864039    -35.904990     -4.724000           NaN 
    42.864051    -35.916992     -4.659000           NaN 
    42.864062    -35.931007     -4.595000           NaN 
    42.864074    -35.942017     -4.539000           NaN 
    42.864086    -35.952000     -4.481000           NaN 
    42.864097    -35.966015     -4.416000           NaN 
    42.864109    -35.977985     -4.353000           NaN 
    42.864120    -35.991010     -4.290000           NaN 
    42.864132    -36.002014     -4.225000           NaN 
    42.864144    -36.015007     -4.160999           NaN 
    42.864155    -36.028000     -4.098000           NaN 
    42.864167    -36.041023     -4.033000           NaN 
    42.864178    -36.052000     -3.971000           NaN 
    42.864190    -36.064990     -3.906000           NaN 
    42.864201    -36.076992     -3.843000           NaN 
    42.864213    -36.089985     -3.779000           NaN 
    42.864225    -36.103010     -3.715000           NaN 
    42.864236    -36.114017     -3.652000           NaN 
    42.864248    -36.126015     -3.593000           NaN 
    42.864259    -36.137985     -3.537000           NaN 
    42.864271    -36.148990     -3.472000           NaN 
    42.864282    -36.161983     -3.408000           NaN 
    42.864294    -36.174015     -3.346000           NaN 
    42.864306    -36.188000     -3.281000           NaN 
    42.864317    -36.200000     -3.218000           NaN 
    42.864329    -36.213024     -3.154000           NaN 
    42.864340    -36.224000     -3.089000           NaN 
    42.864352    -36.236990     -3.027000           NaN 
    43.360370    -35.592000     -3.050000           NaN 
    43.360382    -35.605022     -3.112000           NaN 
    43.360394    -35.618015     -3.177000           NaN 
    43.360405    -35.631010     -3.240000           NaN 
    43.360417    -35.641983     -3.303000           NaN 
    43.360428    -35.653984     -3.366000           NaN 
    43.360440    -35.666977     -3.431000           NaN 
    43.360451    -35.680000     -3.494000           NaN 
    43.360463    -35.692993     -3.557000           NaN 
    43.360475    -35.704000     -3.620000           NaN 
    43.360486    -35.716000     -3.685000           NaN 
    43.360498    -35.730015     -3.747000           NaN 
    43.360509    -35.740993     -3.806000           NaN 
    43.360521    -35.751007     -3.862000           NaN 
    43.360532    -35.764000     -3.925000           NaN 
    43.360544    -35.776993     -3.990000           NaN 
    43.360556    -35.788000     -4.053000           NaN 
    43.360567    -35.800990     -4.117000           NaN 
    43.360579    -35.812992     -4.179999           NaN 
    43.360590    -35.827007     -4.244000           NaN 
    43.360602    -35.838978     -4.308000           NaN 
    43.360613    -35.852000     -4.370000           NaN 
    43.360625    -35.863007     -4.435000           NaN 
    43.360637    -35.875008     -4.499000           NaN 
    43.360648    -35.888992     -4.561000           NaN 
    43.360660    -35.900993     -4.625000           NaN 
    43.360671    -35.912990     -4.689000           NaN 
    43.360683    -35.924990     -4.752000           NaN 
    43.360694    -35.937984     -4.816000           NaN 
    43.360706    -35.950977     -4.880000           NaN 
    43.360718    -35.963010     -4.943000           NaN 
    43.360729    -35.975006     -5.007000           NaN 
    49.858762    -33.817024     -6.947000           NaN 
    49.858773    -33.828000     -6.883000           NaN 
    49.858785    -33.840992     -6.819000           NaN 
    49.858796    -33.855007     -6.756000           NaN 
    49.858808    -33.867010     -6.691000           NaN 
    49.858819    -33.880000     -6.627000           NaN 
    49.858831    -33.890976     -6.564000           NaN 
    49.858843    -33.903008     -6.507000           NaN 
    49.858854    -33.915010     -6.448000           NaN 
    49.858866    -33.925983     -6.384000           NaN 
    49.858877    -33.939007     -6.321000           NaN 
    49.858889    -33.952000     -6.257000           NaN 
    49.858900    -33.964993     -6.193000           NaN 
    49.858912    -33.977985     -6.130000           NaN 
    49.858924    -33.989025     -6.066000           NaN 
    49.858935    -34.002014     -6.001000           NaN 
    49.858947    -34.014015     -5.939000           NaN 
    49.858958    -34.028000     -5.875000           NaN 
    49.858970    -34.040000     -5.810000           NaN 
    49.858981    -34.052000     -5.746000           NaN 
    49.858993    -34.064000     -5.683000           NaN 
    49.859005    -34.076992     -5.619000           NaN 
    49.859016    -34.088993     -5.561000           NaN 
    49.859028    -34.099007     -5.505000           NaN 
    49.859039    -34.112000     -5.441000           NaN 
    49.859051    -34.124992     -5.376000           NaN 
    49.859062    -34.137985     -5.312000           NaN 
    49.859074    -34.148990     -5.250000           NaN 
    49.859086    -34.161983     -5.185000           NaN 
    49.859097    -34.174015     -5.121000           NaN 
    49.859109    -34.188000     -5.058000           NaN 
    49.859120    -34.200000     -4.994000           NaN 
    49.859132    -34.213024     -4.930000           NaN 
    49.859144    -34.224000     -4.867000           NaN 
    49.859155    -34.236990     -4.803000           NaN 
    49.859167    -34.249985     -4.738000           NaN 
    49.859178    -34.263010     -4.676000           NaN 
    49.859190    -34.273983     -4.612000           NaN 
    49.859201    -34.284992     -4.553000           NaN 
    49.859213    -34.298016     -4.496000           NaN 
    49.859225    -34.308990     -4.433000           NaN 
    49.859236    -34.320990     -4.369000           NaN 
    49.859248    -34.333984     -4.305000           NaN 
    49.859259    -34.346977     -4.242000           NaN 
    49.859271    -34.360000     -4.178000           NaN 
    49.859282    -34.371010     -4.113000           NaN 
    49.859294    -34.384000     -4.048999           NaN 
    49.859306    -34.396000     -3.987000           NaN 
    49.859317    -34.410015     -3.922000           NaN 
    49.859329    -34.421986     -3.859000           NaN 
    49.859340    -34.433983     -3.794000           NaN 
    49.859352    -34.445984     -3.731000           NaN 
    49.859363    -34.458977     -3.668000           NaN 
    49.859375    -34.472000     -3.603000           NaN 
    49.859387    -34.481983     -3.546000           NaN 
    49.859398    -34.493984     -3.488000           NaN 
    49.859410    -34.506977     -3.425000           NaN 
    49.859421    -34.519010     -3.362000           NaN 
    49.859433    -34.531010     -3.297000           NaN 
    49.859444    -34.543007     -3.234000           NaN 
    49.859456    -34.556000     -3.169000           NaN 
    49.859468    -34.568993     -3.106000           NaN 
    49.859479    -34.581985     -3.043000           NaN 
    50.355451    -33.916992     -3.010000           NaN 
    50.355463    -33.929985     -3.073000           NaN 
    50.355475    -33.943010     -3.138000           NaN 
    50.355486    -33.954018     -3.201000           NaN 
    50.355498    -33.966015     -3.264000           NaN 
    50.355509    -33.980000     -3.327000           NaN 
    50.355521    -33.992000     -3.392000           NaN 
    50.355532    -34.002975     -3.454000           NaN 
    50.355544    -34.016000     -3.518000           NaN 
    50.355556    -34.028000     -3.582000           NaN 
    50.355567    -34.041985     -3.645000           NaN 
    50.355579    -34.054016     -3.708000           NaN 
    50.355590    -34.064990     -3.773000           NaN 
    50.355602    -34.078014     -3.836000           NaN 
    50.355613    -34.091007     -3.899000           NaN 
    50.355625    -34.104000     -3.962000           NaN 
    50.355637    -34.116000     -4.027000           NaN 
    50.355648    -34.127007     -4.090000           NaN 
    50.355660    -34.140000     -4.152000           NaN 
    50.355671    -34.153023     -4.217000           NaN 
    50.355683    -34.166016     -4.279000           NaN 
    50.355694    -34.176990     -4.343000           NaN 
    50.355706    -34.188990     -4.407000           NaN 
    50.355718    -34.201984     -4.463000           NaN 
    50.355729    -34.213024     -4.521000           NaN 
    50.355741    -34.224000     -4.585000           NaN 
    50.355752    -34.236990     -4.648000           NaN 
    50.355764    -34.249985     -4.711000           NaN 
    50.355775    -34.263010     -4.776000           NaN 
    50.355787    -34.273983     -4.838000           NaN 
    50.355799    -34.286015     -4.902000           NaN 
    50.355810    -34.299007     -4.966000           NaN 
    50.355822    -34.312000     -5.029000           NaN 
    50.355833    -34.325024     -5.093000           NaN 
    50.355845    -34.336000     -5.157000           NaN 
    50.355856    -34.348990     -5.220000           NaN 
    50.355868    -34.361984     -5.283000           NaN 
    50.355880    -34.375008     -5.348000           NaN 
    50.355891    -34.387010     -5.410000           NaN 
    50.355903    -34.398018     -5.474000           NaN 
    50.355914    -34.411007     -5.539000           NaN 
    50.355926    -34.424000     -5.601000           NaN 
    50.355938    -34.437023     -5.665000           NaN 
    50.355949    -34.448994     -5.729000           NaN 
    50.355961    -34.460990     -5.792000           NaN 
    50.355972    -34.472992     -5.856000           NaN 
    50.355984    -34.487007     -5.920000           NaN 
    50.355995    -34.497986     -5.976000           NaN 
    50.356007    -34.508000     -6.033000           NaN 
    50.356019    -34.520992     -6.098000           NaN 
    50.356030    -34.533985     -6.161000           NaN 
    50.356042    -34.547010     -6.224000           NaN 
    50.356053    -34.557983     -6.289000           NaN 
    50.356065    -34.570976     -6.351000           NaN 
    50.356076    -34.583970     -6.415000           NaN 
    50.356088    -34.596992     -6.480000           NaN 
    50.356100    -34.608994     -6.542000           NaN 
    50.356111    -34.620990     -6.606000           NaN 
    50.356123    -34.632990     -6.670000           NaN 
    50.356134    -34.645985     -6.733000           NaN 
    50.356146    -34.659008     -6.797000           NaN 
    50.356157    -34.672000     -6.861000           NaN 
    50.356169    -34.682976     -6.923000           NaN 
    50.356181    -34.695970     -6.987000           NaN 
    55.863924    -36.019010     -4.965000           NaN 
    55.863935    -36.029984     -4.901000           NaN 
    55.863947    -36.043007     -4.837000           NaN 
    55.863958    -36.056000     -4.773000           NaN 
    55.863970    -36.068993     -4.710000           NaN 
    55.863981    -36.080994     -4.645000           NaN 
    55.863993    -36.092990     -4.582000           NaN 
    55.864005    -36.105022     -4.519000           NaN 
    55.864016    -36.118977     -4.454000           NaN 
    55.864028    -36.131010     -4.390000           NaN 
    55.864039    -36.144000     -4.328000           NaN 
    55.864051    -36.155006     -4.264000           NaN 
    55.864062    -36.168000     -4.199000           NaN 
    55.864074    -36.180000     -4.143000           NaN 
    55.864086    -36.190018     -4.086000           NaN 
    55.864097    -36.201984     -4.021000           NaN 
    55.864109    -36.216000     -3.958000           NaN 
    55.864120    -36.228000     -3.893000           NaN 
    55.864132    -36.240993     -3.830000           NaN 
    55.864144    -36.252000     -3.767000           NaN 
    55.864155    -36.265022     -3.702000           NaN 
    55.864167    -36.278015     -3.639000           NaN 
    55.864178    -36.291008     -3.576000           NaN 
    55.864190    -36.302017     -3.511000           NaN 
    55.864201    -36.313984     -3.448000           NaN 
    55.864213    -36.327007     -3.383000           NaN 
    55.864225    -36.340000     -3.320000           NaN 
    55.864236    -36.352993     -3.257000           NaN 
    55.864248    -36.364000     -3.192000           NaN 
    55.864259    -36.377026     -3.129000           NaN 
    55.864271    -36.388992     -3.072000           NaN 
    55.864282    -36.398975     -3.014000           NaN 
    56.360208    -35.716000     -3.004000           NaN 
    56.360220    -35.728000     -3.067000           NaN 
    56.360231    -35.739010     -3.132000           NaN 
    56.360243    -35.752000     -3.195000           NaN 
    56.360255    -35.764000     -3.258000           NaN 
    56.360266    -35.778015     -3.322000           NaN 
    56.360278    -35.790016     -3.385000           NaN 
    56.360289    -35.800990     -3.448000           NaN 
    56.360301    -35.813984     -3.513000           NaN 
    56.360313    -35.827007     -3.576000           NaN 
    56.360324    -35.840000     -3.639000           NaN 
    56.360336    -35.852000     -3.702000           NaN 
    56.360347    -35.861984     -3.760000           NaN 
    56.360359    -35.873985     -3.817000           NaN 
    56.360370    -35.887010     -3.881000           NaN 
    56.360394    -35.910015     -4.007000           NaN 
    56.360405    -35.924000     -4.071000           NaN 
    56.360417    -35.936000     -4.133999           NaN 
    56.360428    -35.948994     -4.198000           NaN 
    56.360440    -35.960000     -4.262000           NaN 
    56.360451    -35.972992     -4.324000           NaN 
    56.360463    -35.985985     -4.389000           NaN 
    56.360475    -35.997986     -4.452000           NaN 
    56.360486    -36.010017     -4.515000           NaN 
    56.360498    -36.022015     -4.579000           NaN 
    56.360509    -36.035007     -4.643000           NaN 
    56.360521    -36.048000     -4.705000           NaN 
    56.360532    -36.058975     -4.770000           NaN 
    56.360544    -36.072000     -4.832000           NaN 
    56.360556    -36.083970     -4.896000           NaN 
    56.360567    -36.097984     -4.960000           NaN 
   211.856111    -35.472000     -5.093000           NaN 
   211.856123    -35.484000     -5.028000           NaN 
   211.856134    -35.493984     -4.972000           NaN 
   211.856146    -35.506977     -4.915000           NaN 
   211.856157    -35.519010     -4.850000           NaN 
   211.856169    -35.529984     -4.786000           NaN 
   211.856181    -35.543007     -4.724000           NaN 
   211.856192    -35.556000     -4.659000           NaN 
   211.856204    -35.568993     -4.597000           NaN 
   211.856215    -35.580994     -4.533000           NaN 
   211.856227    -35.592990     -4.468000           NaN 
   211.856238    -35.605022     -4.406000           NaN 
   211.856250    -35.618977     -4.342000           NaN 
   211.856262    -35.631010     -4.277000           NaN 
   211.856273    -35.641983     -4.215000           NaN 
   211.856285    -35.655006     -4.151000           NaN 
   211.856296    -35.666977     -4.086000           NaN 
   211.856308    -35.680992     -4.022999           NaN 
   211.856319    -35.692993     -3.960000           NaN 
   211.856331    -35.705982     -3.896000           NaN 
   211.856343    -35.717026     -3.833000           NaN 
   211.856354    -35.730015     -3.768000           NaN 
   211.856366    -35.742016     -3.711000           NaN 
   211.856377    -35.752000     -3.655000           NaN 
   211.856389    -35.764000     -3.590000           NaN 
   211.856400    -35.778015     -3.527000           NaN 
   211.856412    -35.790016     -3.464000           NaN 
   211.856424    -35.800990     -3.399000           NaN 
   211.856435    -35.813984     -3.336000           NaN 
   211.856447    -35.827007     -3.273000           NaN 
   211.856458    -35.840000     -3.208000           NaN 
   211.856470    -35.852000     -3.145000           NaN 
   211.856481    -35.864000     -3.082000           NaN 
   211.856493    -35.876000     -3.017000           NaN 
   212.352488    -35.222977     -3.049000           NaN 
   212.352500    -35.234978     -3.112000           NaN 
   212.352512    -35.248000     -3.175000           NaN 
   212.352523    -35.259007     -3.240000           NaN 
   212.352535    -35.271008     -3.303000           NaN 
   212.352546    -35.284992     -3.366000           NaN 
   212.352558    -35.296993     -3.431000           NaN 
   212.352569    -35.308990     -3.494000           NaN 
   212.352581    -35.320990     -3.557000           NaN 
   212.352593    -35.333984     -3.622000           NaN 
   212.352604    -35.346977     -3.685000           NaN 
   212.352616    -35.359010     -3.748000           NaN 
   212.352627    -35.371010     -3.813000           NaN 
   212.352639    -35.383007     -3.876000           NaN 
   212.352650    -35.396000     -3.939000           NaN 
   212.352662    -35.408993     -4.002999           NaN 
   212.352674    -35.421986     -4.067000           NaN 
   212.352685    -35.432990     -4.132000           NaN 
   212.352697    -35.444992     -4.189000           NaN 
   212.352708    -35.456000     -4.245000           NaN 
   212.352720    -35.468000     -4.310000           NaN 
   212.352731    -35.480000     -4.374000           NaN 
   212.352743    -35.493984     -4.436000           NaN 
   212.352755    -35.506016     -4.500000           NaN 
   212.352766    -35.519010     -4.565000           NaN 
   212.352778    -35.529984     -4.628000           NaN 
   212.352789    -35.543007     -4.691000           NaN 
   212.352801    -35.556000     -4.756000           NaN 
   212.352812    -35.568993     -4.819000           NaN 
   212.352824    -35.580994     -4.883000           NaN 
   212.352836    -35.592990     -4.947000           NaN 
   212.352847    -35.605022     -5.011000           NaN 
   218.850868    -33.440000     -6.996000           NaN 
   218.850880    -33.452000     -6.933000           NaN 
   218.850891    -33.466015     -6.869000           NaN 
   218.850903    -33.477985     -6.805000           NaN 
   218.850914    -33.491010     -6.742000           NaN 
   218.850926    -33.500990     -6.685000           NaN 
   218.850938    -33.512993     -6.626000           NaN 
   218.850949    -33.526016     -6.562000           NaN 
   218.850961    -33.536990     -6.500000           NaN 
   218.850972    -33.549984     -6.435000           NaN 
   218.850984    -33.562977     -6.371000           NaN 
   218.850995    -33.576000     -6.309000           NaN 
   218.851007    -33.588000     -6.244000           NaN 
   218.851019    -33.600000     -6.180000           NaN 
   218.851030    -33.612000     -6.117000           NaN 
   218.851042    -33.624992     -6.053000           NaN 
   218.851053    -33.637985     -5.989000           NaN 
   218.851065    -33.651010     -5.926000           NaN 
   218.851076    -33.661983     -5.862000           NaN 
   218.851088    -33.674976     -5.798000           NaN 
   218.851100    -33.688000     -5.735000           NaN 
   218.851111    -33.700993     -5.671000           NaN 
   218.851123    -33.711006     -5.613000           NaN 
   218.851134    -33.722977     -5.555000           NaN 
   218.851146    -33.736000     -5.493000           NaN 
   218.851157    -33.748000     -5.428000           NaN 
   218.851169    -33.760000     -5.364000           NaN 
   218.851181    -33.772000     -5.301000           NaN 
   218.851192    -33.784992     -5.237000           NaN 
   218.851204    -33.798016     -5.173000           NaN 
   218.851215    -33.811010     -5.110000           NaN 
   218.851227    -33.821983     -5.047000           NaN 
   218.851238    -33.834976     -4.982000           NaN 
   218.851250    -33.848000     -4.919000           NaN 
   218.851262    -33.860992     -4.856000           NaN 
   218.851273    -33.872993     -4.791000           NaN 
   218.851285    -33.884000     -4.729000           NaN 
   218.851296    -33.896990     -4.665000           NaN 
   218.851308    -33.910015     -4.600000           NaN 
   218.851319    -33.923008     -4.538000           NaN 
   218.851331    -33.933983     -4.474000           NaN 
   218.851343    -33.944992     -4.416000           NaN 
   218.851354    -33.958015     -4.358000           NaN 
   218.851366    -33.970016     -4.296000           NaN 
   218.851377    -33.981983     -4.231000           NaN 
   218.851389    -33.993984     -4.169000           NaN 
   218.851400    -34.006977     -4.105000           NaN 
   218.851412    -34.020000     -4.040000           NaN 
   218.851424    -34.031010     -3.977000           NaN 
   218.851435    -34.044000     -3.914000           NaN 
   218.851447    -34.056000     -3.849000           NaN 
   218.851458    -34.070015     -3.787000           NaN 
   218.851470    -34.081985     -3.722000           NaN 
   218.851481    -34.092990     -3.658000           NaN 
   218.851493    -34.105984     -3.596000           NaN 
   218.851505    -34.118977     -3.531000           NaN 
   218.851516    -34.132000     -3.468000           NaN 
   218.851528    -34.144000     -3.405000           NaN 
   218.851539    -34.155006     -3.340000           NaN 
   218.851551    -34.168000     -3.277000           NaN 
   218.851562    -34.180992     -3.214000           NaN 
   218.851574    -34.192000     -3.156000           NaN 
   218.851586    -34.203007     -3.099000           NaN 
   218.851597    -34.216000     -3.036000           NaN 
   219.347616    -33.570976     -3.040000           NaN 
   219.347627    -33.583970     -3.102000           NaN 
   219.347639    -33.596000     -3.166000           NaN 
   219.347650    -33.608994     -3.231000           NaN 
   219.347662    -33.620000     -3.294000           NaN 
   219.347674    -33.632990     -3.358000           NaN 
   219.347685    -33.645985     -3.422000           NaN 
   219.347697    -33.659008     -3.485000           NaN 
   219.347708    -33.669983     -3.549000           NaN 
   219.347720    -33.682976     -3.612000           NaN 
   219.347731    -33.695007     -3.677000           NaN 
   219.347743    -33.708000     -3.741000           NaN 
   219.347755    -33.720993     -3.803000           NaN 
   219.347766    -33.732000     -3.868000           NaN 
   219.347778    -33.744000     -3.925000           NaN 
   219.347789    -33.756000     -3.983000           NaN 
   219.347801    -33.767010     -4.047000           NaN 
   219.347812    -33.780000     -4.110000           NaN 
   219.347824    -33.792000     -4.172999           NaN 
   219.347836    -33.805984     -4.237000           NaN 
   219.347847    -33.817986     -4.302000           NaN 
   219.347859    -33.829025     -4.364000           NaN 
   219.347870    -33.842014     -4.428000           NaN 
   219.347882    -33.855007     -4.493000           NaN 
   219.347894    -33.868000     -4.557000           NaN 
   219.347905    -33.880000     -4.619000           NaN 
   219.347917    -33.892000     -4.684000           NaN 
   219.347928    -33.904000     -4.748000           NaN 
   219.347940    -33.916992     -4.811000           NaN 
   219.347951    -33.929985     -4.875000           NaN 
   219.347963    -33.943010     -4.939000           NaN 
   219.347975    -33.952990     -4.995000           NaN 
   219.347986    -33.964993     -5.053000           NaN 
   219.347998    -33.977985     -5.118000           NaN 
   219.348009    -33.989025     -5.180000           NaN 
   219.348021    -34.000990     -5.244000           NaN 
   219.348032    -34.014015     -5.309000           NaN 
   219.348044    -34.027008     -5.371000           NaN 
   219.348056    -34.040000     -5.435000           NaN 
   219.348067    -34.051006     -5.500000           NaN 
   219.348079    -34.064000     -5.564000           NaN 
   219.348090    -34.076992     -5.626000           NaN 
   219.348102    -34.089985     -5.691000           NaN 
   219.348113    -34.101982     -5.755000           NaN 
   219.348125    -34.114017     -5.818000           NaN 
   219.348137    -34.126015     -5.882000           NaN 
   219.348148    -34.139008     -5.946000           NaN 
   219.348160    -34.152000     -6.009000           NaN 
   219.348171    -34.163010     -6.066000           NaN 
   219.348183    -34.174015     -6.124000           NaN 
   219.348194    -34.187008     -6.187000           NaN 
   219.348206    -34.200000     -6.251000           NaN 
   219.348218    -34.211006     -6.316000           NaN 
   219.348229    -34.224000     -6.378000           NaN 
   219.348241    -34.236990     -6.442000           NaN 
   219.348252    -34.249985     -6.507000           NaN 
   219.348264    -34.261986     -6.571000           NaN 
   219.348275    -34.273983     -6.633000           NaN 
   219.348287    -34.286015     -6.698000           NaN 
   219.348299    -34.299007     -6.762000           NaN 
   219.348310    -34.312000     -6.824000           NaN 
   219.348322    -34.325024     -6.889000           NaN 
   219.348333    -34.338017     -6.953000           NaN 
   224.856586    -35.836000     -5.084000           NaN 
   224.856597    -35.848000     -5.020000           NaN 
   224.856609    -35.861984     -4.956000           NaN 
   224.856620    -35.873985     -4.893000           NaN 
   224.856632    -35.887010     -4.829000           NaN 
   224.856644    -35.898018     -4.765000           NaN 
   224.856655    -35.911007     -4.702000           NaN 
   224.856667    -35.924000     -4.639000           NaN 
   224.856678    -35.937023     -4.574000           NaN 
   224.856690    -35.948994     -4.511000           NaN 
   224.856701    -35.960000     -4.448000           NaN 
   224.856713    -35.972992     -4.383000           NaN 
   224.856725    -35.985985     -4.321000           NaN 
   224.856736    -35.999010     -4.257000           NaN 
   224.856748    -36.010017     -4.192000           NaN 
   224.856759    -36.023006     -4.130000           NaN 
   224.856771    -36.035007     -4.066000           NaN 
   224.856782    -36.048000     -4.001000           NaN 
   224.856794    -36.058975     -3.945000           NaN 
   224.856806    -36.070015     -3.888000           NaN 
   224.856817    -36.083008     -3.823000           NaN 
   224.856829    -36.096000     -3.760000           NaN 
   224.856840    -36.107010     -3.697000           NaN 
   224.856852    -36.118977     -3.632000           NaN 
   224.856863    -36.132000     -3.570000           NaN 
   224.856875    -36.144993     -3.506000           NaN 
   224.856887    -36.157986     -3.441000           NaN 
   224.856898    -36.168990     -3.379000           NaN 
   224.856910    -36.182014     -3.314000           NaN 
   224.856921    -36.195007     -3.250000           NaN 
   224.856933    -36.207010     -3.188000           NaN 
   224.856944    -36.220000     -3.123000           NaN 
   224.856956    -36.230976     -3.060000           NaN 
   225.352963    -35.583970     -3.026000           NaN 
   225.352975    -35.596992     -3.089000           NaN 
   225.352986    -35.608994     -3.154000           NaN 
   225.352998    -35.620990     -3.217000           NaN 
   225.353009    -35.632990     -3.280000           NaN 
   225.353021    -35.645985     -3.343000           NaN 
   225.353032    -35.659008     -3.408000           NaN 
   225.353044    -35.672000     -3.471000           NaN 
   225.353056    -35.682976     -3.534000           NaN 
   225.353067    -35.695007     -3.599000           NaN 
   225.353079    -35.708992     -3.662000           NaN 
   225.353090    -35.720993     -3.725000           NaN 
   225.353102    -35.734016     -3.790000           NaN 
   225.353113    -35.744990     -3.853000           NaN 
   225.353125    -35.757984     -3.916000           NaN 
   225.353137    -35.771008     -3.981000           NaN 
   225.353148    -35.782974     -4.044000           NaN 
   225.353160    -35.794018     -4.100999           NaN 
   225.353171    -35.805984     -4.158000           NaN 
   225.353183    -35.817986     -4.223000           NaN 
   225.353194    -35.831010     -4.285000           NaN 
   225.353206    -35.842014     -4.349000           NaN 
   225.353218    -35.855007     -4.414000           NaN 
   225.353229    -35.868000     -4.478000           NaN 
   225.353241    -35.880000     -4.540000           NaN 
   225.353252    -35.892000     -4.605000           NaN 
   225.353264    -35.904000     -4.669000           NaN 
   225.353275    -35.916992     -4.732000           NaN 
   225.353287    -35.929985     -4.796000           NaN 
   225.353299    -35.943010     -4.860000           NaN 
   225.353310    -35.954018     -4.923000           NaN 
   225.353322    -35.967007     -4.987000           NaN 
   231.851273    -33.778976     -6.992000           NaN 
   231.851285    -33.792000     -6.928000           NaN 
   231.851296    -33.804993     -6.864000           NaN 
   231.851308    -33.817024     -6.801000           NaN 
   231.851319    -33.829025     -6.737000           NaN 
   231.851331    -33.842014     -6.672000           NaN 
   231.851343    -33.855007     -6.610000           NaN 
   231.851354    -33.868000     -6.546000           NaN 
   231.851366    -33.880000     -6.481000           NaN 
   231.851377    -33.892000     -6.417000           NaN 
   231.851389    -33.904000     -6.355000           NaN 
   231.851400    -33.916992     -6.290000           NaN 
   231.851412    -33.929985     -6.226000           NaN 
   231.851424    -33.943010     -6.164000           NaN 
   231.851435    -33.954018     -6.099000           NaN 
   231.851447    -33.967007     -6.035000           NaN 
   231.851458    -33.979008     -5.979000           NaN 
   231.851470    -33.989025     -5.921000           NaN 
   231.851481    -34.002014     -5.857000           NaN 
   231.851493    -34.014015     -5.794000           NaN 
   231.851505    -34.028000     -5.730000           NaN 
   231.851516    -34.040000     -5.666000           NaN 
   231.851528    -34.052000     -5.603000           NaN 
   231.851539    -34.064000     -5.539000           NaN 
   231.851551    -34.076992     -5.475000           NaN 
   231.851562    -34.089985     -5.411000           NaN 
   231.851574    -34.101982     -5.349000           NaN 
   231.851586    -34.114017     -5.284000           NaN 
   231.851597    -34.126015     -5.220000           NaN 
   231.851609    -34.139008     -5.158000           NaN 
   231.851620    -34.152000     -5.093000           NaN 
   231.851632    -34.164993     -5.029000           NaN 
   231.851644    -34.176000     -4.967000           NaN 
   231.851655    -34.188990     -4.902000           NaN 
   231.851667    -34.201984     -4.838000           NaN 
   231.851678    -34.213024     -4.782000           NaN 
   231.851690    -34.222977     -4.724000           NaN 
   231.851701    -34.236990     -4.660000           NaN 
   231.851713    -34.248993     -4.598000           NaN 
   231.851725    -34.261986     -4.533000           NaN 
   231.851736    -34.273026     -4.469000           NaN 
   231.851748    -34.286015     -4.407000           NaN 
   231.851759    -34.299007     -4.343000           NaN 
   231.851771    -34.312000     -4.279000           NaN 
   231.851782    -34.324000     -4.216000           NaN 
   231.851794    -34.334976     -4.152000           NaN 
   231.851806    -34.348000     -4.087999           NaN 
   231.851817    -34.360992     -4.025000           NaN 
   231.851829    -34.373985     -3.961000           NaN 
   231.851840    -34.385025     -3.898000           NaN 
   231.851852    -34.398018     -3.833000           NaN 
   231.851863    -34.410015     -3.770000           NaN 
   231.851875    -34.423008     -3.707000           NaN 
   231.851887    -34.436000     -3.642000           NaN 
   231.851898    -34.446976     -3.579000           NaN 
   231.851910    -34.460000     -3.516000           NaN 
   231.851921    -34.472000     -3.458000           NaN 
   231.851933    -34.481983     -3.401000           NaN 
   231.851944    -34.493984     -3.337000           NaN 
   231.851956    -34.506977     -3.274000           NaN 
   231.851968    -34.520000     -3.210000           NaN 
   231.851979    -34.532993     -3.146000           NaN 
   231.851991    -34.544000     -3.083000           NaN 
   231.852002    -34.556000     -3.018000           NaN 
   232.347986    -33.896000     -3.031000           NaN 
   232.347998    -33.910015     -3.095000           NaN 
   232.348009    -33.921986     -3.158000           NaN 
   232.348021    -33.933983     -3.222000           NaN 
   232.348032    -33.945984     -3.286000           NaN 
   232.348044    -33.958977     -3.349000           NaN 
   232.348056    -33.972000     -3.414000           NaN 
   232.348067    -33.984000     -3.477000           NaN 
   232.348079    -33.996000     -3.540000           NaN 
   232.348090    -34.008000     -3.605000           NaN 
   232.348102    -34.020992     -3.668000           NaN 
   232.348113    -34.033985     -3.731000           NaN 
   232.348125    -34.044000     -3.789000           NaN 
   232.348137    -34.056000     -3.846000           NaN 
   232.348148    -34.068993     -3.909000           NaN 
   232.348160    -34.080994     -3.974000           NaN 
   232.348171    -34.092990     -4.035999           NaN 
   232.348183    -34.105022     -4.100000           NaN 
   232.348194    -34.118015     -4.165000           NaN 
   232.348206    -34.131010     -4.228000           NaN 
   232.348218    -34.141983     -4.291000           NaN 
   232.348229    -34.155006     -4.355000           NaN 
   232.348241    -34.166977     -4.419000           NaN 
   232.348252    -34.180992     -4.482000           NaN 
   232.348264    -34.192993     -4.546000           NaN 
   232.348275    -34.205982     -4.610000           NaN 
   232.348287    -34.217026     -4.673000           NaN 
   232.348299    -34.230015     -4.737000           NaN 
   232.348310    -34.243008     -4.801000           NaN 
   232.348322    -34.255010     -4.864000           NaN 
   232.348333    -34.267010     -4.928000           NaN 
   232.348345    -34.278976     -4.992000           NaN 
   232.348356    -34.291008     -5.048000           NaN 
   232.348368    -34.302017     -5.106000           NaN 
   232.348380    -34.313984     -5.170000           NaN 
   232.348391    -34.327007     -5.233000           NaN 
   232.348403    -34.340000     -5.297000           NaN 
   232.348414    -34.352000     -5.361000           NaN 
   232.348426    -34.364000     -5.423000           NaN 
   232.348437    -34.376000     -5.487000           NaN 
   232.348449    -34.388992     -5.552000           NaN 
   232.348461    -34.402016     -5.615000           NaN 
   232.348472    -34.415010     -5.678000           NaN 
   232.348484    -34.425983     -5.743000           NaN 
   232.348495    -34.439007     -5.807000           NaN 
   232.348507    -34.452000     -5.869000           NaN 
   232.348519    -34.464993     -5.934000           NaN 
   232.348530    -34.476994     -5.998000           NaN 
   232.348542    -34.489025     -6.061000           NaN 
   232.348553    -34.500990     -6.125000           NaN 
   232.348565    -34.514015     -6.183000           NaN 
   232.348576    -34.524000     -6.239000           NaN 
   232.348588    -34.536000     -6.303000           NaN 
   232.348600    -34.549023     -6.368000           NaN 
   232.348611    -34.562016     -6.430000           NaN 
   232.348623    -34.575010     -6.494000           NaN 
   232.348634    -34.585983     -6.559000           NaN 
   232.348646    -34.599007     -6.623000           NaN 
   232.348657    -34.612000     -6.685000           NaN 
   232.348669    -34.624992     -6.750000           NaN 
   232.348681    -34.636993     -6.814000           NaN 
   232.348692    -34.648990     -6.876000           NaN 
   232.348704    -34.661983     -6.941000           NaN 
   237.856644    -36.064990     -4.967000           NaN 
   237.856655    -36.076992     -4.903000           NaN 
   237.856667    -36.089985     -4.840000           NaN 
   237.856678    -36.101982     -4.783000           NaN 
   237.856690    -36.112000     -4.725000           NaN 
   237.856701    -36.124992     -4.661000           NaN 
   237.856713    -36.137985     -4.598000           NaN 
   237.856725    -36.148990     -4.534000           NaN 
   237.856736    -36.161983     -4.470000           NaN 
   237.856748    -36.174015     -4.407000           NaN 
   237.856759    -36.188000     -4.343000           NaN 
   237.856771    -36.200000     -4.279000           NaN 
   237.856782    -36.211006     -4.216000           NaN 
   237.856794    -36.224000     -4.152000           NaN 
   237.856817    -36.249985     -4.026000           NaN 
   237.856829    -36.261986     -3.961000           NaN 
   237.856840    -36.273983     -3.898000           NaN 
   237.856852    -36.286015     -3.835000           NaN 
   237.856863    -36.299007     -3.770000           NaN 
   237.856875    -36.312000     -3.707000           NaN 
   237.856887    -36.324000     -3.643000           NaN 
   237.856898    -36.336000     -3.579000           NaN 
   237.856910    -36.348000     -3.523000           NaN 
   237.856921    -36.359010     -3.465000           NaN 
   237.856933    -36.369984     -3.402000           NaN 
   237.856944    -36.383007     -3.337000           NaN 
   237.856956    -36.396000     -3.274000           NaN 
   237.856968    -36.408993     -3.211000           NaN 
   237.856979    -36.419968     -3.146000           NaN 
   237.856991    -36.432990     -3.083000           NaN 
   237.857002    -36.444992     -3.020000           NaN 
   238.352975    -35.782974     -3.040000           NaN 
   238.352986    -35.794018     -3.105000           NaN 
   238.352998    -35.807007     -3.168000           NaN 
   238.353009    -35.820000     -3.231000           NaN 
   238.353021    -35.832000     -3.296000           NaN 
   238.353032    -35.844994     -3.359000           NaN 
   238.353044    -35.856000     -3.422000           NaN 
   238.353056    -35.868990     -3.485000           NaN 
   238.353067    -35.881985     -3.550000           NaN 
   238.353079    -35.894016     -3.612000           NaN 
   238.353090    -35.906017     -3.677000           NaN 
   238.353102    -35.917984     -3.741000           NaN 
   238.353113    -35.931007     -3.803000           NaN 
   238.353125    -35.944000     -3.868000           NaN 
   238.353137    -35.956993     -3.931000           NaN 
   238.353148    -35.968000     -3.994000           NaN 
   238.353160    -35.980000     -4.059000           NaN 
   238.353171    -35.993023     -4.114999           NaN 
   238.353183    -36.002975     -4.172000           NaN 
   238.353194    -36.015007     -4.237000           NaN 
   238.353206    -36.028000     -4.301000           NaN 
   238.353218    -36.041023     -4.363000           NaN 
   238.353229    -36.054016     -4.428000           NaN 
   238.353241    -36.064990     -4.492000           NaN 
   238.353252    -36.076992     -4.554000           NaN 
   238.353264    -36.091007     -4.619000           NaN 
   238.353275    -36.103010     -4.683000           NaN 
   238.353287    -36.116000     -4.745000           NaN 
   238.353299    -36.127007     -4.810000           NaN 
   238.353310    -36.140000     -4.873000           NaN 
   238.353322    -36.153023     -4.936000           NaN 
   238.353333    -36.166016     -5.000000           NaN 
   238.353345    -36.176990     -5.064000           NaN 
   244.850822    -33.808990     -6.980000           NaN 
   244.850833    -33.821983     -6.916000           NaN 
   244.850845    -33.833984     -6.853000           NaN 
   244.850856    -33.848000     -6.789000           NaN 
   244.850868    -33.860000     -6.724000           NaN 
   244.850880    -33.872993     -6.661000           NaN 
   244.850891    -33.884000     -6.598000           NaN 
   244.850903    -33.896990     -6.533000           NaN 
   244.850914    -33.910015     -6.469000           NaN 
   244.850926    -33.923008     -6.407000           NaN 
   244.850938    -33.932990     -6.349000           NaN 
   244.850949    -33.944992     -6.291000           NaN 
   244.850961    -33.958015     -6.228000           NaN 
   244.850972    -33.970016     -6.165000           NaN 
   244.850984    -33.981983     -6.100000           NaN 
   244.850995    -33.993984     -6.036000           NaN 
   244.851007    -34.006977     -5.974000           NaN 
   244.851019    -34.020000     -5.909000           NaN 
   244.851030    -34.032993     -5.845000           NaN 
   244.851042    -34.044000     -5.783000           NaN 
   244.851053    -34.056990     -5.718000           NaN 
   244.851065    -34.070015     -5.656000           NaN 
   244.851076    -34.083008     -5.592000           NaN 
   244.851088    -34.095010     -5.527000           NaN 
   244.851100    -34.107010     -5.465000           NaN 
   244.851111    -34.118977     -5.401000           NaN 
   244.851123    -34.132000     -5.336000           NaN 
   244.851134    -34.144993     -5.273000           NaN 
   244.851146    -34.157986     -5.210000           NaN 
   244.851157    -34.168990     -5.146000           NaN 
   244.851169    -34.180992     -5.088000           NaN 
   244.851181    -34.192000     -5.032000           NaN 
   244.851192    -34.204000     -4.968000           NaN 
   244.851204    -34.216000     -4.904000           NaN 
   244.851215    -34.230015     -4.841000           NaN 
   244.851227    -34.242016     -4.777000           NaN 
   244.851238    -34.255010     -4.713000           NaN 
   244.851250    -34.265984     -4.650000           NaN 
   244.851262    -34.278976     -4.586000           NaN 
   244.851273    -34.292000     -4.522000           NaN 
   244.851285    -34.304000     -4.459000           NaN 
   244.851296    -34.317024     -4.395000           NaN 
   244.851308    -34.328000     -4.331000           NaN 
   244.851319    -34.340992     -4.268000           NaN 
   244.851331    -34.354015     -4.204000           NaN 
   244.851343    -34.367010     -4.140000           NaN 
   244.851354    -34.377983     -4.078000           NaN 
   244.851366    -34.390015     -4.014000           NaN 
   244.851377    -34.403008     -3.949000           NaN 
   244.851389    -34.416000     -3.886000           NaN 
   244.851400    -34.427010     -3.829000           NaN 
   244.851412    -34.437984     -3.771000           NaN 
   244.851424    -34.450977     -3.708000           NaN 
   244.851435    -34.464000     -3.645000           NaN 
   244.851447    -34.475006     -3.580000           NaN 
   244.851458    -34.487007     -3.517000           NaN 
   244.851470    -34.500000     -3.454000           NaN 
   244.851481    -34.512993     -3.389000           NaN 
   244.851493    -34.526016     -3.326000           NaN 
   244.851505    -34.536990     -3.263000           NaN 
   244.851516    -34.549023     -3.198000           NaN 
   244.851528    -34.562977     -3.135000           NaN 
   244.851539    -34.575010     -3.072000           NaN 
   244.851551    -34.588000     -3.007000           NaN 
