    33.205509    -34.658535    -18.014503      5.933000 
    33.205521    -34.647926    -18.077375      6.486001 
    33.205544    -34.637306    -18.140245      6.722000 
    33.205556    -34.626675    -18.203114      6.858000 
    33.205567    -34.616030    -18.265982      6.389000 
    33.205579    -34.605377    -18.328844      6.204001 
    33.205590    -34.594715    -18.391708      6.048000 
    33.205602    -34.584038    -18.454569      5.923000 
    33.205613    -34.573353    -18.517427      5.973000 
    33.205625    -34.562656    -18.580284      6.018000 
    33.205637    -34.551945    -18.643140      6.319000 
    33.205648    -34.541225    -18.705994      5.953000 
    33.205671    -34.530495    -18.768845      5.983000 
    33.205683    -34.519753    -18.831694      5.573000 
    33.205694    -34.509000    -18.894543      5.335000 
    33.205718    -34.487457    -19.020231      5.973000 
    33.205729    -34.476670    -19.083073      6.028000 
    33.205741    -34.465870    -19.145912      5.708000 
    33.205752    -34.455060    -19.208750      5.748000 
    33.205764    -34.444237    -19.271585      4.990000 
    33.205775    -34.433403    -19.334420      7.200000 
    33.205799    -34.422558    -19.397251      7.004000 
    33.205810    -34.411700    -19.460081      6.108000 
    33.205822    -34.400830    -19.522910      6.642000 
    33.205833    -34.389950    -19.585737      6.642000 
    33.205845    -34.379055    -19.648561      6.234000 
    33.205856    -34.368150    -19.711384      5.973000 
    33.205868    -34.357230    -19.774202      5.738000 
    33.205880    -34.346302    -19.837020      5.903000 
    33.205891    -34.335360    -19.899837      4.990000 
    33.205903    -34.324406    -19.962650      5.192000 
    34.206030    -36.991783    -18.788130      7.543000 
    34.206042    -36.981037    -18.850979      7.824000 
    34.206053    -36.970280    -18.913824      7.347000 
    34.206065    -36.959510    -18.976667      7.120000 
    34.206076    -36.948730    -19.039510      7.110000 
    34.206088    -36.937940    -19.102350      7.307000 
    34.206100    -36.927135    -19.165190      5.963000 
    34.206111    -36.916320    -19.228027      6.118000 
    34.206134    -36.905495    -19.290861      6.038000 
    34.206146    -36.894653    -19.353695      6.596000 
    34.206157    -36.883804    -19.416525      7.327000 
    34.206169    -36.872944    -19.479353      7.190001 
    34.206181    -36.862070    -19.542180      6.672000 
    34.206192    -36.851185    -19.605005      5.122000 
    34.206204    -36.840286    -19.667828      6.868000 
    34.206215    -36.829376    -19.730648      7.960000 
    34.206227    -36.818455    -19.793467      7.140000 
    34.206238    -36.807520    -19.856283      7.064000 
    34.206262    -36.796577    -19.919098      9.424001 
    34.206273    -36.785618    -19.981910      6.898000 
    35.663044    -33.730408    -19.939835      5.235000 
    35.663056    -33.719460    -19.877030      5.275000 
    35.663079    -33.708527    -19.814222      5.409000 
    35.663090    -33.697605    -19.751413      5.653000 
    35.663102    -33.686695    -19.688602      5.593000 
    35.663113    -33.675797    -19.625790      6.214000 
    35.663125    -33.664910    -19.562975      5.903000 
    35.663137    -33.654037    -19.500158      6.038000 
    35.663148    -33.643173    -19.437340      6.048000 
    35.663160    -33.632324    -19.374520      5.758000 
    35.663171    -33.621487    -19.311695      5.738000 
    35.663183    -33.610660    -19.248873      5.923000 
    35.663206    -33.599846    -19.186045      6.118000 
    35.663218    -33.589040    -19.123217      6.254000 
    35.663229    -33.578247    -19.060387      6.304000 
    35.663241    -33.567467    -18.997553      6.244000 
    35.663252    -33.556698    -18.934720      6.329001 
    35.663264    -33.545940    -18.871881      6.606000 
    35.663275    -33.535194    -18.809044      7.044000 
    35.663287    -33.524460    -18.746204      7.553000 
    35.663299    -33.513737    -18.683361      7.463000 
    35.663310    -33.503025    -18.620518      7.844000 
    35.663333    -33.492325    -18.557673      7.543000 
    35.663345    -33.481632    -18.494825      8.055000 
    35.663356    -33.470955    -18.431974      7.910000 
    35.663368    -33.460285    -18.369123      8.464001 
    35.663380    -33.449630    -18.306270      8.578000 
    35.663391    -33.438984    -18.243416      7.648000 
    35.663403    -33.428350    -18.180557      7.463000 
    35.663414    -33.417725    -18.117699      7.794000 
    35.663426    -33.407110    -18.054838      7.453000 
    36.663403    -36.197660    -19.954784      4.940000 
    36.663414    -36.186710    -19.891981      5.040000 
    36.663426    -36.175774    -19.829176      4.838000 
    36.663438    -36.164850    -19.766365      4.918000 
    36.663449    -36.153934    -19.703556      5.285000 
    36.663461    -36.143036    -19.640743      5.212000 
    36.663472    -36.132150    -19.577929      5.030000 
    36.663495    -36.121270    -19.515114      5.142000 
    36.663507    -36.110405    -19.452293      4.240000 
    36.663519    -36.099552    -19.389475      7.200000 
    36.663530    -36.088710    -19.326650      4.568000 
    36.663542    -36.077880    -19.263826      5.728000 
    36.663553    -36.067062    -19.201000      4.260000 
    36.663565    -36.056255    -19.138172      4.320000 
    36.663576    -36.045464    -19.075342      4.677000 
    36.663588    -36.034680    -19.012510      4.548000 
    36.663600    -36.023907    -18.949677      3.041000 
    36.663623    -36.013150    -18.886840      3.600000 
    36.663634    -36.002400    -18.824001      3.320000 
    36.663646    -35.991660    -18.761162      3.754000 
    36.663657    -35.980934    -18.698320      4.898000 
    36.663669    -35.970220    -18.635477      4.618000 
    36.663681    -35.959515    -18.572632      4.950000 
    36.663692    -35.948822    -18.509785      5.245000 
    36.663704    -35.938140    -18.446936      5.399000 
    36.663715    -35.927470    -18.384085      5.335000 
    36.663738    -35.916813    -18.321232      5.235000 
    36.663750    -35.906162    -18.258375      5.529000 
    36.663762    -35.895527    -18.195518      5.389000 
    36.663773    -35.884900    -18.132662      5.305000 
    36.663785    -35.874283    -18.069800      5.355000 
    36.663796    -35.863678    -18.006939      5.389000 
    43.137662    -33.417240    -18.056870      7.473001 
    43.137674    -33.406628    -18.119738      7.397000 
    43.137685    -33.396000    -18.182604      7.483000 
    43.137697    -33.385365    -18.245466      7.764000 
    43.137708    -33.374714    -18.308329      7.890000 
    43.137720    -33.364056    -18.371187      7.543000 
    43.137731    -33.353386    -18.434046      7.834001 
    43.137755    -33.342705    -18.496902      7.598001 
    43.137766    -33.332012    -18.559755      7.483000 
    43.137778    -33.321312    -18.622608      7.523000 
    43.137789    -33.310596    -18.685460      7.347000 
    43.137801    -33.299873    -18.748308      7.130000 
    43.137813    -33.289135    -18.811155      7.257000 
    43.137824    -33.278390    -18.873999      7.483000 
    43.137836    -33.267628    -18.936842      7.170001 
    43.137847    -33.256860    -18.999683      6.974000 
    43.137859    -33.246075    -19.062523      6.798000 
    43.137882    -33.235283    -19.125359      7.327000 
    43.137894    -33.224476    -19.188194      7.347000 
    43.137905    -33.213660    -19.251026      7.553000 
    43.137917    -33.202830    -19.313860      7.297000 
    43.137928    -33.191990    -19.376688      7.267000 
    43.137940    -33.181140    -19.439514      6.964000 
    43.137951    -33.170277    -19.502340      6.868000 
    43.137963    -33.159397    -19.565165      6.546000 
    43.137975    -33.148514    -19.627985      6.722000 
    43.137998    -33.137610    -19.690804      6.888001 
    43.138009    -33.126700    -19.753622      6.954001 
    43.138021    -33.115776    -19.816437      7.257000 
    43.138032    -33.104840    -19.879250      6.848001 
    43.138044    -33.093890    -19.942060      7.287000 
    44.138009    -35.892498    -18.002115      5.010000 
    44.138021    -35.881893    -18.064983      4.757000 
    44.138032    -35.871277    -18.127850      5.020001 
    44.138044    -35.860650    -18.190716      5.459000 
    44.138067    -35.850010    -18.253578      5.082000 
    44.138079    -35.839360    -18.316439      5.489000 
    44.138090    -35.828700    -18.379297      5.285000 
    44.138102    -35.818027    -18.442156      5.030000 
    44.138113    -35.807346    -18.505010      5.245000 
    44.138125    -35.796654    -18.567863      5.070000 
    44.138137    -35.785950    -18.630714      4.798000 
    44.138148    -35.775230    -18.693563      4.970000 
    44.138160    -35.764503    -18.756413      4.970000 
    44.138183    -35.753765    -18.819258      4.960000 
    44.138194    -35.743020    -18.882101      4.677000 
    44.138206    -35.732258    -18.944944      5.102000 
    44.138218    -35.721485    -19.007784      5.050000 
    44.138229    -35.710700    -19.070621      5.315000 
    44.138241    -35.699905    -19.133457      5.419000 
    44.138252    -35.689100    -19.196293      5.202000 
    44.138264    -35.678280    -19.259125      5.245000 
    44.138275    -35.667450    -19.321955      5.708000 
    44.138287    -35.656610    -19.384783      5.953000 
    44.138310    -35.645756    -19.447610      5.325000 
    44.138322    -35.634888    -19.510433      5.305000 
    44.138333    -35.624012    -19.573256      5.305000 
    44.138345    -35.613120    -19.636078      5.202000 
    44.138356    -35.602220    -19.698895      5.172000 
    44.138368    -35.591310    -19.761711      4.930000 
    44.138380    -35.580383    -19.824526      5.335000 
    44.138391    -35.569443    -19.887339      5.295000 
    44.138403    -35.558495    -19.950150      4.970000 
    46.595556    -34.972477    -19.981277      4.898000 
    46.595567    -34.961520    -19.918472      5.102000 
    46.595579    -34.950580    -19.855663      5.245000 
    46.595590    -34.939650    -19.792854      4.878000 
    46.595602    -34.928734    -19.730043      4.757000 
    46.595613    -34.917828    -19.667229      4.918000 
    46.595625    -34.906933    -19.604412      5.122000 
    46.595637    -34.896053    -19.541594      4.930000 
    46.595660    -34.885180    -19.478773      5.255000 
    46.595671    -34.874325    -19.415953      5.040000 
    46.595683    -34.863480    -19.353128      5.122000 
    46.595694    -34.852646    -19.290302      5.082000 
    46.595706    -34.841824    -19.227474      5.613000 
    46.595718    -34.831013    -19.164644      5.553000 
    46.595729    -34.820213    -19.101812      5.583000 
    46.595741    -34.809425    -19.038979      5.355000 
    46.595752    -34.798650    -18.976145      5.563000 
    46.595764    -34.787884    -18.913305      5.355000 
    46.595787    -34.777130    -18.850468      5.222000 
    46.595799    -34.766388    -18.787624      5.162000 
    46.595810    -34.755657    -18.724783      5.202000 
    46.595822    -34.744938    -18.661936      5.469000 
    46.595833    -34.734230    -18.599089      5.499000 
    46.595845    -34.723534    -18.536240      5.399000 
    46.595856    -34.712850    -18.473389      5.663000 
    46.595868    -34.702170    -18.410538      5.718000 
    46.595880    -34.691510    -18.347683      5.673000 
    46.595891    -34.680855    -18.284826      5.798000 
    46.595914    -34.670216    -18.221968      5.983000 
    46.595926    -34.659580    -18.159107      5.698000 
    46.595938    -34.648960    -18.096245      5.758000 
    46.595949    -34.638350    -18.033380      5.748000 
    54.070162    -34.654484    -18.036540      8.484000 
    54.070174    -34.643870    -18.099401      8.578000 
    54.070197    -34.633247    -18.162264      8.155001 
    54.070208    -34.622612    -18.225122      8.444000 
    54.070220    -34.611970    -18.287981      8.165000 
    54.070231    -34.601310    -18.350838      8.662001 
    54.070243    -34.590645    -18.413692      7.930000 
    54.070255    -34.579967    -18.476543      8.020000 
    54.070266    -34.569280    -18.539394      8.588000 
    54.070278    -34.558580    -18.602243      8.199000 
    54.070289    -34.547870    -18.665090      8.175000 
    54.070301    -34.537148    -18.727936      7.774000 
    54.070324    -34.526413    -18.790777      7.513001 
    54.070336    -34.515667    -18.853619      7.834001 
    54.070347    -34.504913    -18.916458      7.598001 
    54.070359    -34.494144    -18.979296      7.880001 
    54.070370    -34.483364    -19.042130      7.900001 
    54.070382    -34.472576    -19.104963      7.900001 
    54.070394    -34.461773    -19.167795      7.950000 
    54.070405    -34.450960    -19.230623      8.010000 
    54.070417    -34.440136    -19.293451      7.930000 
    54.070428    -34.429300    -19.356277      8.165000 
    54.070451    -34.418450    -19.419102      6.898000 
    54.070463    -34.407590    -19.481922      7.483000 
    54.070475    -34.396717    -19.544743      7.170001 
    54.070486    -34.385834    -19.607560      7.327000 
    54.070498    -34.374935    -19.670376      7.377000 
    54.070509    -34.364030    -19.733189      7.257000 
    54.070521    -34.353107    -19.796000      6.742000 
    54.070532    -34.342175    -19.858810      6.486001 
    54.070544    -34.331230    -19.921618      6.788000 
    54.070556    -34.320274    -19.984423      6.652000 
    55.070671    -36.997200    -18.759577      7.890000 
    55.070683    -36.986460    -18.822418      7.854001 
    55.070694    -36.975710    -18.885258      7.784000 
    55.070706    -36.964950    -18.948095      7.940001 
    55.070718    -36.954178    -19.010931      7.864000 
    55.070741    -36.943394    -19.073765      8.354000 
    55.070752    -36.932594    -19.136597      8.165000 
    55.070764    -36.921787    -19.199427      8.175000 
    55.070775    -36.910970    -19.262255      7.824000 
    55.070787    -36.900140    -19.325080      7.920001 
    55.070799    -36.889294    -19.387903      8.175000 
    55.070810    -36.878440    -19.450726      8.105000 
    55.070822    -36.867573    -19.513544      8.115001 
    55.070833    -36.856693    -19.576363      7.930000 
    55.070856    -36.845806    -19.639180      8.075001 
    55.070868    -36.834904    -19.701994      8.528001 
    55.070880    -36.823990    -19.764805      8.702001 
    55.070891    -36.813060    -19.827616      8.454000 
    55.070903    -36.802124    -19.890423      7.930000 
    55.070914    -36.791172    -19.953230      8.329000 
    56.527685    -33.742332    -19.999186      7.553000 
    56.527708    -33.731373    -19.936378      7.708000 
    56.527720    -33.720425    -19.873568      8.145000 
    56.527731    -33.709490    -19.810755      8.289001 
    56.527743    -33.698570    -19.747940      7.854001 
    56.527755    -33.687660    -19.685123      7.100000 
    56.527766    -33.676760    -19.622305      7.774000 
    56.527778    -33.665874    -19.559484      7.990000 
    56.527789    -33.655000    -19.496662      8.055000 
    56.527801    -33.644140    -19.433838      8.125000 
    56.527824    -33.633286    -19.371010      8.344001 
    56.527836    -33.622448    -19.308182      8.289001 
    56.527847    -33.611620    -19.245352      8.528001 
    56.527859    -33.600803    -19.182520      8.145000 
    56.527870    -33.590000    -19.119684      7.960000 
    56.527882    -33.579210    -19.056849      8.568001 
    56.527894    -33.568428    -18.994010      7.970000 
    56.527905    -33.557655    -18.931170      8.722000 
    56.527917    -33.546898    -18.868328      8.199000 
    56.527928    -33.536150    -18.805483      8.259001 
    56.527951    -33.525417    -18.742638      8.095000 
    56.527963    -33.514694    -18.679789      7.980001 
    56.527975    -33.503980    -18.616940      8.354000 
    56.527986    -33.493280    -18.554089      8.249001 
    56.527998    -33.482590    -18.491234      8.319000 
    56.528009    -33.471910    -18.428380      8.608001 
    56.528021    -33.461240    -18.365522      8.175000 
    56.528032    -33.450580    -18.302662      8.145000 
    56.528044    -33.439934    -18.239801      7.930000 
    56.528056    -33.429300    -18.176937      7.950000 
    56.528079    -33.418674    -18.114075      8.105000 
    56.528090    -33.408060    -18.051207      7.784000 
    57.528056    -36.202377    -19.970684      7.784000 
    57.528067    -36.191425    -19.907875      7.433001 
    57.528079    -36.180485    -19.845064      7.150001 
    57.528090    -36.169556    -19.782250      6.742000 
    57.528102    -36.158634    -19.719435      6.898000 
    57.528113    -36.147730    -19.656616      7.257000 
    57.528137    -36.136837    -19.593798      7.277000 
    57.528148    -36.125957    -19.530975      7.543000 
    57.528160    -36.115086    -19.468151      7.463000 
    57.528171    -36.104230    -19.405327      7.423000 
    57.528183    -36.093384    -19.342499      7.190001 
    57.528194    -36.082550    -19.279669      7.120000 
    57.528206    -36.071728    -19.216837      7.277000 
    57.528218    -36.060917    -19.154003      8.075001 
    57.528229    -36.050117    -19.091167      7.734000 
    57.528241    -36.039330    -19.028330      7.920001 
    57.528264    -36.028557    -18.965490      7.423000 
    57.528275    -36.017790    -18.902649      7.160000 
    57.528287    -36.007040    -18.839806      7.327000 
    57.528299    -35.996296    -18.776960      7.588000 
    57.528310    -35.985565    -18.714113      7.553000 
    57.528322    -35.974846    -18.651264      7.804000 
    57.528333    -35.964138    -18.588413      8.075001 
    57.528345    -35.953440    -18.525560      7.708000 
    57.528356    -35.942753    -18.462706      8.095000 
    57.528380    -35.932080    -18.399849      8.175000 
    57.528391    -35.921413    -18.336990      8.175000 
    57.528403    -35.910763    -18.274132      8.444000 
    57.528414    -35.900120    -18.211270      8.662001 
    57.528426    -35.889490    -18.148405      8.105000 
    57.528438    -35.878870    -18.085539      8.444000 
    57.528449    -35.868260    -18.022670      8.354000 
   210.054780    -33.424725    -18.017721      5.469000 
   210.054792    -33.414110    -18.080587      5.748000 
   210.054803    -33.403484    -18.143452      5.828000 
   210.054815    -33.392853    -18.206312      5.718000 
   210.054838    -33.382206    -18.269173      6.068000 
   210.054850    -33.371548    -18.332031      6.254000 
   210.054861    -33.360880    -18.394888      5.853000 
   210.054873    -33.350204    -18.457743      5.838000 
   210.054884    -33.339516    -18.520596      5.459000 
   210.054896    -33.328810    -18.583445      4.980000 
   210.054907    -33.318100    -18.646294      5.222000 
   210.054919    -33.307377    -18.709140      4.757000 
   210.054931    -33.296642    -18.771986      5.060000 
   210.054942    -33.285896    -18.834830      4.818000 
   210.054965    -33.275143    -18.897670      5.499000 
   210.054977    -33.264374    -18.960508      5.863000 
   210.054988    -33.253593    -19.023348      5.092000 
   210.055000    -33.242800    -19.086182      6.264000 
   210.055012    -33.232000    -19.149015      5.172000 
   210.055023    -33.221184    -19.211847      5.305000 
   210.055035    -33.210358    -19.274677      4.970000 
   210.055046    -33.199520    -19.337503      5.345000 
   210.055058    -33.188670    -19.400330      5.275000 
   210.055069    -33.177810    -19.463154      5.265000 
   210.055093    -33.166940    -19.525974      5.943000 
   210.055104    -33.156050    -19.588795      6.008000 
   210.055116    -33.145157    -19.651611      5.778000 
   210.055127    -33.134247    -19.714428      6.439000 
   210.055139    -33.123325    -19.777243      6.742000 
   210.055150    -33.112392    -19.840054      6.818000 
   210.055162    -33.101448    -19.902863      7.493000 
   210.055174    -33.090490    -19.965672      6.798000 
   211.055150    -35.882812    -18.060564      6.449000 
   211.055162    -35.872192    -18.123428      6.928000 
   211.055174    -35.861560    -18.186290      6.642000 
   211.055185    -35.850918    -18.249150      7.130000 
   211.055197    -35.840263    -18.312010      6.546000 
   211.055208    -35.829600    -18.374865      6.632000 
   211.055220    -35.818924    -18.437720      6.566001 
   211.055243    -35.808240    -18.500572      6.606000 
   211.055255    -35.797543    -18.563423      6.264000 
   211.055266    -35.786830    -18.626272      6.486001 
   211.055278    -35.776110    -18.689120      6.244000 
   211.055289    -35.765380    -18.751965      6.349000 
   211.055301    -35.754640    -18.814808      6.606000 
   211.055312    -35.743885    -18.877650      6.108000 
   211.055324    -35.733120    -18.940489      5.923000 
   211.055336    -35.722343    -19.003326      6.068000 
   211.055347    -35.711555    -19.066162      6.184000 
   211.055370    -35.700756    -19.128996      6.204001 
   211.055382    -35.689945    -19.191828      6.098001 
   211.055394    -35.679123    -19.254658      6.164001 
   211.055405    -35.668290    -19.317486      6.028000 
   211.055417    -35.657440    -19.380310      5.643000 
   211.055428    -35.646584    -19.443134      5.758000 
   211.055440    -35.635715    -19.505957      5.718000 
   211.055451    -35.624832    -19.568777      5.818000 
   211.055463    -35.613937    -19.631596      5.768000 
   211.055475    -35.603035    -19.694410      5.653000 
   211.055498    -35.592117    -19.757225      5.673000 
   211.055509    -35.581190    -19.820038      5.788000 
   211.055521    -35.570244    -19.882847      5.768000 
   211.055532    -35.559290    -19.945656      5.633000 
   213.512674    -34.972260    -19.977392      7.190001 
   213.512685    -34.961304    -19.914583      8.638001 
   213.512697    -34.950356    -19.851770      8.568001 
   213.512708    -34.939423    -19.788958      7.950000 
   213.512720    -34.928497    -19.726141      7.844000 
   213.512731    -34.917587    -19.663324      7.734000 
   213.512743    -34.906690    -19.600504      7.814001 
   213.512755    -34.895805    -19.537682      7.337000 
   213.512766    -34.884930    -19.474857      7.433001 
   213.512778    -34.874065    -19.412031      7.210000 
   213.512801    -34.863216    -19.349203      7.834001 
   213.512813    -34.852380    -19.286373      8.115001 
   213.512824    -34.841550    -19.223543      7.267000 
   213.512836    -34.830734    -19.160710      7.980001 
   213.512847    -34.819930    -19.097874      7.658000 
   213.512859    -34.809135    -19.035036      8.364000 
   213.512870    -34.798355    -18.972197      8.095000 
   213.512882    -34.787586    -18.909355      8.095000 
   213.512894    -34.776830    -18.846512      7.513001 
   213.512905    -34.766083    -18.783667      7.990000 
   213.512928    -34.755344    -18.720820      8.498000 
   213.512940    -34.744620    -18.657970      8.682000 
   213.512951    -34.733910    -18.595120      9.504001 
   213.512963    -34.723206    -18.532267      9.251000 
   213.512975    -34.712517    -18.469412      9.392000 
   213.512986    -34.701836    -18.406555      9.221001 
   213.512998    -34.691166    -18.343697      7.854001 
   213.513009    -34.680508    -18.280836      8.259001 
   213.513021    -34.669865    -18.217974      7.744000 
   213.513044    -34.659225    -18.155110      7.784000 
   213.513056    -34.648600    -18.092243      7.337000 
   213.513067    -34.637985    -18.029375      7.588000 
   220.987269    -34.655907    -18.002562      7.744000 
   220.987280    -34.645294    -18.065428      7.734000 
   220.987292    -34.634674    -18.128290      7.463000 
   220.987303    -34.624040    -18.191153      7.578000 
   220.987315    -34.613396    -18.254011      7.523000 
   220.987326    -34.602740    -18.316870      7.648000 
   220.987338    -34.592075    -18.379725      7.543000 
   220.987361    -34.581398    -18.442580      7.377000 
   220.987373    -34.570710    -18.505430      7.110000 
   220.987384    -34.560013    -18.568281      7.180000 
   220.987396    -34.549300    -18.631128      7.588000 
   220.987407    -34.538580    -18.693975      7.240000 
   220.987419    -34.527847    -18.756820      7.150001 
   220.987431    -34.517105    -18.819662      7.190001 
   220.987442    -34.506350    -18.882504      6.672000 
   220.987454    -34.495583    -18.945343      6.606000 
   220.987465    -34.484806    -19.008180      6.898000 
   220.987488    -34.474014    -19.071014      6.586000 
   220.987500    -34.463215    -19.133848      6.798000 
   220.987512    -34.452404    -19.196678      7.004000 
   220.987523    -34.441578    -19.259508      6.888001 
   220.987535    -34.430744    -19.322334      7.074000 
   220.987546    -34.419895    -19.385160      7.180000 
   220.987558    -34.409035    -19.447985      6.576000 
   220.987569    -34.398167    -19.510805      7.140000 
   220.987581    -34.387283    -19.573624      6.954001 
   220.987593    -34.376390    -19.636442      7.084000 
   220.987616    -34.365480    -19.699257      6.712000 
   220.987627    -34.354560    -19.762070      7.120000 
   220.987639    -34.343630    -19.824883      6.752000 
   220.987650    -34.332687    -19.887691      7.230001 
   220.987662    -34.321730    -19.950499      7.004000 
   221.987778    -36.993390    -18.762615      9.372001 
   221.987812    -36.971890    -18.888298     12.367001 
   221.987824    -36.961120    -18.951136      8.805000 
   221.987836    -36.950340    -19.013973      9.605000 
   221.987847    -36.939550    -19.076807      9.342000 
   221.987859    -36.928745    -19.139640      9.078000 
   221.987870    -36.917934    -19.202470      9.048000 
   221.987882    -36.907110    -19.265299      9.191000 
   221.987894    -36.896270    -19.328125      9.645000 
   221.987905    -36.885420    -19.390950      9.454000 
   221.987917    -36.874557    -19.453772      9.382000 
   221.987940    -36.863686    -19.516594      9.292001 
   221.987951    -36.852802    -19.579412      8.988001 
   221.987963    -36.841904    -19.642230      9.332001 
   221.987975    -36.830997    -19.705044      9.018001 
   221.987986    -36.820076    -19.767857      9.474000 
   221.987998    -36.809143    -19.830667      9.484000 
   221.988009    -36.798200    -19.893475      9.484000 
   221.988021    -36.787240    -19.956282      9.615001 
   223.444803    -33.742270    -19.991425      6.294000 
   223.444815    -33.731308    -19.928616      6.118000 
   223.444826    -33.720356    -19.865805      5.953000 
   223.444838    -33.709415    -19.802992      5.953000 
   223.444850    -33.698490    -19.740177      6.254000 
   223.444861    -33.687572    -19.677360      6.204001 
   223.444873    -33.676670    -19.614540      6.566001 
   223.444896    -33.665780    -19.551720      6.284000 
   223.444907    -33.654900    -19.488895      6.752000 
   223.444919    -33.644030    -19.426071      6.762000 
   223.444931    -33.633180    -19.363243      5.983000 
   223.444942    -33.622334    -19.300415      6.516000 
   223.444954    -33.611504    -19.237583      6.838000 
   223.444965    -33.600680    -19.174751      6.339000 
   223.444977    -33.589874    -19.111916      6.486001 
   223.444988    -33.579075    -19.049080      6.994000 
   223.445000    -33.568290    -18.986240      6.868000 
   223.445023    -33.557514    -18.923400      7.910000 
   223.445046    -33.536003    -18.797712      8.945001 
   223.445058    -33.525260    -18.734865      6.526001 
   223.445069    -33.514534    -18.672018      4.419000 
   223.445081    -33.503815    -18.609167      4.230000 
   223.445093    -33.493110    -18.546314      3.814000 
   223.445104    -33.482414    -18.483461      3.360000 
   223.445116    -33.471730    -18.420607      3.420000 
   223.445127    -33.461056    -18.357748      3.350000 
   223.445150    -33.450394    -18.294888      3.031000 
   223.445162    -33.439743    -18.232027      2.647000 
   223.445174    -33.429104    -18.169165      2.737000 
   223.445185    -33.418472    -18.106298      2.918000 
   223.445197    -33.407852    -18.043430      3.252000 
   224.445162    -36.205097    -19.971006      4.578000 
   224.445174    -36.194138    -19.908195      4.677000 
   224.445197    -36.183190    -19.845385      4.568000 
   224.445208    -36.172253    -19.782572      4.637000 
   224.445220    -36.161330    -19.719755      4.808000 
   224.445231    -36.150420    -19.656937      4.868000 
   224.445243    -36.139523    -19.594116      5.172000 
   224.445255    -36.128635    -19.531296      5.325000 
   224.445266    -36.117760    -19.468472      5.469000 
   224.445278    -36.106895    -19.405645      5.643000 
   224.445289    -36.096043    -19.342817      5.245000 
   224.445301    -36.085205    -19.279990      5.102000 
   224.445324    -36.074375    -19.217157      5.010000 
   224.445336    -36.063560    -19.154324      5.070000 
   224.445347    -36.052753    -19.091488      5.469000 
   224.445359    -36.041960    -19.028650      5.923000 
   224.445370    -36.031178    -18.965810      4.930000 
   224.445382    -36.020410    -18.902970      5.758000 
   224.445394    -36.009647    -18.840126      6.596000 
   224.445405    -35.998900    -18.777280      6.319000 
   224.445417    -35.988167    -18.714434      7.200000 
   224.445428    -35.977440    -18.651585      6.526001 
   224.445451    -35.966724    -18.588734      7.130000 
   224.445463    -35.956024    -18.525883      7.523000 
   224.445475    -35.945330    -18.463026      9.171000 
   224.445498    -35.923980    -18.337313     12.377001 
   224.445509    -35.913322    -18.274452     13.134001 
   224.445532    -35.892040    -18.148726      8.528001 
   224.445544    -35.881413    -18.085860      7.588000 
   224.445567    -35.870796    -18.022991      6.742000 
   230.919421    -33.425940    -18.017622      7.180000 
   230.919433    -33.415325    -18.080486      7.150001 
   230.919444    -33.404700    -18.143349      7.287000 
   230.919456    -33.394066    -18.206210      7.257000 
   230.919468    -33.383420    -18.269068      7.910000 
   230.919479    -33.372760    -18.331924      8.125000 
   230.919491    -33.362090    -18.394780      8.364000 
   230.919502    -33.351414    -18.457632      7.708000 
   230.919525    -33.340720    -18.520485      7.523000 
   230.919537    -33.330020    -18.583332      8.075001 
   230.919549    -33.319305    -18.646181      7.668000 
   230.919560    -33.308582    -18.709026      7.688000 
   230.919572    -33.297848    -18.771870      7.774000 
   230.919583    -33.287100    -18.834711      8.199000 
   230.919595    -33.276344    -18.897552      8.329000 
   230.919606    -33.265570    -18.960390      8.105000 
   230.919618    -33.254790    -19.023226      8.115001 
   230.919630    -33.244000    -19.086060      7.698000 
   230.919653    -33.233196    -19.148891      8.055000 
   230.919664    -33.222380    -19.211723      7.804000 
   230.919676    -33.211555    -19.274551      7.533000 
   230.919687    -33.200714    -19.337378      8.065001 
   230.919699    -33.189865    -19.400202      8.135000 
   230.919711    -33.179000    -19.463024      8.319000 
   230.919722    -33.168130    -19.525845      7.638001 
   230.919734    -33.157240    -19.588663      7.453000 
   230.919745    -33.146343    -19.651480      6.908000 
   230.919757    -33.135433    -19.714294      6.359000 
   230.919780    -33.124510    -19.777105      6.506000 
   230.919792    -33.113580    -19.839916      6.194000 
   230.919803    -33.102630    -19.902725      6.028000 
   230.919815    -33.091670    -19.965532      5.778000 
   231.919780    -35.888550    -18.039116      6.294000 
   231.919792    -35.877930    -18.101978      5.993000 
   231.919803    -35.867302    -18.164840      5.728000 
   231.919826    -35.856663    -18.227700      5.613000 
   231.919838    -35.846010    -18.290558      5.419000 
   231.919850    -35.835346    -18.353413      5.489000 
   231.919861    -35.824677    -18.416267      5.923000 
   231.919873    -35.813990    -18.479118      5.449000 
   231.919884    -35.803295    -18.541970      5.162000 
   231.919896    -35.792590    -18.604816      5.399000 
   231.919907    -35.781870    -18.667664      5.162000 
   231.919919    -35.771145    -18.730509      4.858000 
   231.919931    -35.760403    -18.793350      4.898000 
   231.919954    -35.749653    -18.856192      4.848000 
   231.919965    -35.738890    -18.919031      5.122000 
   231.919977    -35.728115    -18.981869      5.020001 
   231.919988    -35.717330    -19.044703      5.010000 
   231.920000    -35.706530    -19.107536      5.122000 
   231.920012    -35.695724    -19.170366      5.192000 
   231.920023    -35.684906    -19.233196      5.102000 
   231.920035    -35.674072    -19.296024      5.142000 
   231.920046    -35.663230    -19.358849      5.020001 
   231.920058    -35.652374    -19.421673      5.295000 
   231.920081    -35.641506    -19.484493      5.162000 
   231.920093    -35.630627    -19.547314      4.878000 
   231.920104    -35.619740    -19.610130      4.838000 
   231.920116    -35.608833    -19.672947      4.898000 
   231.920127    -35.597920    -19.735760      4.737000 
   231.920139    -35.586994    -19.798570      4.940000 
   231.920150    -35.576054    -19.861380      4.657000 
   231.920162    -35.565100    -19.924189      4.657000 
   231.920174    -35.554140    -19.986994      4.647000 
   234.377315    -34.978920    -19.979181      8.404000 
   234.377326    -34.967957    -19.916372      8.354000 
   234.377338    -34.957010    -19.853561      8.865001 
   234.377350    -34.946068    -19.790747      8.958000 
   234.377361    -34.935143    -19.727930      8.628000 
   234.377373    -34.924230    -19.665113      8.508000 
   234.377384    -34.913326    -19.602293      8.558001 
   234.377396    -34.902440    -19.539470      8.434000 
   234.377407    -34.891560    -19.476646      8.618000 
   234.377431    -34.880695    -19.413820      8.000000 
   234.377442    -34.869843    -19.350992      8.354000 
   234.377454    -34.858997    -19.288162      8.055000 
   234.377465    -34.848167    -19.225330      8.055000 
   234.377477    -34.837350    -19.162498      8.020000 
   234.377488    -34.826540    -19.099663      8.722000 
   234.377500    -34.815746    -19.036823      8.782001 
   234.377512    -34.804962    -18.973986      8.662001 
   234.377523    -34.794190    -18.911142      9.008000 
   234.377535    -34.783430    -18.848300      8.998000 
   234.377558    -34.772680    -18.785456      9.444000 
   234.377569    -34.761936    -18.722607      8.968000 
   234.377581    -34.751210    -18.659758      9.018001 
   234.377593    -34.740494    -18.596907      8.935000 
   234.377604    -34.729790    -18.534054      9.131001 
   234.377616    -34.719093    -18.471199      8.722000 
   234.377627    -34.708412    -18.408342      8.792001 
   234.377639    -34.697740    -18.345484      9.058001 
   234.377650    -34.687077    -18.282623      8.925000 
   234.377662    -34.676430    -18.219763      9.191000 
   234.377685    -34.665790    -18.156897      9.424001 
   234.377697    -34.655163    -18.094032      9.008000 
   234.377708    -34.644543    -18.031164      9.474000 
   241.851921    -34.661970    -18.024230      7.240000 
   241.851933    -34.651356    -18.087093      7.453000 
   241.851944    -34.640728    -18.149956      7.774000 
   241.851956    -34.630090    -18.212814      7.397000 
   241.851968    -34.619442    -18.275675      7.463000 
   241.851979    -34.608784    -18.338530      7.100000 
   241.851991    -34.598114    -18.401384      7.708000 
   241.852002    -34.587433    -18.464237      7.553000 
   241.852025    -34.576740    -18.527088      7.180000 
   241.852037    -34.566036    -18.589937      6.908000 
   241.852049    -34.555325    -18.652786      6.682000 
   241.852060    -34.544598    -18.715631      7.240000 
   241.852072    -34.533860    -18.778475      6.662000 
   241.852083    -34.523113    -18.841316      7.004000 
   241.852095    -34.512352    -18.904156      6.798000 
   241.852106    -34.501583    -18.966993      6.878000 
   241.852118    -34.490800    -19.029830      6.616000 
   241.852141    -34.480007    -19.092665      6.642000 
   241.852153    -34.469200    -19.155497      6.516000 
   241.852164    -34.458385    -19.218327      6.118000 
   241.852176    -34.447556    -19.281155      6.848001 
   241.852187    -34.436714    -19.343980      6.429000 
   241.852199    -34.425860    -19.406803      6.692000 
   241.852211    -34.414997    -19.469625      6.516000 
   241.852222    -34.404120    -19.532448      6.506000 
   241.852234    -34.393234    -19.595264      6.409000 
   241.852245    -34.382336    -19.658081      6.068000 
   241.852269    -34.371426    -19.720896      6.224000 
   241.852280    -34.360500    -19.783709      6.752000 
   241.852292    -34.349567    -19.846518      6.284000 
   241.852303    -34.338620    -19.909327      6.576000 
   241.852315    -34.327660    -19.972132      6.379000 
   242.852442    -36.994347    -18.809603      5.873000 
   242.852454    -36.983593    -18.872442      5.903000 
   242.852465    -36.972828    -18.935282      6.908000 
   242.852477    -36.962050    -18.998117      6.349000 
   242.852488    -36.951263    -19.060953      6.712000 
   242.852500    -36.940460    -19.123787      6.379000 
   242.852512    -36.929650    -19.186617      6.742000 
   242.852523    -36.918827    -19.249445      5.953000 
   242.852535    -36.907993    -19.312271      6.204001 
   242.852558    -36.897150    -19.375097      6.264000 
   242.852569    -36.886290    -19.437920      5.973000 
   242.852581    -36.875420    -19.500740      5.993000 
   242.852593    -36.864536    -19.563560      6.118000 
   242.852604    -36.853645    -19.626377      6.439000 
   242.852616    -36.842740    -19.689192      6.284000 
   242.852627    -36.831820    -19.752005      6.439000 
   242.852639    -36.820892    -19.814816      6.964000 
   242.852650    -36.809950    -19.877625      6.459000 
   242.852662    -36.798996    -19.940432      6.486001 
   244.309456    -33.741306    -19.942879     13.943001 
   244.309468    -33.730350    -19.880068     12.995001 
   244.309479    -33.719410    -19.817253     12.925000 
   244.309491    -33.708480    -19.754436     13.519001 
   244.309502    -33.697563    -19.691620     12.925000 
   244.309514    -33.686657    -19.628800     13.025001 
   244.309525    -33.675762    -19.565977     13.193001 
   244.309549    -33.664883    -19.503155     13.587001 
   244.309560    -33.654010    -19.440329     12.043000 
   244.309572    -33.643154    -19.377500     12.266001 
   244.309583    -33.632310    -19.314670     12.135000 
   244.309595    -33.621470    -19.251839     12.427001 
   244.309606    -33.610650    -19.189005     11.771001 
   244.309618    -33.599840    -19.126170     13.104001 
   244.309630    -33.589040    -19.063332     12.647000 
   244.309641    -33.578250    -19.000492     12.347000 
   244.309664    -33.567474    -18.937650     12.487000 
   244.309676    -33.556710    -18.874807     11.831000 
   244.309688    -33.545956    -18.811962     11.923000 
   244.309699    -33.535213    -18.749115     12.467001 
   244.309711    -33.524483    -18.686266     11.536000 
   244.309722    -33.513763    -18.623415     12.286000 
   244.309734    -33.503050    -18.560562     12.105000 
   244.309745    -33.492355    -18.497707     12.145000 
   244.309757    -33.481667    -18.434850     11.761001 
   244.309769    -33.470993    -18.371992     12.517000 
   244.309792    -33.460327    -18.309132     11.933001 
   244.309803    -33.449673    -18.246270     12.836000 
   244.309815    -33.439034    -18.183405     12.357000 
   244.309826    -33.428400    -18.120539     13.519001 
   244.309838    -33.417778    -18.057673     12.637001 
