    29.865012    -36.421986     -1.989000           NaN 
    29.865023    -36.432990     -1.925000           NaN 
    29.865035    -36.445984     -1.861000           NaN 
    29.865046    -36.458977     -1.798000           NaN 
    29.865058    -36.471010     -1.734000           NaN 
    29.865069    -36.484000     -1.670000           NaN 
    29.865081    -36.495007     -1.606000           NaN 
    29.865093    -36.508000     -1.543000           NaN 
    29.865104    -36.520992     -1.479000           NaN 
    29.865116    -36.533985     -1.415000           NaN 
    29.865127    -36.544990     -1.351000           NaN 
    29.865139    -36.556990     -1.288000           NaN 
    29.865150    -36.570015     -1.224000           NaN 
    29.865162    -36.583008     -1.160000           NaN 
    29.865174    -36.592990     -1.104000           NaN 
    29.865197    -36.618015     -0.982000           NaN 
    29.865208    -36.630016     -0.918000           NaN 
    29.865220    -36.641983     -0.854000           NaN 
    29.865231    -36.653984     -0.791000           NaN 
    29.865370    -36.802017     -0.033000           NaN 
    30.360185    -34.950977     -0.029000           NaN 
    30.360197    -34.964000     -0.093000           NaN 
    30.360208    -34.975006     -0.156000           NaN 
    30.360220    -34.987007     -0.218000           NaN 
    30.360231    -35.000000     -0.281000           NaN 
    30.360243    -35.012993     -0.345000           NaN 
    30.360255    -35.024000     -0.408000           NaN 
    30.360266    -35.036000     -0.471000           NaN 
    30.360289    -35.062016     -0.598000           NaN 
    30.360313    -35.085983     -0.724000           NaN 
    30.360324    -35.097984     -0.788000           NaN 
    30.360336    -35.110977     -0.852000           NaN 
    30.360347    -35.124000     -0.914000           NaN 
    30.360359    -35.135010     -0.977000           NaN 
    30.360370    -35.147007     -1.042000           NaN 
    30.360382    -35.160000     -1.104000           NaN 
    30.360394    -35.172993     -1.168000           NaN 
    30.360405    -35.184000     -1.231000           NaN 
    30.360417    -35.196990     -1.295000           NaN 
    30.360428    -35.208992     -1.357000           NaN 
    30.360440    -35.221985     -1.420000           NaN 
    30.360451    -35.234978     -1.484000           NaN 
    30.360463    -35.244990     -1.540000           NaN 
    30.360475    -35.256992     -1.598000           NaN 
    30.360486    -35.269024     -1.662000           NaN 
    30.360498    -35.280000     -1.724000           NaN 
    30.360509    -35.292990     -1.787000           NaN 
    30.360521    -35.305984     -1.851000           NaN 
    30.360532    -35.317986     -1.915000           NaN 
    30.360544    -35.331010     -1.977000           NaN 
    30.854965    -33.004993     -0.547000           NaN 
    30.854977    -33.015007     -0.491000           NaN 
    30.854988    -33.028000     -0.426000           NaN 
    30.855000    -33.041023     -0.362000           NaN 
    30.855012    -33.052000     -0.299000           NaN 
    30.855023    -33.064990     -0.235000           NaN 
    30.855035    -33.076992     -0.172000           NaN 
    30.855046    -33.089985     -0.108000           NaN 
    30.855058    -33.103010     -0.044000           NaN 
    36.364236    -36.491010     -0.009000           NaN 
    36.364248    -36.500990     -0.068000           NaN 
    36.364259    -36.514015     -0.129999           NaN 
    36.364271    -36.526016     -0.195000           NaN 
    36.364282    -36.537983     -0.257000           NaN 
    36.364294    -36.549984     -0.320000           NaN 
    36.364306    -36.562977     -0.385000           NaN 
    36.364317    -36.576000     -0.447000           NaN 
    36.364329    -36.588000     -0.510999           NaN 
    36.364340    -36.600000     -0.575000           NaN 
    36.364352    -36.612000     -0.639000           NaN 
    36.364363    -36.624992     -0.701000           NaN 
    36.364375    -36.637985     -0.765000           NaN 
    36.364387    -36.648990     -0.829000           NaN 
    36.364398    -36.661022     -0.893000           NaN 
    36.364410    -36.674015     -0.955000           NaN 
    36.364421    -36.687008     -1.020000           NaN 
    36.364433    -36.699010     -1.083000           NaN 
    36.364444    -36.711006     -1.147000           NaN 
    36.364479    -36.748993     -1.336000           NaN 
    36.364491    -36.760000     -1.400000           NaN 
    36.364502    -36.773026     -1.464000           NaN 
    36.364514    -36.784992     -1.527000           NaN 
    36.364525    -36.798016     -1.591000           NaN 
    36.364537    -36.811010     -1.655000           NaN 
    36.364560    -36.833984     -1.775000           NaN 
    36.364572    -36.846016     -1.833000           NaN 
    36.364583    -36.856990     -1.895000           NaN 
    36.364595    -36.868990     -1.959000           NaN 
    36.858900    -34.320000     -1.987000           NaN 
    36.858912    -34.332993     -1.923000           NaN 
    36.858924    -34.344994     -1.859000           NaN 
    36.858935    -34.356000     -1.795000           NaN 
    36.858947    -34.368990     -1.731000           NaN 
    36.858958    -34.381023     -1.675000           NaN 
    36.858970    -34.390976     -1.617000           NaN 
    36.858981    -34.404000     -1.553000           NaN 
    36.858993    -34.416992     -1.489000           NaN 
    36.859005    -34.429985     -1.425000           NaN 
    36.859016    -34.442017     -1.361000           NaN 
    36.859039    -34.466015     -1.234000           NaN 
    36.859051    -34.479008     -1.170000           NaN 
    36.859062    -34.492000     -1.106000           NaN 
    36.859074    -34.502975     -1.043000           NaN 
    36.859086    -34.516000     -0.979000           NaN 
    36.859097    -34.528000     -0.916000           NaN 
    36.859109    -34.541985     -0.852000           NaN 
    36.859132    -34.564990     -0.723000           NaN 
    36.859144    -34.576992     -0.667000           NaN 
    36.859155    -34.588993     -0.608000           NaN 
    36.859167    -34.600000     -0.546000           NaN 
    36.859178    -34.612990     -0.482000           NaN 
    36.859201    -34.637985     -0.353000           NaN 
    36.859213    -34.651010     -0.290000           NaN 
    36.859225    -34.661983     -0.226000           NaN 
    36.859236    -34.674976     -0.163000           NaN 
    36.859248    -34.688000     -0.098000           NaN 
    36.859259    -34.700993     -0.035000           NaN 
    37.354306    -33.002975     -0.584000           NaN 
    37.354317    -33.016000     -0.648000           NaN 
    37.354329    -33.028000     -0.712000           NaN 
    37.354340    -33.041023     -0.774000           NaN 
    37.354352    -33.054016     -0.838000           NaN 
    37.354363    -33.064990     -0.902000           NaN 
    37.354375    -33.076992     -0.959000           NaN 
    37.354387    -33.088000     -1.016999           NaN 
    37.354398    -33.100000     -1.079000           NaN 
    37.354410    -33.112000     -1.144000           NaN 
    37.354421    -33.124992     -1.206000           NaN 
    37.354433    -33.137985     -1.270000           NaN 
    37.354444    -33.148990     -1.333000           NaN 
    37.354456    -33.161983     -1.397000           NaN 
    37.354468    -33.174015     -1.461000           NaN 
    37.354479    -33.187008     -1.525000           NaN 
    37.354491    -33.200000     -1.588000           NaN 
    37.354502    -33.211006     -1.650000           NaN 
    37.354514    -33.222977     -1.714000           NaN 
    37.354525    -33.236990     -1.777000           NaN 
    37.354537    -33.248993     -1.841000           NaN 
    37.354549    -33.261986     -1.905000           NaN 
    37.354560    -33.273026     -1.969000           NaN 
    42.864549    -36.444992     -1.954000           NaN 
    42.864583    -36.484000     -1.762000           NaN 
    42.864595    -36.495007     -1.700000           NaN 
    42.864606    -36.508000     -1.635000           NaN 
    42.864618    -36.520000     -1.578000           NaN 
    42.864630    -36.529984     -1.520000           NaN 
    42.864641    -36.541985     -1.456000           NaN 
    42.864653    -36.556000     -1.392000           NaN 
    42.864664    -36.568000     -1.329000           NaN 
    42.864676    -36.580994     -1.265000           NaN 
    42.864688    -36.592000     -1.201000           NaN 
    42.864699    -36.605022     -1.137000           NaN 
    42.864711    -36.618015     -1.073000           NaN 
    42.864722    -36.630016     -1.010000           NaN 
    42.864734    -36.641983     -0.946000           NaN 
    42.864745    -36.653984     -0.883000           NaN 
    42.864757    -36.666977     -0.819000           NaN 
    42.864769    -36.680000     -0.755000           NaN 
    43.359815    -35.004993     -0.028000           NaN 
    43.359826    -35.016000     -0.091000           NaN 
    43.359838    -35.028000     -0.154000           NaN 
    43.359850    -35.041023     -0.211000           NaN 
    43.359861    -35.051006     -0.269000           NaN 
    43.359873    -35.062977     -0.332000           NaN 
    43.359884    -35.076000     -0.396000           NaN 
    43.359919    -35.112000     -0.587000           NaN 
    43.359931    -35.124992     -0.649000           NaN 
    43.359942    -35.137985     -0.713000           NaN 
    43.359954    -35.151010     -0.777000           NaN 
    43.359965    -35.161983     -0.840000           NaN 
    43.359977    -35.174015     -0.903000           NaN 
    43.359988    -35.188000     -0.968000           NaN 
    43.360012    -35.211006     -1.094000           NaN 
    43.854792    -33.180992     -0.142000           NaN 
    43.854803    -33.193985     -0.077000           NaN 
    43.854815    -33.207010     -0.015000           NaN 
    49.365069    -36.984000     -0.044000           NaN 
    49.365081    -36.995007     -0.106000           NaN 
    49.859676    -34.790016     -1.971000           NaN 
    49.859688    -34.802017     -1.907000           NaN 
    49.859699    -34.813984     -1.844000           NaN 
    49.859711    -34.827007     -1.780000           NaN 
    49.859722    -34.840000     -1.716000           NaN 
    49.859734    -34.852993     -1.652000           NaN 
    49.859919    -35.049023     -0.645000           NaN 
    49.859931    -35.060993     -0.581000           NaN 
    49.859942    -35.074017     -0.519000           NaN 
    49.859954    -35.084990     -0.454000           NaN 
    49.859965    -35.097984     -0.390000           NaN 
    49.859977    -35.109985     -0.334000           NaN 
    49.859988    -35.120000     -0.276000           NaN 
    49.860000    -35.132000     -0.212000           NaN 
    49.860012    -35.145985     -0.149000           NaN 
    49.860023    -35.157986     -0.084000           NaN 
    49.860035    -35.169983     -0.021000           NaN 
    50.354907    -33.340992     -0.053000           NaN 
    50.354919    -33.354015     -0.116000           NaN 
    50.354931    -33.365986     -0.181000           NaN 
    50.354942    -33.377983     -0.244000           NaN 
    50.354954    -33.390015     -0.306000           NaN 
    50.354965    -33.403008     -0.371000           NaN 
    50.354977    -33.416000     -0.433000           NaN 
    50.354988    -33.427010     -0.498000           NaN 
    50.355000    -33.439007     -0.561000           NaN 
    50.355012    -33.452000     -0.624000           NaN 
    50.355023    -33.464993     -0.687000           NaN 
    50.355035    -33.476994     -0.750000           NaN 
    50.355081    -33.523006     -0.991000           NaN 
    50.355093    -33.536000     -1.055000           NaN 
    50.355104    -33.549023     -1.119000           NaN 
    50.355116    -33.560993     -1.183000           NaN 
    50.355127    -33.574017     -1.246000           NaN 
    50.355139    -33.584990     -1.310000           NaN 
    50.355162    -33.610977     -1.435000           NaN 
    50.355174    -33.622974     -1.499000           NaN 
    50.355185    -33.635010     -1.563000           NaN 
    50.355197    -33.647007     -1.627000           NaN 
    50.355208    -33.660000     -1.690000           NaN 
    50.355255    -33.708992     -1.943000           NaN 
    55.864479    -36.608994     -1.943000           NaN 
    55.864491    -36.620000     -1.879000           NaN 
    55.864595    -36.732000     -1.306000           NaN 
    55.864606    -36.744000     -1.244000           NaN 
    55.864618    -36.756992     -1.180000           NaN 
    55.864630    -36.769985     -1.116000           NaN 
    55.864641    -36.782974     -1.053000           NaN 
    55.864653    -36.794018     -0.988000           NaN 
    55.864664    -36.805984     -0.926000           NaN 
    55.864676    -36.820000     -0.862000           NaN 
    55.864722    -36.867010     -0.620000           NaN 
    55.864734    -36.877983     -0.556000           NaN 
    55.864745    -36.890976     -0.493000           NaN 
    55.864757    -36.903008     -0.429000           NaN 
    55.864769    -36.916000     -0.366000           NaN 
    55.864780    -36.929024     -0.301000           NaN 
    55.864792    -36.940000     -0.238000           NaN 
    55.864803    -36.952990     -0.174000           NaN 
    55.864815    -36.966015     -0.110000           NaN 
    55.864826    -36.977985     -0.047000           NaN 
    56.359664    -35.136993     -0.036000           NaN 
    56.359676    -35.148990     -0.098000           NaN 
    56.359688    -35.161022     -0.161000           NaN 
    56.359699    -35.174015     -0.225000           NaN 
    56.359711    -35.187008     -0.288000           NaN 
    56.359722    -35.199010     -0.352000           NaN 
    56.359734    -35.209984     -0.415000           NaN 
    56.359745    -35.222977     -0.480000           NaN 
    56.359757    -35.236000     -0.542000           NaN 
    56.359769    -35.248000     -0.606000           NaN 
    56.359780    -35.260000     -0.670000           NaN 
    56.359792    -35.272000     -0.732000           NaN 
    56.359803    -35.284992     -0.797000           NaN 
    56.359815    -35.298016     -0.860000           NaN 
    56.359826    -35.308990     -0.923000           NaN 
    56.359838    -35.320990     -0.987000           NaN 
    56.359850    -35.333984     -1.050000           NaN 
    56.359861    -35.346977     -1.114000           NaN 
    56.359873    -35.359010     -1.176000           NaN 
    56.359884    -35.371010     -1.241000           NaN 
    56.359896    -35.383007     -1.303000           NaN 
    56.359907    -35.396000     -1.367000           NaN 
    56.359919    -35.408993     -1.430000           NaN 
    56.359931    -35.419968     -1.494000           NaN 
    56.359942    -35.432990     -1.558000           NaN 
    56.359954    -35.444992     -1.621000           NaN 
    56.359965    -35.458015     -1.685000           NaN 
    56.359977    -35.471010     -1.747000           NaN 
    56.359988    -35.481983     -1.811000           NaN 
    56.360000    -35.493984     -1.874000           NaN 
    56.360012    -35.506977     -1.938000           NaN 
    56.360023    -35.519010     -1.996000           NaN 
    56.854306    -33.006977     -1.576000           NaN 
    56.854317    -33.020000     -1.512000           NaN 
    56.854329    -33.032993     -1.450000           NaN 
    56.854340    -33.044000     -1.385000           NaN 
    56.854352    -33.056000     -1.321000           NaN 
    56.854363    -33.070015     -1.259000           NaN 
    56.854375    -33.081985     -1.195000           NaN 
    56.854387    -33.095010     -1.130000           NaN 
    56.854433    -33.144000     -0.876000           NaN 
    56.854444    -33.156000     -0.812000           NaN 
    56.854456    -33.168000     -0.750000           NaN 
    56.854468    -33.180992     -0.686000           NaN 
    56.854479    -33.193985     -0.621000           NaN 
    56.854491    -33.205982     -0.559000           NaN 
    56.854502    -33.217983     -0.494000           NaN 
    56.854514    -33.230015     -0.431000           NaN 
    56.854525    -33.242016     -0.373000           NaN 
    56.854537    -33.252000     -0.317000           NaN 
    56.854549    -33.265022     -0.252999           NaN 
    56.854560    -33.278015     -0.189000           NaN 
    56.854572    -33.290016     -0.125000           NaN 
    56.854583    -33.302017     -0.062000           NaN 
   211.856690    -36.083970     -1.950000           NaN 
   211.856701    -36.097984     -1.885000           NaN 
   211.856713    -36.109985     -1.823000           NaN 
   211.856725    -36.120990     -1.759000           NaN 
   211.856736    -36.134014     -1.695000           NaN 
   211.856748    -36.145985     -1.632000           NaN 
   211.856759    -36.160000     -1.568000           NaN 
   211.856771    -36.172000     -1.504000           NaN 
   211.856782    -36.182976     -1.441000           NaN 
   211.856794    -36.195970     -1.377000           NaN 
   211.856806    -36.208992     -1.313000           NaN 
   211.856817    -36.220993     -1.249000           NaN 
   211.856829    -36.234016     -1.186000           NaN 
   211.856840    -36.244990     -1.122000           NaN 
   211.856852    -36.257984     -1.060000           NaN 
   211.856863    -36.269985     -1.002000           NaN 
   211.856875    -36.280000     -0.945000           NaN 
   211.856887    -36.292000     -0.881000           NaN 
   211.856898    -36.305984     -0.817000           NaN 
   211.856910    -36.317986     -0.754000           NaN 
   211.856921    -36.329025     -0.690000           NaN 
   211.856933    -36.342014     -0.626000           NaN 
   211.856944    -36.355007     -0.564000           NaN 
   211.856956    -36.368000     -0.500000           NaN 
   211.856968    -36.380000     -0.436000           NaN 
   211.856979    -36.390976     -0.373000           NaN 
   211.856991    -36.404000     -0.308000           NaN 
   211.857002    -36.416992     -0.246000           NaN 
   211.857014    -36.429024     -0.181000           NaN 
   211.857025    -36.442017     -0.119000           NaN 
   211.857037    -36.452990     -0.055000           NaN 
   212.351933    -34.634014     -0.031000           NaN 
   212.351944    -34.645985     -0.095000           NaN 
   212.351956    -34.660000     -0.159000           NaN 
   212.351968    -34.672000     -0.223000           NaN 
   212.351979    -34.684000     -0.287000           NaN 
   212.351991    -34.695970     -0.350000           NaN 
   212.352002    -34.708992     -0.413000           NaN 
   212.352014    -34.720993     -0.470000           NaN 
   212.352025    -34.730976     -0.528000           NaN 
   212.352037    -34.744000     -0.592000           NaN 
   212.352049    -34.756000     -0.655000           NaN 
   212.352060    -34.769024     -0.719000           NaN 
   212.352072    -34.780000     -0.783000           NaN 
   212.352083    -34.792990     -0.847000           NaN 
   212.352095    -34.805984     -0.911000           NaN 
   212.352106    -34.817986     -0.973000           NaN 
   212.352118    -34.831010     -1.036999           NaN 
   212.352130    -34.842014     -1.101000           NaN 
   212.352141    -34.855007     -1.165000           NaN 
   212.352153    -34.868000     -1.229000           NaN 
   212.352164    -34.880000     -1.293000           NaN 
   212.352176    -34.892000     -1.356000           NaN 
   212.352187    -34.904000     -1.420000           NaN 
   212.352199    -34.916992     -1.482000           NaN 
   212.352211    -34.929985     -1.547000           NaN 
   212.352222    -34.942017     -1.611000           NaN 
   212.352234    -34.954018     -1.673000           NaN 
   212.352245    -34.966015     -1.731000           NaN 
   212.352257    -34.976994     -1.788000           NaN 
   212.352269    -34.988000     -1.852000           NaN 
   212.352280    -35.000990     -1.915000           NaN 
   212.352292    -35.014015     -1.979000           NaN 
   218.357153    -36.605022     -0.042000           NaN 
   218.357164    -36.616993     -0.106000           NaN 
   218.357176    -36.628000     -0.169000           NaN 
   218.357187    -36.640990     -0.233000           NaN 
   218.357199    -36.653023     -0.297000           NaN 
   218.357211    -36.666016     -0.361000           NaN 
   218.357222    -36.679010     -0.424000           NaN 
   218.357234    -36.690018     -0.487000           NaN 
   218.357245    -36.703007     -0.551000           NaN 
   218.357257    -36.716000     -0.616000           NaN 
   218.357269    -36.728000     -0.678000           NaN 
   218.357280    -36.740993     -0.742000           NaN 
   218.357292    -36.752000     -0.806000           NaN 
   218.357303    -36.765022     -0.870000           NaN 
   218.357315    -36.778015     -0.934000           NaN 
   218.357326    -36.790016     -0.997000           NaN 
   218.357338    -36.802017     -1.060000           NaN 
   218.357350    -36.813984     -1.124000           NaN 
   218.357361    -36.827007     -1.188000           NaN 
   218.357373    -36.838978     -1.246000           NaN 
   218.357384    -36.848990     -1.303000           NaN 
   218.357396    -36.861984     -1.367000           NaN 
   218.357407    -36.875008     -1.430000           NaN 
   218.357419    -36.887010     -1.494000           NaN 
   218.357431    -36.898018     -1.558000           NaN 
   218.357442    -36.911007     -1.621000           NaN 
   218.357454    -36.924000     -1.685000           NaN 
   218.357465    -36.937023     -1.749000           NaN 
   218.357477    -36.948994     -1.811000           NaN 
   218.357488    -36.960000     -1.875000           NaN 
   218.357500    -36.972992     -1.938000           NaN 
   218.851794    -34.425983     -1.953000           NaN 
   218.851806    -34.437984     -1.897000           NaN 
   218.851817    -34.448994     -1.839000           NaN 
   218.851829    -34.460990     -1.775000           NaN 
   218.851840    -34.472992     -1.711000           NaN 
   218.851852    -34.485985     -1.647000           NaN 
   218.851863    -34.499010     -1.584000           NaN 
   218.851875    -34.510017     -1.520000           NaN 
   218.851887    -34.523006     -1.458000           NaN 
   218.851898    -34.535007     -1.394000           NaN 
   218.851910    -34.548000     -1.329000           NaN 
   218.851921    -34.560993     -1.267000           NaN 
   218.851933    -34.572000     -1.203000           NaN 
   218.851944    -34.583970     -1.140000           NaN 
   218.851956    -34.597984     -1.076000           NaN 
   218.851968    -34.609985     -1.011999           NaN 
   218.851979    -34.622974     -0.949000           NaN 
   218.851991    -34.634014     -0.885000           NaN 
   218.852002    -34.645985     -0.821000           NaN 
   218.852014    -34.660000     -0.758000           NaN 
   218.852025    -34.672000     -0.695000           NaN 
   218.852037    -34.684000     -0.630000           NaN 
   218.852049    -34.695970     -0.567000           NaN 
   218.852060    -34.708000     -0.510000           NaN 
   218.852072    -34.717983     -0.452000           NaN 
   218.852083    -34.730976     -0.389000           NaN 
   218.852095    -34.744000     -0.325000           NaN 
   218.852106    -34.756000     -0.262000           NaN 
   218.852118    -34.769024     -0.198000           NaN 
   218.852130    -34.780000     -0.135000           NaN 
   218.852141    -34.792000     -0.072000           NaN 
   218.852153    -34.805984     -0.008000           NaN 
   219.347083    -33.008000     -0.150000           NaN 
   219.347095    -33.020992     -0.213000           NaN 
   219.347106    -33.031010     -0.271000           NaN 
   219.347118    -33.041985     -0.327000           NaN 
   219.347130    -33.056000     -0.392000           NaN 
   219.347141    -33.068000     -0.456000           NaN 
   219.347153    -33.080994     -0.519000           NaN 
   219.347164    -33.092000     -0.583000           NaN 
   219.347176    -33.105022     -0.647000           NaN 
   219.347187    -33.118015     -0.709000           NaN 
   219.347199    -33.130016     -0.774000           NaN 
   219.347211    -33.141983     -0.837000           NaN 
   219.347222    -33.153984     -0.900000           NaN 
   219.347234    -33.166977     -0.964000           NaN 
   219.347245    -33.180000     -1.026999           NaN 
   219.347257    -33.192000     -1.091000           NaN 
   219.347269    -33.204000     -1.155000           NaN 
   219.347280    -33.216000     -1.219000           NaN 
   219.347292    -33.228992     -1.282000           NaN 
   219.347303    -33.242016     -1.346000           NaN 
   219.347315    -33.252990     -1.410000           NaN 
   219.347326    -33.265022     -1.474000           NaN 
   219.347338    -33.278015     -1.530000           NaN 
   219.347350    -33.288000     -1.588000           NaN 
   219.347361    -33.300000     -1.652000           NaN 
   219.347373    -33.312992     -1.716000           NaN 
   219.347384    -33.325985     -1.778000           NaN 
   219.347396    -33.338017     -1.843000           NaN 
   219.347407    -33.350018     -1.907000           NaN 
   219.347419    -33.361984     -1.969000           NaN 
   224.857153    -36.440000     -1.992000           NaN 
   224.857164    -36.452000     -1.928000           NaN 
   224.857176    -36.464993     -1.864000           NaN 
   224.857187    -36.477985     -1.800000           NaN 
   224.857199    -36.489025     -1.736000           NaN 
   224.857211    -36.502014     -1.673000           NaN 
   224.857222    -36.514015     -1.609000           NaN 
   224.857234    -36.527008     -1.545000           NaN 
   224.857245    -36.540000     -1.482000           NaN 
   224.857257    -36.551006     -1.418000           NaN 
   224.857269    -36.562977     -1.361000           NaN 
   224.857280    -36.574017     -1.305000           NaN 
   224.857292    -36.585983     -1.241000           NaN 
   224.857303    -36.597984     -1.178000           NaN 
   224.857315    -36.612000     -1.114000           NaN 
   224.857326    -36.624000     -1.050000           NaN 
   224.857338    -36.635010     -0.987000           NaN 
   224.857350    -36.648000     -0.922000           NaN 
   224.857361    -36.660000     -0.860000           NaN 
   224.857373    -36.672993     -0.796000           NaN 
   224.857384    -36.686016     -0.732000           NaN 
   224.857396    -36.696990     -0.668000           NaN 
   224.857407    -36.709984     -0.604000           NaN 
   224.857419    -36.722977     -0.542000           NaN 
   224.857431    -36.734978     -0.477000           NaN 
   224.857442    -36.748000     -0.415000           NaN 
   224.857454    -36.759007     -0.350000           NaN 
   224.857465    -36.771008     -0.287000           NaN 
   224.857477    -36.784992     -0.224000           NaN 
   224.857488    -36.796993     -0.159000           NaN 
   224.857500    -36.808990     -0.097000           NaN 
   224.857512    -36.820990     -0.033000           NaN 
   225.352407    -34.996000     -0.009000           NaN 
   225.352419    -35.008000     -0.073000           NaN 
   225.352431    -35.020992     -0.137000           NaN 
   225.352442    -35.033985     -0.201000           NaN 
   225.352454    -35.044000     -0.257000           NaN 
   225.352465    -35.056000     -0.315000           NaN 
   225.352477    -35.068993     -0.378000           NaN 
   225.352488    -35.080994     -0.443000           NaN 
   225.352500    -35.092990     -0.505000           NaN 
   225.352512    -35.105022     -0.570000           NaN 
   225.352523    -35.118015     -0.633000           NaN 
   225.352535    -35.131010     -0.696000           NaN 
   225.352546    -35.141983     -0.760000           NaN 
   225.352558    -35.155006     -0.824000           NaN 
   225.352569    -35.166977     -0.888000           NaN 
   225.352581    -35.180000     -0.951000           NaN 
   225.352593    -35.192993     -1.015000           NaN 
   225.352604    -35.204000     -1.078000           NaN 
   225.352616    -35.217026     -1.142000           NaN 
   225.352627    -35.230015     -1.206000           NaN 
   225.352639    -35.242016     -1.270000           NaN 
   225.352650    -35.255010     -1.333000           NaN 
   225.352662    -35.265984     -1.397000           NaN 
   225.352674    -35.278976     -1.461000           NaN 
   225.352685    -35.292000     -1.524000           NaN 
   225.352697    -35.302017     -1.581000           NaN 
   225.352708    -35.312992     -1.639000           NaN 
   225.352720    -35.327007     -1.703000           NaN 
   225.352731    -35.338978     -1.765000           NaN 
   225.352743    -35.350018     -1.829000           NaN 
   225.352755    -35.363007     -1.894000           NaN 
   225.352766    -35.375008     -1.956000           NaN 
   225.847222    -33.012993     -0.955000           NaN 
   225.847234    -33.026016     -0.893000           NaN 
   225.847245    -33.036990     -0.829000           NaN 
   225.847257    -33.049023     -0.764000           NaN 
   225.847269    -33.062977     -0.701000           NaN 
   225.847280    -33.075010     -0.638000           NaN 
   225.847292    -33.088000     -0.575000           NaN 
   225.847303    -33.099007     -0.510000           NaN 
   225.847315    -33.112000     -0.447000           NaN 
   225.847326    -33.124992     -0.383000           NaN 
   225.847338    -33.136993     -0.320000           NaN 
   225.847350    -33.148000     -0.257000           NaN 
   225.847361    -33.161022     -0.193000           NaN 
   225.847373    -33.174015     -0.128999           NaN 
   225.847384    -33.187008     -0.064999           NaN 
   225.847396    -33.199010     -0.002000           NaN 
   231.357581    -36.948994     -0.011000           NaN 
   231.357593    -36.960000     -0.075000           NaN 
   231.357604    -36.972000     -0.132000           NaN 
   231.357616    -36.981983     -0.189000           NaN 
   231.357627    -36.995007     -0.252999           NaN 
   231.852199    -34.765022     -1.951000           NaN 
   231.852211    -34.778015     -1.887000           NaN 
   231.852222    -34.791008     -1.823000           NaN 
   231.852234    -34.802017     -1.759000           NaN 
   231.852245    -34.813984     -1.696000           NaN 
   231.852257    -34.827007     -1.632000           NaN 
   231.852269    -34.840000     -1.568000           NaN 
   231.852280    -34.852000     -1.505000           NaN 
   231.852292    -34.864000     -1.441000           NaN 
   231.852303    -34.876000     -1.379000           NaN 
   231.852315    -34.888992     -1.315000           NaN 
   231.852326    -34.902016     -1.250000           NaN 
   231.852338    -34.912990     -1.188000           NaN 
   231.852350    -34.925983     -1.124000           NaN 
   231.852361    -34.937984     -1.060000           NaN 
   231.852373    -34.952000     -0.996000           NaN 
   231.852384    -34.964000     -0.932000           NaN 
   231.852396    -34.975006     -0.870000           NaN 
   231.852407    -34.988000     -0.806000           NaN 
   231.852419    -35.000000     -0.749000           NaN 
   231.852431    -35.010017     -0.691000           NaN 
   231.852442    -35.022015     -0.627000           NaN 
   231.852454    -35.035007     -0.565000           NaN 
   231.852465    -35.048000     -0.500000           NaN 
   231.852477    -35.058975     -0.438000           NaN 
   231.852488    -35.072000     -0.373000           NaN 
   231.852500    -35.083970     -0.309000           NaN 
   231.852512    -35.097984     -0.247000           NaN 
   231.852523    -35.109985     -0.182000           NaN 
   231.852535    -35.120990     -0.120000           NaN 
   231.852546    -35.134014     -0.055000           NaN 
   232.347431    -33.307007     -0.004000           NaN 
   232.347442    -33.320000     -0.068000           NaN 
   232.347454    -33.332000     -0.131000           NaN 
   232.347465    -33.344994     -0.195000           NaN 
   232.347477    -33.356000     -0.257999           NaN 
   232.347488    -33.368990     -0.322000           NaN 
   232.347500    -33.381985     -0.385000           NaN 
   232.347512    -33.394016     -0.449000           NaN 
   232.347523    -33.406017     -0.513000           NaN 
   232.347535    -33.417984     -0.576000           NaN 
   232.347546    -33.431007     -0.639000           NaN 
   232.347558    -33.444000     -0.704000           NaN 
   232.347569    -33.456000     -0.766000           NaN 
   232.347581    -33.468000     -0.830000           NaN 
   232.347593    -33.480000     -0.894000           NaN 
   232.347604    -33.493023     -0.958000           NaN 
   232.347616    -33.506016     -1.021999           NaN 
   232.347627    -33.516990     -1.084000           NaN 
   232.347639    -33.528000     -1.142000           NaN 
   232.347650    -33.540000     -1.200000           NaN 
   232.347662    -33.552000     -1.262000           NaN 
   232.347674    -33.564000     -1.326000           NaN 
   232.347685    -33.576992     -1.390000           NaN 
   232.347697    -33.589985     -1.453000           NaN 
   232.347708    -33.601982     -1.517000           NaN 
   232.347720    -33.614017     -1.581000           NaN 
   232.347731    -33.626015     -1.645000           NaN 
   232.347743    -33.639008     -1.708000           NaN 
   232.347755    -33.652000     -1.772000           NaN 
   232.347766    -33.663010     -1.836000           NaN 
   232.347778    -33.676000     -1.899000           NaN 
   232.347789    -33.688000     -1.963000           NaN 
   237.857199    -36.653023     -1.951000           NaN 
   237.857211    -36.666977     -1.887000           NaN 
   237.857222    -36.679010     -1.823000           NaN 
   237.857234    -36.690018     -1.759000           NaN 
   237.857245    -36.703007     -1.696000           NaN 
   237.857257    -36.716000     -1.632000           NaN 
   237.857269    -36.728992     -1.570000           NaN 
   237.857280    -36.740993     -1.505000           NaN 
   237.857292    -36.752000     -1.443000           NaN 
   237.857303    -36.765022     -1.379000           NaN 
   237.857315    -36.778015     -1.315000           NaN 
   237.857326    -36.791008     -1.252000           NaN 
   237.857338    -36.802017     -1.188000           NaN 
   237.857350    -36.813984     -1.124000           NaN 
   237.857361    -36.827007     -1.060000           NaN 
   237.857373    -36.840000     -0.997000           NaN 
   237.857384    -36.852000     -0.934000           NaN 
   237.857396    -36.864000     -0.870000           NaN 
   237.857407    -36.875008     -0.812000           NaN 
   237.857419    -36.887010     -0.755000           NaN 
   237.857431    -36.898018     -0.691000           NaN 
   237.857442    -36.911007     -0.629000           NaN 
   237.857454    -36.924000     -0.565000           NaN 
   237.857465    -36.937023     -0.501000           NaN 
   237.857477    -36.948994     -0.438000           NaN 
   237.857488    -36.960000     -0.373000           NaN 
   237.857500    -36.972992     -0.311000           NaN 
   237.857512    -36.985985     -0.247000           NaN 
   237.857523    -36.997986     -0.183000           NaN 
   238.352419    -35.192993     -0.015000           NaN 
   238.352431    -35.205982     -0.077000           NaN 
   238.352442    -35.217026     -0.142000           NaN 
   238.352454    -35.230015     -0.204000           NaN 
   238.352465    -35.243008     -0.269000           NaN 
   238.352477    -35.255010     -0.332000           NaN 
   238.352488    -35.265984     -0.396000           NaN 
   238.352500    -35.278976     -0.459000           NaN 
   238.352512    -35.292000     -0.523000           NaN 
   238.352523    -35.304993     -0.587000           NaN 
   238.352535    -35.317024     -0.650000           NaN 
   238.352546    -35.328000     -0.713000           NaN 
   238.352558    -35.340992     -0.778000           NaN 
   238.352569    -35.354015     -0.840000           NaN 
   238.352581    -35.367010     -0.904000           NaN 
   238.352593    -35.377983     -0.968000           NaN 
   238.352604    -35.390015     -1.031999           NaN 
   238.352616    -35.403008     -1.096000           NaN 
   238.352627    -35.416000     -1.158000           NaN 
   238.352639    -35.427010     -1.223000           NaN 
   238.352650    -35.440000     -1.285000           NaN 
   238.352662    -35.452000     -1.344000           NaN 
   238.352674    -35.463010     -1.400000           NaN 
   238.352685    -35.473984     -1.464000           NaN 
   238.352697    -35.487007     -1.527000           NaN 
   238.352708    -35.500000     -1.591000           NaN 
   238.352720    -35.512993     -1.655000           NaN 
   238.352731    -35.524000     -1.719000           NaN 
   238.352743    -35.536000     -1.782000           NaN 
   238.352755    -35.549023     -1.846000           NaN 
   238.352766    -35.562016     -1.908000           NaN 
   238.352778    -35.575010     -1.973000           NaN 
   238.847025    -33.012000     -1.910000           NaN 
   238.847037    -33.023006     -1.846000           NaN 
   238.847049    -33.035007     -1.782000           NaN 
   238.847060    -33.049023     -1.719000           NaN 
   238.847072    -33.060993     -1.655000           NaN 
   238.847083    -33.072000     -1.591000           NaN 
   238.847095    -33.084990     -1.527000           NaN 
   238.847106    -33.097984     -1.464000           NaN 
   238.847118    -33.110977     -1.400000           NaN 
   238.847130    -33.122974     -1.336000           NaN 
   238.847141    -33.134014     -1.274000           NaN 
   238.847153    -33.147007     -1.209000           NaN 
   238.847164    -33.160000     -1.147000           NaN 
   238.847176    -33.172993     -1.083000           NaN 
   238.847187    -33.184000     -1.019000           NaN 
   238.847199    -33.195970     -0.955000           NaN 
   238.847211    -33.208992     -0.891000           NaN 
   238.847222    -33.221985     -0.829000           NaN 
   238.847234    -33.234016     -0.764000           NaN 
   238.847245    -33.246017     -0.701000           NaN 
   238.847257    -33.257984     -0.638000           NaN 
   238.847269    -33.269985     -0.580000           NaN 
   238.847280    -33.280990     -0.523000           NaN 
   238.847292    -33.292990     -0.459000           NaN 
   238.847303    -33.305984     -0.396000           NaN 
   238.847315    -33.319008     -0.332000           NaN 
   238.847326    -33.331010     -0.269000           NaN 
   238.847338    -33.342014     -0.205000           NaN 
   238.847350    -33.355007     -0.142000           NaN 
   238.847361    -33.368000     -0.077000           NaN 
   238.847373    -33.381023     -0.015000           NaN 
   244.357176    -36.999010     -0.047000           NaN 
   244.851748    -34.794975     -1.940000           NaN 
   244.851759    -34.807007     -1.877000           NaN 
   244.851771    -34.820000     -1.813000           NaN 
   244.851782    -34.832993     -1.749000           NaN 
   244.851794    -34.846016     -1.685000           NaN 
   244.851806    -34.856990     -1.622000           NaN 
   244.851817    -34.868990     -1.558000           NaN 
   244.851829    -34.881985     -1.494000           NaN 
   244.851840    -34.894978     -1.431000           NaN 
   244.851852    -34.906017     -1.367000           NaN 
   244.851863    -34.919006     -1.303000           NaN 
   244.851875    -34.931007     -1.241000           NaN 
   244.851887    -34.944992     -1.176000           NaN 
   244.851898    -34.956993     -1.114000           NaN 
   244.851910    -34.967007     -1.055000           NaN 
   244.851921    -34.979008     -0.999000           NaN 
   244.851933    -34.992000     -0.936000           NaN 
   244.851944    -35.002975     -0.871000           NaN 
   244.851956    -35.015007     -0.809000           NaN 
   244.851968    -35.028000     -0.745000           NaN 
   244.851979    -35.041023     -0.681000           NaN 
   244.851991    -35.054016     -0.617000           NaN 
   244.852002    -35.064990     -0.553000           NaN 
   244.852014    -35.076992     -0.491000           NaN 
   244.852025    -35.091007     -0.426000           NaN 
   244.852037    -35.103010     -0.362000           NaN 
   244.852049    -35.114017     -0.299000           NaN 
   244.852060    -35.127007     -0.235000           NaN 
   244.852072    -35.139008     -0.173000           NaN 
   244.852083    -35.153023     -0.109000           NaN 
   244.852095    -35.164993     -0.046000           NaN 
