    33.353194    -38.005860    -15.328687      1.266000 
    33.353206    -38.020080    -15.385729      1.285000 
    33.353218    -38.034310    -15.442772      1.301000 
    33.353229    -38.048546    -15.499814      1.313000 
    33.353241    -38.062782    -15.556857      1.321000 
    33.353252    -38.077030    -15.613900      1.329000 
    33.353264    -38.091280    -15.670943      1.340000 
    33.353275    -38.105537    -15.727986      1.351000 
    33.353287    -38.119804    -15.785029      1.356000 
    33.353299    -38.134070    -15.842072      1.350000 
    33.353310    -38.148346    -15.899116      1.354000 
    33.353322    -38.162630    -15.956159      1.383000 
    33.353333    -38.176914    -16.013203      1.429000 
    33.353345    -38.191208    -16.070246      1.468000 
    33.353356    -38.205147    -16.125862      1.472000 
    33.353368    -38.219093    -16.181480      1.444000 
    33.353380    -38.233406    -16.238525      1.399000 
    33.353391    -38.247723    -16.295568      1.344000 
    33.353403    -38.262047    -16.352613      1.273000 
    33.353414    -38.276375    -16.409657      1.184000 
    33.353426    -38.290707    -16.466702      1.088000 
    33.353437    -38.305050    -16.523746      1.013000 
    33.353449    -38.319397    -16.580791      0.988000 
    33.353461    -38.333750    -16.637836      1.017000 
    33.353472    -38.348110    -16.694881      1.073000 
    33.353484    -38.362476    -16.751926      1.106000 
    33.353495    -38.376850    -16.808971      1.108000 
    33.353507    -38.391228    -16.866016      1.104000 
    33.353519    -38.405613    -16.923061      1.099000 
    33.353530    -38.420006    -16.980108      1.092000 
    41.869988    -38.622887    -16.974352      0.798000 
    41.870000    -38.637054    -16.918184      0.803000 
    41.870012    -38.650500    -16.864872      0.807000 
    41.870023    -38.665380    -16.805850      0.812000 
    41.870035    -38.679607    -16.749365      0.816000 
    41.870046    -38.694153    -16.691610      0.818000 
    41.870058    -38.708530    -16.634491      0.820000 
    41.870069    -38.723150    -16.576395      0.820000 
    41.870081    -38.737270    -16.520254      0.820000 
    41.870093    -38.751423    -16.463963      0.819000 
    41.870104    -38.765984    -16.406015      0.818000 
    41.870116    -38.780330    -16.348898      0.817000 
    41.870127    -38.794315    -16.293207      0.814000 
    41.870139    -38.808160    -16.238043      0.812000 
    41.870150    -38.822865    -16.179420      0.811000 
    41.870162    -38.837227    -16.122152      0.810000 
    41.870174    -38.850980    -16.067290      0.811000 
    41.870185    -38.865290    -16.010172      0.812000 
    47.353171    -38.002100    -15.331956      1.459000 
    47.353183    -38.016330    -15.389017      1.448000 
    47.353194    -38.030210    -15.444651      1.439000 
    47.353206    -38.044090    -15.500285      1.435000 
    47.353218    -38.058340    -15.557346      1.435000 
    47.353229    -38.072590    -15.614407      1.438000 
    47.353241    -38.086845    -15.671469      1.447000 
    47.353252    -38.101110    -15.728530      1.458000 
    47.353264    -38.115376    -15.785591      1.468000 
    47.353275    -38.129650    -15.842653      1.475000 
    47.353287    -38.143930    -15.899714      1.478000 
    47.353299    -38.158215    -15.956776      1.475000 
    47.353310    -38.172510    -16.013838      1.466000 
    47.353322    -38.186806    -16.070900      1.451000 
    47.353333    -38.201110    -16.127962      1.433000 
    47.353345    -38.215420    -16.185024      1.415000 
    47.353356    -38.229736    -16.242086      1.399000 
    47.353368    -38.243700    -16.297722      1.387000 
    47.353380    -38.257670    -16.353357      1.376000 
    47.353391    -38.272003    -16.410421      1.362000 
    47.353403    -38.286343    -16.467484      1.341000 
    47.353414    -38.300690    -16.524548      1.319000 
    47.353426    -38.315044    -16.581610      1.295000 
    47.353437    -38.329403    -16.638674      1.268000 
    47.353449    -38.343765    -16.695738      1.239000 
    47.353461    -38.358140    -16.752802      1.207000 
    47.353472    -38.372517    -16.809866      1.174000 
    47.353484    -38.386898    -16.866928      1.143000 
    47.353495    -38.401290    -16.923992      1.112000 
    47.353507    -38.415688    -16.981056      1.084000 
    55.869988    -38.627808    -16.961874      1.072000 
    55.870000    -38.641853    -16.906197      1.078000 
    55.870012    -38.656254    -16.849092      1.081000 
    55.870023    -38.670643    -16.791988      1.071000 
    55.870035    -38.685030    -16.734884      1.059000 
    55.870046    -38.699410    -16.677780      1.080000 
    55.870058    -38.713783    -16.620676      1.127000 
    55.870069    -38.728150    -16.563572      1.164000 
    55.870081    -38.742510    -16.506468      1.180000 
    55.870093    -38.756866    -16.449366      1.179000 
    55.870104    -38.771214    -16.392262      1.170000 
    55.870116    -38.785200    -16.336586      1.160000 
    55.870127    -38.799175    -16.280910      1.148000 
    55.870139    -38.813507    -16.223806      1.134000 
    55.870150    -38.827830    -16.166704      1.123000 
    55.870162    -38.842148    -16.109600      1.119000 
    55.870185    -38.870766    -15.995396      1.122000 
   209.869873    -38.633766    -16.944061      1.298000 
   209.869884    -38.648155    -16.886988      1.301000 
   209.869896    -38.662540    -16.829912      1.298000 
   209.869907    -38.676918    -16.772839      1.287000 
   209.869919    -38.691290    -16.715765      1.271000 
   209.869931    -38.705654    -16.658691      1.254000 
   209.869942    -38.720016    -16.601618      1.243000 
   209.869954    -38.734367    -16.544544      1.234000 
   209.869965    -38.748714    -16.487470      1.228000 
   209.869977    -38.763187    -16.429873      1.230000 
   209.869988    -38.777390    -16.373325      1.231000 
   209.870000    -38.791718    -16.316252      1.226000 
   209.870012    -38.805680    -16.260607      1.215000 
   209.870023    -38.819637    -16.204960      1.200000 
   209.870035    -38.833950    -16.147888      1.178000 
   209.870046    -38.848255    -16.090815      1.163000 
   209.870058    -38.862553    -16.033743      1.168000 
   209.870069    -38.876290    -15.978890      1.182000 
   215.353056    -38.006668    -15.331868      1.953000 
   215.353067    -38.020905    -15.388979      1.914000 
   215.353079    -38.035150    -15.446089      1.895000 
   215.353090    -38.049397    -15.503200      1.893000 
   215.353102    -38.063656    -15.560311      1.885000 
   215.353113    -38.077915    -15.617422      1.873000 
   215.353125    -38.092182    -15.674533      1.861000 
   215.353137    -38.106100    -15.730217      1.850000 
   215.353148    -38.120018    -15.785901      1.843000 
   215.353160    -38.134300    -15.843012      1.836000 
   215.353171    -38.148594    -15.900123      1.833000 
   215.353183    -38.162888    -15.957235      1.826000 
   215.353194    -38.177190    -16.014347      1.810000 
   215.353206    -38.191498    -16.071459      1.805000 
   215.353218    -38.205810    -16.128570      1.808000 
   215.353229    -38.220130    -16.185682      1.819000 
   215.353241    -38.234455    -16.242794      1.833000 
   215.353252    -38.248787    -16.299906      1.845000 
   215.353264    -38.262768    -16.355590      1.855000 
   215.353275    -38.276752    -16.411276      1.860000 
   215.353287    -38.291103    -16.468388      1.858000 
   215.353299    -38.305458    -16.525501      1.855000 
   215.353310    -38.319820    -16.582615      1.849000 
   215.353322    -38.334190    -16.639727      1.838000 
   215.353333    -38.348564    -16.696840      1.825000 
   215.353345    -38.362946    -16.753954      1.811000 
   215.353356    -38.377335    -16.811068      1.799000 
   215.353368    -38.391727    -16.868181      1.787000 
   215.353380    -38.406128    -16.925295      1.772000 
   215.353391    -38.420174    -16.980980      1.755000 
   229.353044    -38.013283    -15.369058      1.448000 
   229.353056    -38.027523    -15.426172      1.412000 
   229.353067    -38.041775    -15.483285      1.372000 
   229.353079    -38.056030    -15.540399      1.342000 
   229.353090    -38.070290    -15.597513      1.321000 
   229.353102    -38.084200    -15.653199      1.305000 
   229.353113    -38.098118    -15.708885      1.298000 
   229.353125    -38.112392    -15.765999      1.316000 
   229.353137    -38.126680    -15.823113      1.346000 
   229.353148    -38.140970    -15.880228      1.369000 
   229.353160    -38.155262    -15.937342      1.384000 
   229.353171    -38.169563    -15.994456      1.389000 
   229.353183    -38.183872    -16.051570      1.381000 
   229.353194    -38.198185    -16.108685      1.366000 
   229.353206    -38.212505    -16.165798      1.357000 
   229.353218    -38.226830    -16.222914      1.358000 
   229.353229    -38.240803    -16.278600      1.359000 
   229.353241    -38.254784    -16.334288      1.355000 
   229.353252    -38.269127    -16.391403      1.348000 
   229.353264    -38.283478    -16.448519      1.341000 
   229.353275    -38.297832    -16.505632      1.338000 
   229.353287    -38.312195    -16.562748      1.337000 
   229.353299    -38.326565    -16.619864      1.340000 
   229.353310    -38.340940    -16.676980      1.349000 
   229.353322    -38.355320    -16.734095      1.355000 
   229.353333    -38.369705    -16.791210      1.347000 
   229.353345    -38.384098    -16.848326      1.319000 
   229.353356    -38.398140    -16.904015      1.286000 
   229.353368    -38.412186    -16.959702      1.245000 
   237.869838    -38.619205    -16.996197      1.166000 
   237.869861    -38.647980    -16.882101      1.069000 
   237.869873    -38.662357    -16.825054      1.024000 
   237.869884    -38.676727    -16.768007      1.053000 
   237.869896    -38.691093    -16.710960      1.123000 
   237.869907    -38.705452    -16.653913      1.164000 
   237.869919    -38.719807    -16.596867      1.181000 
   237.869931    -38.734154    -16.539820      1.184000 
   237.869942    -38.748493    -16.482773      1.185000 
   237.869954    -38.762825    -16.425726      1.183000 
   237.869965    -38.776794    -16.370106      1.172000 
   237.869977    -38.790760    -16.314486      1.152000 
   237.869988    -38.805077    -16.257439      1.132000 
   237.870000    -38.819386    -16.200394      1.107000 
   237.870012    -38.833690    -16.143347      1.076000 
   237.870023    -38.847990    -16.086302      1.050000 
   237.870035    -38.862278    -16.029255      1.042000 
   243.353044    -38.007816    -15.317177      1.611000 
   243.353056    -38.021698    -15.372853      1.612000 
   243.353067    -38.035583    -15.428528      1.610000 
   243.353079    -38.049830    -15.485631      1.609000 
   243.353090    -38.064083    -15.542734      1.607000 
   243.353102    -38.078342    -15.599838      1.603000 
   243.353113    -38.092610    -15.656941      1.599000 
   243.353125    -38.106880    -15.714044      1.594000 
   243.353137    -38.121155    -15.771148      1.582000 
   243.353148    -38.135440    -15.828251      1.561000 
   243.353160    -38.149727    -15.885355      1.536000 
   243.353171    -38.164020    -15.942458      1.511000 
   243.353183    -38.178320    -15.999562      1.494000 
   243.353194    -38.192270    -16.055239      1.488000 
   243.353206    -38.206223    -16.110914      1.501000 
   243.353218    -38.220543    -16.168016      1.517000 
   243.353229    -38.234867    -16.225120      1.513000 
   243.353241    -38.249195    -16.282225      1.480000 
   243.353252    -38.263530    -16.339329      1.434000 
   243.353264    -38.277874    -16.396433      1.409000 
   243.353275    -38.292220    -16.453537      1.419000 
   243.353287    -38.306576    -16.510641      1.450000 
   243.353299    -38.320995    -16.567970      1.478000 
   243.353310    -38.335304    -16.624850      1.483000 
   243.353322    -38.349320    -16.680527      1.461000 
   243.353333    -38.363340    -16.736204      1.425000 
   243.353345    -38.377724    -16.793308      1.381000 
   243.353356    -38.392113    -16.850414      1.352000 
   243.353368    -38.406513    -16.907518      1.345000 
   243.353380    -38.420918    -16.964622      1.346000 
