    28.022442    -35.283140    -16.963860      1.407000 
    28.022454    -35.297028    -16.904917      1.459000 
    28.022465    -35.310910    -16.845970      1.506000 
    28.022477    -35.324787    -16.787025      1.537000 
    28.022488    -35.338657    -16.728079      1.550000 
    28.022500    -35.352524    -16.669130      1.545000 
    28.022512    -35.366383    -16.610184      1.527000 
    28.022523    -35.380234    -16.551233      1.502000 
    28.022535    -35.394080    -16.492283      1.476000 
    28.022546    -35.407920    -16.433330      1.459000 
    28.022558    -35.421757    -16.374378      1.454000 
    28.022569    -35.435590    -16.315426      1.459000 
    28.022581    -35.449410    -16.256470      1.465000 
    28.022593    -35.463230    -16.197515      1.472000 
    28.022604    -35.477040    -16.138557      1.471000 
    28.022616    -35.490850    -16.079601      1.460000 
    28.022627    -35.504650    -16.020641      1.433000 
    28.022639    -35.518444    -15.961683      1.394000 
    28.022650    -35.532234    -15.902723      1.360000 
    28.022662    -35.546020    -15.843761      1.332000 
    28.022674    -35.559800    -15.784799      1.307000 
    28.022685    -35.573570    -15.725836      1.285000 
    28.022697    -35.587337    -15.666872      1.266000 
    28.022708    -35.601100    -15.607907      1.250000 
    28.022720    -35.614860    -15.548941      1.235000 
    28.022731    -35.628610    -15.489974      1.215000 
    28.022743    -35.642357    -15.431006      1.211000 
    28.022755    -35.656097    -15.372038      1.218000 
    28.022766    -35.669834    -15.313068      1.207000 
    28.022778    -35.683563    -15.254097      1.208000 
    28.022789    -35.697290    -15.195126      1.213000 
    28.022801    -35.711006    -15.136154      1.221000 
    28.022813    -35.724724    -15.077180      1.231000 
    28.022824    -35.738434    -15.018206      1.243000 
    28.022836    -35.752136    -14.959231      1.260000 
    28.022847    -35.765835    -14.900255      1.279000 
    28.022859    -35.779530    -14.841278      1.303000 
    28.022870    -35.793217    -14.782300      1.328000 
    28.022882    -35.806900    -14.723322      1.351000 
    28.022894    -35.820580    -14.664342      1.371000 
    28.022905    -35.834250    -14.605361      1.391000 
    28.022917    -35.847920    -14.546380      1.413000 
    28.022928    -35.861584    -14.487398      1.434000 
    28.022940    -35.875244    -14.428415      1.453000 
    28.022951    -35.888897    -14.369431      1.469000 
    28.022963    -35.902546    -14.310446      1.483000 
    28.022975    -35.916187    -14.251460      1.492000 
    28.022986    -35.929830    -14.192474      1.496000 
    28.022998    -35.943462    -14.133486      1.492000 
    28.023009    -35.957090    -14.074498      1.483000 
    28.023021    -35.970715    -14.015509      1.468000 
    28.023032    -35.984333    -13.956519      1.449000 
    28.023044    -35.997948    -13.897528      1.427000 
    28.023056    -36.011560    -13.838536      1.408000 
    28.023067    -36.025166    -13.779544      1.388000 
    28.023079    -36.038765    -13.720550      1.367000 
    28.023090    -36.052360    -13.661556      1.343000 
    28.023102    -36.065952    -13.602561      1.323000 
    28.023113    -36.079540    -13.543565      1.305000 
    28.023125    -36.093120    -13.484569      1.291000 
    28.023137    -36.106700    -13.425571      1.287000 
    28.023148    -36.120274    -13.366573      1.275000 
    28.023160    -36.133840    -13.307574      1.258000 
    28.023171    -36.147404    -13.248574      1.241000 
    28.023183    -36.160960    -13.189573      1.241000 
    28.023194    -36.174520    -13.130572      1.236000 
    28.023206    -36.188070    -13.071569      1.213000 
    28.023218    -36.201614    -13.012566      1.169000 
    32.019850    -34.340360    -16.957170      1.552000 
    32.019861    -34.354260    -16.898230      1.544000 
    32.019873    -34.368156    -16.839289      1.520000 
    32.019884    -34.382050    -16.780346      1.501000 
    32.019896    -34.395935    -16.721401      1.483000 
    32.019907    -34.409813    -16.662457      1.468000 
    32.019919    -34.423687    -16.603512      1.456000 
    32.019931    -34.437557    -16.544563      1.450000 
    32.019942    -34.451416    -16.485617      1.448000 
    32.019954    -34.465275    -16.426668      1.445000 
    32.019965    -34.479122    -16.367720      1.455000 
    32.019977    -34.492970    -16.308767      1.474000 
    32.019988    -34.506805    -16.249817      1.487000 
    32.020000    -34.520640    -16.190865      1.489000 
    32.020012    -34.534470    -16.131910      1.474000 
    32.020023    -34.548290    -16.072956      1.417000 
    32.020035    -34.562107    -16.014002      1.349000 
    32.020046    -34.575916    -15.955045      1.297000 
    32.020058    -34.589720    -15.896087      1.251000 
    32.020069    -34.603520    -15.837129      1.230000 
    32.020081    -34.617313    -15.778170      1.212000 
    32.020093    -34.631104    -15.719210      1.206000 
    32.020104    -34.644886    -15.660249      1.212000 
    32.020116    -34.658665    -15.601287      1.231000 
    32.020127    -34.672436    -15.542324      1.257000 
    32.020139    -34.686200    -15.483360      1.277000 
    32.020150    -34.699963    -15.424395      1.291000 
    32.020162    -34.713720    -15.365429      1.299000 
    32.020174    -34.727470    -15.306463      1.297000 
    32.020185    -34.741215    -15.247495      1.295000 
    32.020197    -34.754955    -15.188527      1.305000 
    32.020208    -34.768690    -15.129557      1.325000 
    32.020220    -34.782417    -15.070587      1.355000 
    32.020231    -34.796143    -15.011616      1.382000 
    32.020243    -34.809860    -14.952644      1.404000 
    32.020255    -34.823574    -14.893671      1.426000 
    32.020266    -34.837284    -14.834697      1.443000 
    32.020278    -34.850986    -14.775722      1.429000 
    32.020289    -34.864685    -14.716746      1.397000 
    32.020301    -34.878380    -14.657770      1.372000 
    32.020312    -34.892067    -14.598792      1.347000 
    32.020324    -34.905750    -14.539814      1.330000 
    32.020336    -34.919430    -14.480835      1.316000 
    32.020347    -34.933100    -14.421855      1.305000 
    32.020359    -34.946770    -14.362874      1.295000 
    32.020370    -34.960430    -14.303892      1.293000 
    32.020382    -34.974090    -14.244909      1.300000 
    32.020394    -34.987743    -14.185926      1.313000 
    32.020405    -35.001392    -14.126941      1.333000 
    32.020417    -35.015038    -14.067956      1.355000 
    32.020428    -35.028675    -14.008970      1.378000 
    32.020440    -35.042310    -13.949983      1.395000 
    32.020451    -35.055940    -13.890995      1.410000 
    32.020463    -35.069565    -13.832006      1.422000 
    32.020475    -35.083183    -13.773017      1.432000 
    32.020486    -35.096800    -13.714026      1.438000 
    32.020498    -35.110413    -13.655035      1.435000 
    32.020509    -35.124016    -13.596043      1.425000 
    32.020521    -35.137620    -13.537050      1.409000 
    32.020532    -35.151215    -13.478057      1.389000 
    32.020544    -35.164806    -13.419062      1.365000 
    32.020556    -35.178394    -13.360067      1.341000 
    32.020567    -35.191980    -13.301071      1.313000 
    32.020579    -35.205560    -13.242074      1.298000 
    32.020590    -35.219130    -13.183076      1.307000 
    32.020602    -35.232700    -13.124078      1.335000 
    32.020613    -35.246265    -13.065078      1.363000 
    32.020625    -35.259827    -13.006078      1.381000 
    36.017257    -33.402090    -16.965427      1.549000 
    36.017269    -33.415993    -16.906488      1.539000 
    36.017280    -33.429890    -16.847548      1.522000 
    36.017292    -33.443783    -16.788607      1.500000 
    36.017315    -33.471546    -16.670720      1.481000 
    36.017326    -33.485420    -16.611776      1.464000 
    36.017338    -33.499290    -16.552830      1.450000 
    36.017350    -33.513153    -16.493883      1.444000 
    36.017361    -33.527008    -16.434937      1.456000 
    36.017373    -33.540860    -16.375988      1.482000 
    36.017384    -33.554703    -16.317040      1.504000 
    36.017396    -33.568542    -16.258087      1.524000 
    36.017407    -33.582380    -16.199137      1.539000 
    36.017419    -33.596207    -16.140184      1.547000 
    36.017431    -33.610027    -16.081232      1.551000 
    36.017442    -33.623844    -16.022278      1.558000 
    36.017454    -33.637653    -15.963322      1.569000 
    36.017465    -33.651460    -15.904366      1.582000 
    36.017477    -33.665260    -15.845409      1.595000 
    36.017488    -33.679054    -15.786451      1.607000 
    36.017500    -33.692844    -15.727492      1.619000 
    36.017512    -33.706627    -15.668532      1.631000 
    36.017523    -33.720406    -15.609572      1.642000 
    36.017535    -33.734177    -15.550610      1.653000 
    36.017546    -33.747944    -15.491647      1.664000 
    36.017558    -33.761703    -15.432684      1.674000 
    36.017569    -33.775460    -15.373719      1.684000 
    36.017581    -33.789210    -15.314754      1.694000 
    36.017593    -33.802956    -15.255787      1.704000 
    36.017604    -33.816696    -15.196820      1.713000 
    36.017616    -33.830433    -15.137852      1.723000 
    36.017627    -33.844162    -15.078883      1.732000 
    36.017639    -33.857887    -15.019913      1.742000 
    36.017650    -33.871605    -14.960942      1.753000 
    36.017662    -33.885320    -14.901970      1.764000 
    36.017674    -33.899030    -14.842997      1.776000 
    36.017685    -33.912730    -14.784024      1.788000 
    36.017697    -33.926434    -14.725049      1.802000 
    36.017708    -33.940125    -14.666074      1.817000 
    36.017720    -33.953815    -14.607097      1.832000 
    36.017731    -33.967500    -14.548120      1.848000 
    36.017743    -33.981174    -14.489142      1.865000 
    36.017755    -33.994850    -14.430163      1.882000 
    36.017766    -34.008520    -14.371184      1.898000 
    36.017778    -34.022182    -14.312203      1.913000 
    36.017789    -34.035843    -14.253221      1.926000 
    36.017801    -34.049496    -14.194239      1.937000 
    36.017813    -34.063145    -14.135256      1.946000 
    36.017824    -34.076790    -14.076272      1.954000 
    36.017836    -34.090427    -14.017287      1.962000 
    36.017847    -34.104060    -13.958301      1.968000 
    36.017859    -34.117690    -13.899315      1.973000 
    36.017870    -34.131317    -13.840327      1.976000 
    36.017882    -34.144936    -13.781339      1.979000 
    36.017894    -34.158554    -13.722350      1.981000 
    36.017905    -34.172165    -13.663360      1.981000 
    36.017917    -34.185770    -13.604369      1.981000 
    36.017928    -34.199370    -13.545377      1.980000 
    36.017940    -34.212970    -13.486385      1.980000 
    36.017951    -34.226562    -13.427391      1.980000 
    36.017963    -34.240150    -13.368397      1.978000 
    36.017975    -34.253735    -13.309402      1.978000 
    36.017986    -34.267310    -13.250407      1.972000 
    36.017998    -34.280888    -13.191410      1.961000 
    36.018009    -34.294456    -13.132413      1.947000 
    36.018021    -34.308020    -13.073415      1.935000 
    36.018032    -34.321583    -13.014416      1.931000 
    38.512720    -36.414585    -13.056831      1.491000 
    38.512731    -36.428150    -13.115832      1.494000 
    38.512743    -36.441720    -13.174831      1.498000 
    38.512755    -36.455290    -13.233830      1.505000 
    38.512766    -36.468872    -13.292827      1.514000 
    38.512778    -36.482452    -13.351824      1.524000 
    38.512789    -36.496040    -13.410821      1.535000 
    38.512801    -36.509632    -13.469816      1.546000 
    38.512813    -36.523228    -13.528811      1.557000 
    38.512824    -36.536827    -13.587804      1.570000 
    38.512836    -36.550434    -13.646797      1.578000 
    38.512847    -36.564040    -13.705789      1.590000 
    38.512859    -36.577656    -13.764780      1.578000 
    38.512870    -36.591278    -13.823771      1.556000 
    38.512882    -36.604900    -13.882760      1.562000 
    38.512894    -36.618530    -13.941749      1.563000 
    38.512905    -36.632164    -14.000737      1.558000 
    38.512917    -36.645800    -14.059724      1.547000 
    38.512928    -36.659443    -14.118710      1.526000 
    38.512940    -36.673090    -14.177696      1.495000 
    38.512951    -36.686745    -14.236680      1.456000 
    38.512963    -36.700400    -14.295664      1.412000 
    38.512975    -36.714066    -14.354646      1.366000 
    38.512986    -36.727734    -14.413628      1.322000 
    38.513009    -36.755080    -14.531590      1.283000 
    38.513021    -36.768764    -14.590569      1.250000 
    38.513032    -36.782450    -14.649547      1.228000 
    38.513044    -36.796143    -14.708525      1.219000 
    38.513056    -36.809840    -14.767501      1.222000 
    38.513067    -36.823544    -14.826477      1.238000 
    38.513079    -36.837250    -14.885452      1.259000 
    38.513090    -36.850964    -14.944426      1.275000 
    38.513102    -36.864680    -15.003399      1.290000 
    38.513113    -36.878407    -15.062371      1.301000 
    38.513125    -36.892130    -15.121343      1.306000 
    38.513137    -36.905870    -15.180313      1.308000 
    38.513148    -36.919605    -15.239282      1.305000 
    38.513160    -36.933350    -15.298251      1.303000 
    38.513171    -36.947098    -15.357219      1.298000 
    38.513183    -36.960854    -15.416185      1.292000 
    38.513194    -36.974613    -15.475151      1.286000 
    38.513206    -36.988380    -15.534116      1.263000 
    40.015139    -33.013332    -14.657846      1.432000 
    40.015150    -33.027023    -14.598871      1.435000 
    40.015162    -33.040703    -14.539895      1.437000 
    40.015174    -33.054382    -14.480918      1.426000 
    40.015185    -33.068054    -14.421940      1.399000 
    40.015197    -33.081722    -14.362962      1.378000 
    40.015208    -33.095387    -14.303982      1.358000 
    40.015220    -33.109043    -14.245002      1.343000 
    40.015231    -33.122696    -14.186020      1.339000 
    40.015243    -33.136345    -14.127038      1.339000 
    40.015255    -33.149986    -14.068055      1.337000 
    40.015266    -33.163628    -14.009072      1.336000 
    40.015278    -33.177260    -13.950087      1.337000 
    40.015289    -33.190887    -13.891101      1.337000 
    40.015301    -33.204514    -13.832115      1.337000 
    40.015312    -33.218132    -13.773128      1.335000 
    40.015324    -33.231747    -13.714140      1.333000 
    40.015336    -33.245358    -13.655151      1.329000 
    40.015347    -33.258965    -13.596161      1.324000 
    40.015359    -33.272564    -13.537171      1.317000 
    40.015370    -33.286160    -13.478179      1.309000 
    40.015382    -33.299750    -13.419187      1.299000 
    40.015394    -33.313340    -13.360194      1.289000 
    40.015405    -33.326920    -13.301201      1.279000 
    40.015417    -33.340500    -13.242206      1.270000 
    40.015428    -33.354073    -13.183211      1.262000 
    40.015440    -33.367640    -13.124214      1.256000 
    40.015451    -33.381207    -13.065217      1.254000 
    40.015463    -33.394768    -13.006219      1.253000 
    42.510139    -35.476627    -13.017832      1.160000 
    42.510150    -35.490190    -13.076834      1.141000 
    42.510162    -35.503754    -13.135836      1.121000 
    42.510174    -35.517323    -13.194837      1.106000 
    42.510185    -35.530895    -13.253837      1.097000 
    42.510197    -35.544476    -13.312836      1.095000 
    42.510208    -35.558060    -13.371834      1.094000 
    42.510220    -35.571648    -13.430832      1.094000 
    42.510231    -35.585240    -13.489829      1.096000 
    42.510243    -35.598835    -13.548825      1.096000 
    42.510255    -35.612434    -13.607820      1.098000 
    42.510266    -35.626040    -13.666814      1.098000 
    42.510278    -35.639652    -13.725808      1.074000 
    42.510289    -35.653267    -13.784800      1.061000 
    42.510301    -35.666885    -13.843792      1.066000 
    42.510312    -35.680510    -13.902783      1.179000 
    42.510324    -35.694140    -13.961773      1.332000 
    42.510347    -35.721413    -14.079751      1.184000 
    42.510370    -35.748707    -14.197725      1.045000 
    42.510382    -35.762360    -14.256711      1.059000 
    42.510394    -35.776016    -14.315696      1.175000 
    42.510405    -35.789680    -14.374680      1.334000 
    42.510417    -35.803350    -14.433664      1.313000 
    42.510509    -35.912872    -14.905498      1.246000 
    42.510521    -35.926586    -14.964474      1.257000 
    42.510532    -35.940308    -15.023448      1.258000 
    42.510556    -35.967760    -15.141394      1.254000 
    42.510567    -35.981495    -15.200366      1.235000 
    42.510579    -35.995230    -15.259337      1.203000 
    42.510590    -36.008980    -15.318307      1.173000 
    42.510602    -36.022728    -15.377276      1.151000 
    42.510613    -36.036484    -15.436244      1.143000 
    42.510625    -36.050243    -15.495211      1.148000 
    42.510637    -36.064010    -15.554177      1.166000 
    42.510648    -36.077780    -15.613143      1.192000 
    42.510660    -36.091560    -15.672107      1.223000 
    42.510671    -36.105343    -15.731071      1.246000 
    42.510683    -36.119130    -15.790033      1.263000 
    42.510694    -36.132923    -15.848995      1.278000 
    42.510706    -36.146725    -15.907955      1.290000 
    42.510718    -36.160530    -15.966915      1.300000 
    42.510729    -36.174340    -16.025873      1.305000 
    42.510741    -36.188156    -16.084831      1.308000 
    42.510752    -36.201977    -16.143787      1.305000 
    42.510775    -36.229637    -16.261700      1.305000 
    42.510787    -36.243477    -16.320654      1.310000 
    42.510799    -36.257320    -16.379606      1.311000 
    42.510810    -36.271170    -16.438559      1.321000 
    42.510822    -36.285027    -16.497509      1.328000 
    42.510833    -36.298890    -16.556460      1.330000 
    42.510845    -36.312756    -16.615408      1.329000 
    42.510856    -36.326630    -16.674356      1.323000 
    42.510868    -36.340510    -16.733303      1.312000 
    42.510880    -36.354397    -16.792250      1.295000 
    42.510891    -36.368286    -16.851194      1.274000 
    42.510903    -36.382183    -16.910137      1.256000 
    42.510914    -36.396088    -16.969082      1.243000 
    46.507558    -34.550987    -13.054254      1.816000 
    46.507569    -34.564552    -13.113258      1.810000 
    46.507581    -34.578117    -13.172261      1.809000 
    46.507593    -34.591686    -13.231263      1.807000 
    46.507604    -34.605263    -13.290265      1.808000 
    46.507616    -34.618843    -13.349266      1.813000 
    46.507627    -34.632427    -13.408266      1.820000 
    46.507639    -34.646015    -13.467265      1.828000 
    46.507650    -34.659610    -13.526263      1.837000 
    46.507662    -34.673206    -13.585261      1.845000 
    46.507674    -34.686810    -13.644257      1.852000 
    46.507685    -34.700417    -13.703253      1.856000 
    46.507697    -34.714027    -13.762248      1.858000 
    46.507708    -34.727646    -13.821242      1.857000 
    46.507720    -34.741264    -13.880236      1.852000 
    46.507731    -34.754890    -13.939228      1.847000 
    46.507743    -34.768520    -13.998220      1.841000 
    46.507755    -34.782158    -14.057211      1.833000 
    46.507766    -34.795800    -14.116201      1.824000 
    46.507778    -34.809444    -14.175190      1.812000 
    46.507789    -34.823093    -14.234178      1.790000 
    46.507801    -34.836746    -14.293166      1.774000 
    46.507812    -34.850407    -14.352152      1.761000 
    46.507824    -34.864070    -14.411138      1.784000 
    46.507836    -34.877743    -14.470123      1.819000 
    46.507847    -34.891415    -14.529107      1.837000 
    46.507859    -34.905094    -14.588090      1.872000 
    46.507870    -34.918780    -14.647072      1.906000 
    46.507882    -34.932470    -14.706053      1.932000 
    46.507894    -34.946163    -14.765034      1.941000 
    46.507905    -34.959866    -14.824013      1.924000 
    46.507917    -34.973568    -14.882992      1.895000 
    46.507928    -34.987278    -14.941970      1.876000 
    46.507940    -35.000996    -15.000946      1.874000 
    46.507951    -35.014713    -15.059922      1.869000 
    46.507963    -35.028440    -15.118897      1.848000 
    46.507975    -35.042170    -15.177872      1.828000 
    46.507986    -35.055910    -15.236845      1.812000 
    46.507998    -35.069650    -15.295817      1.803000 
    46.508009    -35.083393    -15.354789      1.803000 
    46.508021    -35.097150    -15.413759      1.811000 
    46.508032    -35.110905    -15.472729      1.820000 
    46.508044    -35.124670    -15.531697      1.816000 
    46.508056    -35.138435    -15.590665      1.803000 
    46.508067    -35.152210    -15.649632      1.802000 
    46.508079    -35.165990    -15.708598      1.801000 
    46.508090    -35.179770    -15.767563      1.802000 
    46.508102    -35.193560    -15.826527      1.804000 
    46.508113    -35.207360    -15.885490      1.802000 
    46.508125    -35.221160    -15.944452      1.790000 
    46.508137    -35.234966    -16.003412      1.771000 
    46.508148    -35.248780    -16.062372      1.758000 
    46.508160    -35.262596    -16.121332      1.736000 
    46.508171    -35.276420    -16.180290      1.708000 
    46.508183    -35.290250    -16.239248      1.674000 
    46.508194    -35.304085    -16.298204      1.641000 
    46.508206    -35.317924    -16.357160      1.625000 
    46.508229    -35.345623    -16.475067      1.636000 
    46.508241    -35.359480    -16.534020      1.676000 
    46.508252    -35.373344    -16.592972      1.733000 
    46.508264    -35.387215    -16.651922      1.788000 
    46.508275    -35.401093    -16.710870      1.832000 
    46.508287    -35.414974    -16.769820      1.851000 
    46.508299    -35.428860    -16.828768      1.841000 
    46.508310    -35.442753    -16.887714      1.808000 
    46.508322    -35.456654    -16.946660      1.768000 
    50.504954    -33.608050    -13.034482      1.757000 
    50.504965    -33.621613    -13.093487      1.746000 
    50.504977    -33.635178    -13.152492      1.737000 
    50.504988    -33.648746    -13.211496      1.723000 
    50.505000    -33.662320    -13.270500      1.705000 
    50.505012    -33.675896    -13.329502      1.686000 
    50.505023    -33.689480    -13.388504      1.669000 
    50.505035    -33.703068    -13.447504      1.654000 
    50.505046    -33.716660    -13.506504      1.641000 
    50.505058    -33.730255    -13.565504      1.631000 
    50.505069    -33.743855    -13.624502      1.623000 
    50.505081    -33.757460    -13.683499      1.620000 
    50.505093    -33.771070    -13.742496      1.620000 
    50.505104    -33.784683    -13.801492      1.622000 
    50.505116    -33.798306    -13.860487      1.627000 
    50.505127    -33.811928    -13.919481      1.635000 
    50.505139    -33.825558    -13.978474      1.645000 
    50.505150    -33.839190    -14.037467      1.654000 
    50.505162    -33.852830    -14.096459      1.657000 
    50.505174    -33.866470    -14.155449      1.656000 
    50.505185    -33.880120    -14.214439      1.648000 
    50.505197    -33.893772    -14.273428      1.637000 
    50.505208    -33.907430    -14.332417      1.623000 
    50.505220    -33.921093    -14.391404      1.613000 
    50.505231    -33.934760    -14.450390      1.602000 
    50.505243    -33.948433    -14.509376      1.594000 
    50.505255    -33.962112    -14.568361      1.586000 
    50.505266    -33.975792    -14.627345      1.580000 
    50.505278    -33.989483    -14.686328      1.574000 
    50.505289    -34.003174    -14.745310      1.570000 
    50.505301    -34.016872    -14.804291      1.568000 
    50.505313    -34.030575    -14.863271      1.569000 
    50.505324    -34.044280    -14.922251      1.571000 
    50.505336    -34.057995    -14.981229      1.575000 
    50.505347    -34.071712    -15.040207      1.581000 
    50.505359    -34.085438    -15.099184      1.589000 
    50.505370    -34.099167    -15.158159      1.597000 
    50.505382    -34.112900    -15.217134      1.606000 
    50.505394    -34.126640    -15.276108      1.616000 
    50.505405    -34.140385    -15.335081      1.625000 
    50.505417    -34.154133    -15.394053      1.635000 
    50.505428    -34.167890    -15.453025      1.643000 
    50.505440    -34.181650    -15.511995      1.652000 
    50.505451    -34.195415    -15.570964      1.659000 
    50.505463    -34.209187    -15.629933      1.665000 
    50.505475    -34.222965    -15.688900      1.671000 
    50.505486    -34.236748    -15.747867      1.675000 
    50.505498    -34.250534    -15.806833      1.679000 
    50.505509    -34.264328    -15.865797      1.682000 
    50.505521    -34.278126    -15.924761      1.687000 
    50.505532    -34.291930    -15.983724      1.691000 
    50.505544    -34.305740    -16.042686      1.694000 
    50.505556    -34.319557    -16.101646      1.697000 
    50.505567    -34.333378    -16.160606      1.697000 
    50.505579    -34.347206    -16.219566      1.695000 
    50.505590    -34.361040    -16.278524      1.690000 
    50.505602    -34.374878    -16.337480      1.685000 
    50.505613    -34.388720    -16.396437      1.684000 
    50.505625    -34.402573    -16.455393      1.688000 
    50.505637    -34.416428    -16.514345      1.698000 
    50.505648    -34.430290    -16.573300      1.712000 
    50.505660    -34.444157    -16.632252      1.725000 
    50.505671    -34.458030    -16.691202      1.731000 
    50.505683    -34.471910    -16.750153      1.728000 
    50.505694    -34.485794    -16.809101      1.716000 
    50.505706    -34.499687    -16.868050      1.698000 
    50.505718    -34.513584    -16.926996      1.678000 
    50.505729    -34.527485    -16.985943      1.655000 
    51.025093    -36.213432    -16.976988      1.557000 
    51.025104    -36.227333    -16.918053      1.545000 
    51.025116    -36.241226    -16.859118      1.519000 
    51.025127    -36.255116    -16.800180      1.493000 
    51.025139    -36.268997    -16.741241      1.476000 
    51.025150    -36.282875    -16.682302      1.467000 
    51.025162    -36.296745    -16.623363      1.464000 
    51.025174    -36.310610    -16.564423      1.466000 
    51.025185    -36.324470    -16.505482      1.479000 
    51.025197    -36.338320    -16.446539      1.496000 
    51.025208    -36.352170    -16.387594      1.539000 
    51.025220    -36.366013    -16.328650      1.559000 
    51.025231    -36.379850    -16.269705      1.558000 
    51.025243    -36.393677    -16.210758      1.540000 
    51.025255    -36.407500    -16.151812      1.506000 
    51.025266    -36.421320    -16.092861      1.462000 
    51.025278    -36.435135    -16.033913      1.421000 
    51.025289    -36.448940    -15.974963      1.387000 
    51.025301    -36.462740    -15.916011      1.363000 
    51.025312    -36.476540    -15.857059      1.351000 
    51.025324    -36.490330    -15.798106      1.352000 
    51.025336    -36.504116    -15.739151      1.367000 
    51.025347    -36.517895    -15.680196      1.395000 
    51.025359    -36.531670    -15.621240      1.419000 
    51.025370    -36.545437    -15.562283      1.428000 
    51.025382    -36.559200    -15.503325      1.423000 
    51.025394    -36.572960    -15.444367      1.392000 
    51.025405    -36.586710    -15.385407      1.352000 
    51.025417    -36.600460    -15.326446      1.320000 
    51.025428    -36.614200    -15.267485      1.309000 
    51.025440    -36.627937    -15.208522      1.320000 
    51.025451    -36.641670    -15.149559      1.340000 
    51.025463    -36.655396    -15.090594      1.370000 
    51.025475    -36.669117    -15.031629      1.409000 
    51.025486    -36.682830    -14.972663      1.433000 
    51.025498    -36.696540    -14.913696      1.416000 
    51.025509    -36.710247    -14.854728      1.353000 
    51.025521    -36.723950    -14.795759      1.278000 
    51.025532    -36.737644    -14.736789      1.253000 
    51.025544    -36.751330    -14.677819      1.303000 
    51.025556    -36.765020    -14.618847      1.381000 
    51.025567    -36.778698    -14.559875      1.420000 
    51.025579    -36.792374    -14.500902      1.410000 
    51.025590    -36.806040    -14.441928      1.379000 
    51.025602    -36.819710    -14.382953      1.354000 
    51.025613    -36.833370    -14.323977      1.339000 
    51.025625    -36.847023    -14.265000      1.334000 
    51.025637    -36.860676    -14.206023      1.334000 
    51.025648    -36.874320    -14.147044      1.337000 
    51.025660    -36.887960    -14.088065      1.350000 
    51.025671    -36.901596    -14.029085      1.372000 
    51.025683    -36.915226    -13.970104      1.390000 
    51.025694    -36.928852    -13.911122      1.403000 
    51.025706    -36.942474    -13.852139      1.406000 
    51.025718    -36.956093    -13.793156      1.387000 
    51.025729    -36.969704    -13.734171      1.410000 
    51.025741    -36.983310    -13.675186      1.452000 
    51.025752    -36.996914    -13.616200      1.453000 
    54.502639    -33.012670    -14.532085      1.496000 
    54.502650    -33.026350    -14.591071      1.500000 
    54.502662    -33.040030    -14.650055      1.504000 
    54.502674    -33.053722    -14.709039      1.514000 
    54.502685    -33.067417    -14.768022      1.522000 
    54.502697    -33.081120    -14.827004      1.556000 
    54.502708    -33.094822    -14.885985      1.574000 
    54.502720    -33.108532    -14.944965      1.566000 
    54.502731    -33.122250    -15.003945      1.569000 
    54.502743    -33.135967    -15.062923      1.573000 
    54.502755    -33.149696    -15.121901      1.580000 
    54.502766    -33.163425    -15.180877      1.593000 
    54.502778    -33.177162    -15.239853      1.612000 
    54.502789    -33.190903    -15.298828      1.632000 
    54.502801    -33.204650    -15.357801      1.645000 
    54.502812    -33.218403    -15.416774      1.646000 
    54.502824    -33.232162    -15.475746      1.636000 
    54.502836    -33.245926    -15.534717      1.625000 
    54.502847    -33.259693    -15.593688      1.639000 
    54.502859    -33.273468    -15.652657      1.679000 
    54.502870    -33.287247    -15.711625      1.739000 
    54.502882    -33.301030    -15.770592      1.772000 
    54.502894    -33.314820    -15.829559      1.763000 
    54.502905    -33.328617    -15.888524      1.710000 
    54.502917    -33.342420    -15.947489      1.669000 
    54.502928    -33.356224    -16.006453      1.673000 
    54.502940    -33.370037    -16.065414      1.704000 
    54.502951    -33.383858    -16.124376      1.737000 
    54.502963    -33.397680    -16.183336      1.759000 
    54.502975    -33.411510    -16.242296      1.768000 
    54.502986    -33.425346    -16.301256      1.753000 
    54.502998    -33.439186    -16.360212      1.723000 
    54.503009    -33.453033    -16.419170      1.699000 
    54.503021    -33.466885    -16.478127      1.695000 
    54.503032    -33.480743    -16.537080      1.704000 
    54.503044    -33.494610    -16.596035      1.714000 
    54.503056    -33.508476    -16.654987      1.727000 
    54.503067    -33.522354    -16.713940      1.735000 
    54.503079    -33.536236    -16.772890      1.744000 
    54.503090    -33.550125    -16.831840      1.751000 
    54.503102    -33.564020    -16.890789      1.754000 
    54.503113    -33.577915    -16.949738      1.753000 
    55.022488    -35.278526    -16.949907      1.760000 
    55.022500    -35.292423    -16.890972      1.761000 
    55.022512    -35.306313    -16.832039      1.730000 
    55.022523    -35.320200    -16.773104      1.690000 
    55.022535    -35.334080    -16.714167      1.636000 
    55.022546    -35.347954    -16.655228      1.603000 
    55.022558    -35.361820    -16.596289      1.582000 
    55.022569    -35.375683    -16.537350      1.575000 
    55.022581    -35.389538    -16.478409      1.577000 
    55.022593    -35.403390    -16.419468      1.581000 
    55.022604    -35.417233    -16.360523      1.579000 
    55.022616    -35.431072    -16.301580      1.573000 
    55.022627    -35.444904    -16.242636      1.560000 
    55.022639    -35.458733    -16.183690      1.544000 
    55.022650    -35.472553    -16.124743      1.521000 
    55.022662    -35.486370    -16.065796      1.495000 
    55.022674    -35.500180    -16.006847      1.467000 
    55.022685    -35.513985    -15.947897      1.439000 
    55.022697    -35.527782    -15.888947      1.412000 
    55.022708    -35.541576    -15.829995      1.387000 
    55.022720    -35.555367    -15.771043      1.368000 
    55.022731    -35.569150    -15.712090      1.358000 
    55.022743    -35.582924    -15.653135      1.357000 
    55.022755    -35.596700    -15.594180      1.350000 
    55.022766    -35.610462    -15.535224      1.344000 
    55.022778    -35.624226    -15.476267      1.338000 
    55.022789    -35.637978    -15.417309      1.334000 
    55.022801    -35.651730    -15.358350      1.331000 
    55.022813    -35.665474    -15.299390      1.330000 
    55.022824    -35.679214    -15.240430      1.329000 
    55.022836    -35.692947    -15.181468      1.330000 
    55.022847    -35.706676    -15.122505      1.330000 
    55.022859    -35.720400    -15.063542      1.332000 
    55.022870    -35.734120    -15.004578      1.333000 
    55.022882    -35.747830    -14.945612      1.334000 
    55.022894    -35.761540    -14.886646      1.334000 
    55.022905    -35.775240    -14.827679      1.334000 
    55.022917    -35.788940    -14.768711      1.333000 
    55.022928    -35.802630    -14.709742      1.331000 
    55.022940    -35.816322    -14.650773      1.328000 
    55.022951    -35.830000    -14.591802      1.326000 
    55.022963    -35.843680    -14.532831      1.322000 
    55.022986    -35.871020    -14.414885      1.317000 
    55.022998    -35.884680    -14.355911      1.311000 
    55.023009    -35.898342    -14.296936      1.305000 
    55.023021    -35.911995    -14.237960      1.299000 
    55.023032    -35.925640    -14.178984      1.290000 
    55.023044    -35.939285    -14.120006      1.279000 
    55.023056    -35.952923    -14.061028      1.266000 
    55.023067    -35.966557    -14.002048      1.255000 
    55.023079    -35.980186    -13.943068      1.243000 
    55.023102    -36.007427    -13.825106      1.235000 
    55.023113    -36.021040    -13.766123      1.231000 
    55.023125    -36.034653    -13.707140      1.230000 
    55.023137    -36.048260    -13.648155      1.233000 
    55.023148    -36.061860    -13.589170      1.230000 
    55.023160    -36.075455    -13.530184      1.218000 
    55.023171    -36.089046    -13.471197      1.196000 
    55.023183    -36.102630    -13.412210      1.170000 
    55.023194    -36.116215    -13.353221      1.153000 
    55.023206    -36.129790    -13.294232      1.143000 
    55.023218    -36.143364    -13.235242      1.138000 
    55.023229    -36.156933    -13.176251      1.131000 
    55.023241    -36.170498    -13.117260      1.127000 
    55.023252    -36.184060    -13.058267      1.123000 
    59.019896    -34.343530    -16.958052      1.613000 
    59.019931    -34.385200    -16.781248      1.766000 
    59.019942    -34.399080    -16.722313      1.648000 
    59.019954    -34.412950    -16.663376      1.582000 
    59.019965    -34.426815    -16.604439      1.561000 
    59.019977    -34.440678    -16.545500      1.616000 
    59.019988    -34.454533    -16.486559      1.657000 
    59.020000    -34.468380    -16.427618      1.681000 
    59.020012    -34.482224    -16.368675      1.696000 
    59.020023    -34.496063    -16.309732      1.693000 
    59.020035    -34.509895    -16.250790      1.685000 
    59.020046    -34.523720    -16.191845      1.681000 
    59.020058    -34.537540    -16.132898      1.682000 
    59.020069    -34.551353    -16.073952      1.689000 
    59.020081    -34.565163    -16.015003      1.697000 
    59.020093    -34.578968    -15.956056      1.693000 
    59.020104    -34.592766    -15.897106      1.660000 
    59.020116    -34.606560    -15.838156      1.591000 
    59.020127    -34.620346    -15.779204      1.522000 
    59.020139    -34.634125    -15.720252      1.522000 
    59.020150    -34.647903    -15.661298      1.570000 
    59.020162    -34.661670    -15.602344      1.648000 
    59.020174    -34.675438    -15.543389      1.681000 
    59.020185    -34.689198    -15.484433      1.663000 
    59.020197    -34.702950    -15.425475      1.620000 
    59.020208    -34.716700    -15.366517      1.587000 
    59.020220    -34.730442    -15.307558      1.567000 
    59.020231    -34.744183    -15.248599      1.553000 
    59.020243    -34.757915    -15.189638      1.550000 
    59.020255    -34.771640    -15.130676      1.568000 
    59.020266    -34.785366    -15.071714      1.607000 
    59.020278    -34.799084    -15.012750      1.651000 
    59.020289    -34.812794    -14.953786      1.683000 
    59.020301    -34.826500    -14.894820      1.704000 
    59.020312    -34.840202    -14.835854      1.722000 
    59.020324    -34.853897    -14.776887      1.748000 
    59.020336    -34.867590    -14.717919      1.774000 
    59.020347    -34.881275    -14.658950      1.793000 
    59.020359    -34.894960    -14.599981      1.793000 
    59.020370    -34.908634    -14.541010      1.774000 
    59.020382    -34.922306    -14.482038      1.748000 
    59.020394    -34.935970    -14.423066      1.722000 
    59.020405    -34.949635    -14.364093      1.696000 
    59.020417    -34.963290    -14.305119      1.671000 
    59.020428    -34.976940    -14.246144      1.646000 
    59.020440    -34.990590    -14.187168      1.623000 
    59.020451    -35.004230    -14.128191      1.602000 
    59.020475    -35.031498    -14.010235      1.580000 
    59.020486    -35.045128    -13.951256      1.564000 
    59.020498    -35.058750    -13.892276      1.557000 
    59.020509    -35.072370    -13.833295      1.554000 
    59.020521    -35.085980    -13.774313      1.546000 
    59.020532    -35.099590    -13.715331      1.539000 
    59.020544    -35.113194    -13.656347      1.537000 
    59.020556    -35.126793    -13.597363      1.534000 
    59.020567    -35.140390    -13.538378      1.533000 
    59.020579    -35.153976    -13.479392      1.534000 
    59.020590    -35.167560    -13.420405      1.536000 
    59.020602    -35.181145    -13.361417      1.539000 
    59.020613    -35.194717    -13.302429      1.544000 
    59.020625    -35.208290    -13.243440      1.549000 
    59.020637    -35.221860    -13.184450      1.560000 
    59.020648    -35.235420    -13.125459      1.575000 
    59.020660    -35.248980    -13.066467      1.560000 
    59.020671    -35.262535    -13.007475      1.536000 
   212.505104    -33.602440    -13.049010      2.773000 
   212.505116    -33.615997    -13.108015      2.832000 
   212.505127    -33.629562    -13.167018      2.932000 
   212.505139    -33.643127    -13.226020      2.997000 
   212.505150    -33.656700    -13.285022      3.029000 
   212.505162    -33.670277    -13.344023      3.032000 
   212.505174    -33.683860    -13.403023      3.033000 
   212.505185    -33.697445    -13.462022      3.041000 
   212.505197    -33.711037    -13.521021      3.050000 
   212.505208    -33.724632    -13.580018      3.058000 
   212.505220    -33.738230    -13.639015      3.063000 
   212.505231    -33.751835    -13.698011      3.070000 
   212.505243    -33.765446    -13.757006      3.080000 
   212.505255    -33.779060    -13.816000      3.100000 
   212.505266    -33.792680    -13.874994      3.134000 
   212.505278    -33.806300    -13.933986      3.177000 
   212.505289    -33.819927    -13.992978      3.197000 
   212.505301    -33.833560    -14.051969      3.173000 
   212.505313    -33.847200    -14.110959      3.109000 
   212.505324    -33.860844    -14.169948      3.026000 
   212.505336    -33.874490    -14.228936      2.940000 
   212.505347    -33.888140    -14.287923      2.853000 
   212.505359    -33.901800    -14.346910      2.768000 
   212.505370    -33.915460    -14.405895      2.702000 
   212.505382    -33.929127    -14.464880      2.676000 
   212.505394    -33.942800    -14.523864      2.706000 
   212.505405    -33.956474    -14.582847      2.771000 
   212.505417    -33.970158    -14.641829      2.840000 
   212.505428    -33.983845    -14.700810      2.887000 
   212.505440    -33.997536    -14.759790      2.931000 
   212.505451    -34.011234    -14.818770      2.973000 
   212.505463    -34.024937    -14.877748      3.010000 
   212.505475    -34.038643    -14.936726      3.045000 
   212.505486    -34.052357    -14.995702      3.080000 
   212.505498    -34.066074    -15.054678      3.103000 
   212.505509    -34.079796    -15.113653      3.109000 
   212.505521    -34.093525    -15.172627      3.105000 
   212.505532    -34.107258    -15.231599      3.103000 
   212.505544    -34.120995    -15.290572      3.101000 
   212.505556    -34.134740    -15.349543      3.101000 
   212.505567    -34.148490    -15.408513      3.104000 
   212.505579    -34.162243    -15.467482      3.113000 
   212.505590    -34.176003    -15.526450      3.129000 
   212.505602    -34.189770    -15.585418      3.149000 
   212.505613    -34.203540    -15.644384      3.180000 
   212.505625    -34.217316    -15.703350      3.220000 
   212.505637    -34.231100    -15.762314      3.252000 
   212.505648    -34.244884    -15.821278      3.283000 
   212.505660    -34.258680    -15.880240      3.280000 
   212.505671    -34.272476    -15.939202      3.220000 
   212.505683    -34.286280    -15.998163      3.112000 
   212.505694    -34.300090    -16.057121      3.010000 
   212.505706    -34.313904    -16.116081      2.938000 
   212.505718    -34.327724    -16.175040      2.923000 
   212.505729    -34.341553    -16.233995      2.962000 
   212.505741    -34.355385    -16.292952      3.001000 
   212.505752    -34.369220    -16.351906      3.015000 
   212.505764    -34.383064    -16.410860      3.003000 
   212.505775    -34.396915    -16.469812      2.992000 
   212.505787    -34.410770    -16.528765      2.988000 
   212.505799    -34.424630    -16.587715      2.992000 
   212.505810    -34.438500    -16.646666      2.996000 
   212.505822    -34.452370    -16.705614      2.996000 
   212.505833    -34.466248    -16.764563      2.993000 
   212.505845    -34.480133    -16.823510      2.986000 
   212.505856    -34.494022    -16.882456      2.973000 
   212.505868    -34.507920    -16.941400      2.955000 
   213.025243    -36.203884    -16.993309      2.764000 
   213.025255    -36.217785    -16.934380      2.674000 
   213.025266    -36.231678    -16.875448      2.612000 
   213.025278    -36.245564    -16.816517      2.549000 
   213.025289    -36.259445    -16.757584      2.481000 
   213.025301    -36.273323    -16.698650      2.409000 
   213.025312    -36.287193    -16.639715      2.351000 
   213.025324    -36.301056    -16.580780      2.360000 
   213.025336    -36.314915    -16.521843      2.422000 
   213.025347    -36.328766    -16.462906      2.512000 
   213.025359    -36.342613    -16.403967      2.574000 
   213.025370    -36.356453    -16.345028      2.554000 
   213.025382    -36.370290    -16.286087      2.482000 
   213.025394    -36.384117    -16.227144      2.418000 
   213.025405    -36.397940    -16.168203      2.388000 
   213.025417    -36.411760    -16.109259      2.391000 
   213.025428    -36.425570    -16.050314      2.429000 
   213.025440    -36.439377    -15.991369      2.447000 
   213.025451    -36.453180    -15.932422      2.458000 
   213.025463    -36.466972    -15.873475      2.458000 
   213.025475    -36.480762    -15.814527      2.472000 
   213.025486    -36.494550    -15.755577      2.481000 
   213.025498    -36.508327    -15.696627      2.493000 
   213.025509    -36.522102    -15.637676      2.497000 
   213.025521    -36.535870    -15.578723      2.496000 
   213.025532    -36.549630    -15.519770      2.486000 
   213.025544    -36.563390    -15.460816      2.467000 
   213.025556    -36.577140    -15.401861      2.438000 
   213.025567    -36.590885    -15.342905      2.403000 
   213.025579    -36.604626    -15.283948      2.369000 
   213.025590    -36.618362    -15.224991      2.343000 
   213.025602    -36.632095    -15.166032      2.332000 
   213.025613    -36.645820    -15.107072      2.335000 
   213.025625    -36.659540    -15.048112      2.344000 
   213.025637    -36.673252    -14.989150      2.354000 
   213.025648    -36.686962    -14.930188      2.363000 
   213.025660    -36.700670    -14.871224      2.372000 
   213.025671    -36.714367    -14.812260      2.381000 
   213.025683    -36.728060    -14.753295      2.368000 
   213.025694    -36.741753    -14.694329      2.327000 
   213.025706    -36.755436    -14.635362      2.272000 
   213.025718    -36.769115    -14.576394      2.218000 
   213.025729    -36.782787    -14.517426      2.231000 
   213.025741    -36.796455    -14.458456      2.306000 
   213.025752    -36.810120    -14.399486      2.413000 
   213.025764    -36.823780    -14.340514      2.486000 
   213.025775    -36.837437    -14.281542      2.488000 
   213.025787    -36.851086    -14.222569      2.432000 
   213.025799    -36.864730    -14.163595      2.370000 
   213.025810    -36.878370    -14.104620      2.345000 
   213.025822    -36.892002    -14.045645      2.358000 
   213.025833    -36.905632    -13.986668      2.394000 
   213.025845    -36.919260    -13.927691      2.440000 
   213.025856    -36.932880    -13.868712      2.483000 
   213.025868    -36.946495    -13.809733      2.510000 
   213.025880    -36.960106    -13.750753      2.520000 
   213.025891    -36.973713    -13.691772      2.515000 
   213.025903    -36.987312    -13.632791      2.514000 
   216.502801    -33.011745    -14.539753      2.196000 
   216.502812    -33.025420    -14.598734      2.199000 
   216.502824    -33.039110    -14.657715      2.208000 
   216.502836    -33.052795    -14.716694      2.217000 
   216.502847    -33.066490    -14.775673      2.221000 
   216.502859    -33.080190    -14.834650      2.227000 
   216.502870    -33.093890    -14.893627      2.226000 
   216.502882    -33.107600    -14.952603      2.214000 
   216.502894    -33.121315    -15.011578      2.174000 
   216.502905    -33.135036    -15.070552      2.108000 
   216.502917    -33.148760    -15.129525      2.051000 
   216.502928    -33.162490    -15.188497      2.023000 
   216.502940    -33.176228    -15.247469      2.036000 
   216.502951    -33.189964    -15.306439      2.081000 
   216.502963    -33.203712    -15.365409      2.117000 
   216.502975    -33.217464    -15.424377      2.148000 
   216.502986    -33.231220    -15.483345      2.179000 
   216.502998    -33.244984    -15.542311      2.210000 
   216.503009    -33.258747    -15.601277      2.236000 
   216.503021    -33.272522    -15.660242      2.261000 
   216.503032    -33.286300    -15.719206      2.240000 
   216.503044    -33.300083    -15.778168      2.196000 
   216.503056    -33.313873    -15.837130      2.161000 
   216.503067    -33.327667    -15.896091      2.145000 
   216.503079    -33.341470    -15.955051      2.143000 
   216.503090    -33.355274    -16.014010      2.143000 
   216.503102    -33.369087    -16.072968      2.148000 
   216.503113    -33.382904    -16.131926      2.140000 
   216.503125    -33.396725    -16.190882      2.121000 
   216.503137    -33.410553    -16.249838      2.110000 
   216.503148    -33.424390    -16.308790      2.113000 
   216.503160    -33.438230    -16.367744      2.129000 
   216.503171    -33.452072    -16.426697      2.150000 
   216.503183    -33.465927    -16.485647      2.166000 
   216.503194    -33.479782    -16.544598      2.188000 
   216.503206    -33.493645    -16.603546      2.194000 
   216.503218    -33.507515    -16.662495      2.188000 
   216.503229    -33.521390    -16.721441      2.161000 
   216.503241    -33.535270    -16.780388      2.187000 
   216.503252    -33.549156    -16.839333      2.249000 
   216.503264    -33.563050    -16.898277      2.298000 
   216.503275    -33.576950    -16.957220      2.294000 
   217.022650    -35.272514    -16.976923      2.059000 
   217.022662    -35.286410    -16.917992      2.061000 
   217.022674    -35.300304    -16.859060      2.065000 
   217.022685    -35.314190    -16.800129      2.073000 
   217.022697    -35.328070    -16.741194      2.076000 
   217.022708    -35.341946    -16.682259      2.073000 
   217.022720    -35.355816    -16.623323      2.064000 
   217.022731    -35.369680    -16.564386      2.040000 
   217.022743    -35.383537    -16.505450      2.003000 
   217.022755    -35.397390    -16.446510      1.960000 
   217.022766    -35.411236    -16.387570      1.927000 
   217.022778    -35.425076    -16.328630      1.907000 
   217.022789    -35.438908    -16.269688      1.901000 
   217.022801    -35.452736    -16.210745      1.903000 
   217.022813    -35.466560    -16.151802      1.916000 
   217.022824    -35.480377    -16.092857      1.941000 
   217.022836    -35.494186    -16.033910      1.976000 
   217.022847    -35.507996    -15.974965      2.018000 
   217.022859    -35.521793    -15.916017      2.053000 
   217.022870    -35.535587    -15.857069      2.077000 
   217.022882    -35.549377    -15.798119      2.093000 
   217.022894    -35.563164    -15.739169      2.107000 
   217.022905    -35.576940    -15.680218      2.122000 
   217.022917    -35.590714    -15.621265      2.136000 
   217.022928    -35.604480    -15.562312      2.146000 
   217.022940    -35.618240    -15.503358      2.153000 
   217.022951    -35.632000    -15.444403      2.156000 
   217.022963    -35.645750    -15.385447      2.156000 
   217.022975    -35.659496    -15.326490      2.154000 
   217.022986    -35.673237    -15.267532      2.151000 
   217.022998    -35.686970    -15.208573      2.144000 
   217.023009    -35.700703    -15.149613      2.136000 
   217.023021    -35.714424    -15.090652      2.125000 
   217.023032    -35.728146    -15.031691      2.113000 
   217.023044    -35.741860    -14.972728      2.100000 
   217.023056    -35.755570    -14.913765      2.086000 
   217.023067    -35.769270    -14.854800      2.074000 
   217.023079    -35.782970    -14.795835      2.061000 
   217.023090    -35.796665    -14.736869      2.046000 
   217.023102    -35.810352    -14.677902      2.029000 
   217.023113    -35.824036    -14.618934      2.011000 
   217.023125    -35.837715    -14.559965      1.988000 
   217.023137    -35.851390    -14.500995      1.968000 
   217.023148    -35.865060    -14.442024      1.951000 
   217.023160    -35.878723    -14.383053      1.939000 
   217.023171    -35.892380    -14.324080      1.925000 
   217.023183    -35.906033    -14.265107      1.936000 
   217.023194    -35.919680    -14.206133      1.963000 
   217.023206    -35.933327    -14.147158      1.944000 
   217.023218    -35.946968    -14.088182      1.946000 
   217.023229    -35.960600    -14.029205      1.972000 
   217.023241    -35.974230    -13.970228      1.995000 
   217.023252    -35.987854    -13.911249      2.004000 
   217.023264    -36.001476    -13.852270      2.001000 
   217.023275    -36.015090    -13.793290      1.985000 
   217.023287    -36.028700    -13.734309      1.956000 
   217.023299    -36.042310    -13.675327      1.919000 
   217.023310    -36.055910    -13.616344      1.880000 
   217.023322    -36.069508    -13.557361      1.842000 
   217.023333    -36.083100    -13.498376      1.805000 
   217.023345    -36.096684    -13.439391      1.773000 
   217.023356    -36.110268    -13.380405      1.752000 
   217.023368    -36.123848    -13.321418      1.726000 
   217.023380    -36.137420    -13.262430      1.756000 
   217.023391    -36.150990    -13.203442      1.828000 
   217.023403    -36.164555    -13.144452      1.922000 
   217.023414    -36.178116    -13.085462      2.004000 
   217.023426    -36.191673    -13.026471      2.044000 
   221.020058    -34.343433    -16.945004      1.684000 
   221.020069    -34.357330    -16.886070      1.688000 
   221.020081    -34.371220    -16.827137      1.693000 
   221.020093    -34.385100    -16.768204      1.697000 
   221.020104    -34.398980    -16.709267      1.700000 
   221.020116    -34.412850    -16.650331      1.702000 
   221.020127    -34.426716    -16.591393      1.707000 
   221.020139    -34.440575    -16.532455      1.705000 
   221.020150    -34.454430    -16.473515      1.699000 
   221.020162    -34.468277    -16.414576      1.683000 
   221.020174    -34.482117    -16.355633      1.676000 
   221.020185    -34.495953    -16.296692      1.676000 
   221.020197    -34.509785    -16.237747      1.674000 
   221.020208    -34.523610    -16.178802      1.660000 
   221.020220    -34.537430    -16.119858      1.643000 
   221.020231    -34.551243    -16.060911      1.635000 
   221.020243    -34.565050    -16.001965      1.629000 
   221.020255    -34.578854    -15.943016      1.625000 
   221.020266    -34.592648    -15.884067      1.624000 
   221.020278    -34.606440    -15.825116      1.624000 
   221.020289    -34.620224    -15.766165      1.626000 
   221.020301    -34.634007    -15.707213      1.629000 
   221.020312    -34.647780    -15.648260      1.632000 
   221.020324    -34.661550    -15.589306      1.637000 
   221.020336    -34.675312    -15.530351      1.642000 
   221.020347    -34.689070    -15.471395      1.645000 
   221.020359    -34.702824    -15.412438      1.645000 
   221.020370    -34.716570    -15.353480      1.642000 
   221.020382    -34.730312    -15.294522      1.636000 
   221.020394    -34.744053    -15.235562      1.621000 
   221.020405    -34.757782    -15.176601      1.607000 
   221.020417    -34.771507    -15.117640      1.592000 
   221.020428    -34.785233    -15.058677      1.588000 
   221.020440    -34.798946    -14.999714      1.594000 
   221.020451    -34.812656    -14.940750      1.590000 
   221.020463    -34.826363    -14.881785      1.571000 
   221.020475    -34.840065    -14.822819      1.537000 
   221.020486    -34.853760    -14.763852      1.496000 
   221.020498    -34.867450    -14.704884      1.469000 
   221.020509    -34.881134    -14.645915      1.471000 
   221.020521    -34.894814    -14.586945      1.493000 
   221.020532    -34.908490    -14.527975      1.515000 
   221.020544    -34.922160    -14.469003      1.530000 
   221.020556    -34.935825    -14.410031      1.541000 
   221.020567    -34.949486    -14.351058      1.549000 
   221.020579    -34.963142    -14.292084      1.558000 
   221.020590    -34.976790    -14.233109      1.572000 
   221.020602    -34.990437    -14.174133      1.586000 
   221.020613    -35.004078    -14.115156      1.600000 
   221.020625    -35.017715    -14.056178      1.616000 
   221.020637    -35.031345    -13.997200      1.633000 
   221.020648    -35.044970    -13.938221      1.651000 
   221.020660    -35.058594    -13.879240      1.670000 
   221.020671    -35.072212    -13.820259      1.689000 
   221.020683    -35.085823    -13.761278      1.707000 
   221.020694    -35.099430    -13.702295      1.719000 
   221.020706    -35.113033    -13.643311      1.729000 
   221.020718    -35.126633    -13.584327      1.733000 
   221.020729    -35.140224    -13.525342      1.732000 
   221.020741    -35.153812    -13.466355      1.728000 
   221.020752    -35.167400    -13.407368      1.722000 
   221.020764    -35.180980    -13.348381      1.715000 
   221.020775    -35.194553    -13.289392      1.706000 
   221.020787    -35.208126    -13.230403      1.690000 
   221.020799    -35.221690    -13.171412      1.667000 
   221.020810    -35.235252    -13.112421      1.641000 
   221.020822    -35.248810    -13.053430      1.634000 
   225.017454    -33.401787    -16.968067      1.619000 
   225.017465    -33.415684    -16.909134      1.619000 
   225.017477    -33.429573    -16.850200      1.618000 
   225.017488    -33.443460    -16.791264      1.616000 
   225.017500    -33.457336    -16.732327      1.613000 
   225.017512    -33.471207    -16.673390      1.608000 
   225.017523    -33.485073    -16.614450      1.602000 
   225.017535    -33.498936    -16.555511      1.599000 
   225.017546    -33.512787    -16.496570      1.598000 
   225.017558    -33.526638    -16.437630      1.601000 
   225.017569    -33.540480    -16.378687      1.608000 
   225.017581    -33.554317    -16.319742      1.615000 
   225.017593    -33.568150    -16.260798      1.625000 
   225.017604    -33.581974    -16.201853      1.630000 
   225.017616    -33.595795    -16.142906      1.628000 
   225.017627    -33.609608    -16.083960      1.622000 
   225.017639    -33.623417    -16.025010      1.616000 
   225.017650    -33.637220    -15.966061      1.613000 
   225.017662    -33.651016    -15.907110      1.611000 
   225.017674    -33.664810    -15.848159      1.610000 
   225.017685    -33.678596    -15.789206      1.611000 
   225.017697    -33.692375    -15.730253      1.612000 
   225.017708    -33.706154    -15.671299      1.612000 
   225.017720    -33.719920    -15.612344      1.609000 
   225.017731    -33.733685    -15.553387      1.605000 
   225.017743    -33.747444    -15.494430      1.607000 
   225.017755    -33.761200    -15.435472      1.580000 
   225.017766    -33.774950    -15.376513      1.544000 
   225.017778    -33.788690    -15.317553      1.540000 
   225.017789    -33.802430    -15.258593      1.612000 
   225.017801    -33.816160    -15.199631      1.683000 
   225.017813    -33.829887    -15.140668      1.701000 
   225.017824    -33.843610    -15.081704      1.683000 
   225.017836    -33.857327    -15.022740      1.642000 
   225.017847    -33.871037    -14.963774      1.629000 
   225.017859    -33.884743    -14.904808      1.672000 
   225.017870    -33.898445    -14.845841      1.742000 
   225.017882    -33.912140    -14.786872      1.812000 
   225.017894    -33.925830    -14.727903      1.843000 
   225.017905    -33.939518    -14.668933      1.833000 
   225.017917    -33.953197    -14.609962      1.778000 
   225.017928    -33.966873    -14.550991      1.701000 
   225.017940    -33.980545    -14.492018      1.667000 
   225.017951    -33.994213    -14.433044      1.688000 
   225.017963    -34.007874    -14.374070      1.721000 
   225.017975    -34.021526    -14.315095      1.721000 
   225.017986    -34.035180    -14.256118      1.667000 
   225.017998    -34.048824    -14.197141      1.626000 
   225.018009    -34.062466    -14.138163      1.582000 
   225.018021    -34.076103    -14.079184      1.535000 
   225.018032    -34.089733    -14.020205      1.489000 
   225.018044    -34.103363    -13.961224      1.454000 
   225.018056    -34.116985    -13.902243      1.440000 
   225.018067    -34.130604    -13.843261      1.443000 
   225.018079    -34.144215    -13.784277      1.465000 
   225.018090    -34.157820    -13.725293      1.479000 
   225.018102    -34.171425    -13.666309      1.491000 
   225.018113    -34.185024    -13.607323      1.496000 
   225.018125    -34.198620    -13.548336      1.493000 
   225.018137    -34.212208    -13.489349      1.491000 
   225.018148    -34.225792    -13.430361      1.500000 
   225.018160    -34.239372    -13.371372      1.499000 
   225.018171    -34.252950    -13.312382      1.501000 
   225.018183    -34.266520    -13.253391      1.501000 
   225.018194    -34.280087    -13.194400      1.495000 
   225.018206    -34.293650    -13.135407      1.477000 
   225.018218    -34.307210    -13.076414      1.468000 
   225.018229    -34.320763    -13.017420      1.480000 
   227.512894    -36.398470    -13.014199      1.622000 
   227.512905    -36.412025    -13.073199      1.594000 
   227.512917    -36.425587    -13.132199      1.585000 
   227.512928    -36.439148    -13.191197      1.580000 
   227.512940    -36.452717    -13.250195      1.568000 
   227.512951    -36.466286    -13.309192      1.530000 
   227.512963    -36.479862    -13.368188      1.468000 
   227.512975    -36.493443    -13.427183      1.415000 
   227.512986    -36.507030    -13.486177      1.493000 
   227.512998    -36.520620    -13.545171      1.601000 
   227.513009    -36.534214    -13.604164      1.631000 
   227.513021    -36.547813    -13.663155      1.624000 
   227.513032    -36.561417    -13.722146      1.661000 
   227.513044    -36.575027    -13.781137      1.725000 
   227.513056    -36.588640    -13.840126      1.818000 
   227.513067    -36.602257    -13.899114      1.879000 
   227.513079    -36.615880    -13.958102      1.872000 
   227.513090    -36.629505    -14.017089      1.777000 
   227.513102    -36.643140    -14.076075      1.616000 
   227.513113    -36.656776    -14.135060      1.452000 
   227.513125    -36.670418    -14.194044      1.319000 
   227.513137    -36.684067    -14.253027      1.244000 
   227.513148    -36.697716    -14.312010      1.220000 
   227.513160    -36.711372    -14.370991      1.232000 
   227.513171    -36.725037    -14.429972      1.256000 
   227.513183    -36.738700    -14.488952      1.271000 
   227.513194    -36.752373    -14.547931      1.277000 
   227.513206    -36.766050    -14.606909      1.292000 
   227.513218    -36.779730    -14.665886      1.336000 
   227.513229    -36.793415    -14.724862      1.408000 
   227.513241    -36.807110    -14.783837      1.486000 
   227.513252    -36.820805    -14.842812      1.538000 
   227.513264    -36.834507    -14.901785      1.570000 
   227.513275    -36.848213    -14.960758      1.583000 
   227.513287    -36.861923    -15.019730      1.598000 
   227.513299    -36.875640    -15.078700      1.612000 
   227.513310    -36.889362    -15.137670      1.633000 
   227.513322    -36.903090    -15.196639      1.654000 
   227.513333    -36.916824    -15.255607      1.676000 
   227.513345    -36.930565    -15.314574      1.697000 
   227.513356    -36.944305    -15.373540      1.717000 
   227.513368    -36.958054    -15.432506      1.737000 
   227.513380    -36.971810    -15.491470      1.758000 
   227.513391    -36.985570    -15.550433      1.777000 
   227.513403    -36.999332    -15.609396      1.795000 
   229.015312    -33.002296    -14.695290      2.950000 
   229.015324    -33.015984    -14.636319      3.008000 
   229.015336    -33.029660    -14.577346      3.032000 
   229.015347    -33.043335    -14.518372      3.030000 
   229.015359    -33.057003    -14.459398      3.035000 
   229.015370    -33.070667    -14.400423      3.051000 
   229.015382    -33.084328    -14.341446      3.041000 
   229.015394    -33.097980    -14.282469      2.980000 
   229.015405    -33.111630    -14.223491      2.888000 
   229.015417    -33.125275    -14.164513      2.787000 
   229.015428    -33.138912    -14.105533      2.713000 
   229.015440    -33.152550    -14.046552      2.707000 
   229.015451    -33.166176    -13.987571      2.760000 
   229.015486    -33.207040    -13.810621      2.671000 
   229.015498    -33.220650    -13.751637      2.723000 
   229.015509    -33.234257    -13.692651      2.765000 
   229.015521    -33.247856    -13.633664      2.759000 
   229.015532    -33.261456    -13.574677      2.694000 
   229.015544    -33.275047    -13.515689      2.599000 
   229.015556    -33.288635    -13.456700      2.497000 
   229.015567    -33.302216    -13.397710      2.414000 
   229.015579    -33.315796    -13.338719      2.351000 
   229.015590    -33.329370    -13.279727      2.301000 
   229.015602    -33.342937    -13.220735      2.263000 
   229.015613    -33.356503    -13.161742      2.244000 
   229.015625    -33.370064    -13.102748      2.203000 
   229.015637    -33.383620    -13.043753      2.192000 
   231.510312    -35.476130    -13.054023      1.534000 
   231.510324    -35.489690    -13.113022      1.521000 
   231.510336    -35.503250    -13.172019      1.512000 
   231.510347    -35.516820    -13.231016      1.509000 
   231.510359    -35.530388    -13.290012      1.511000 
   231.510370    -35.543964    -13.349006      1.521000 
   231.510382    -35.557545    -13.408001      1.534000 
   231.510394    -35.571130    -13.466994      1.545000 
   231.510405    -35.584717    -13.525986      1.551000 
   231.510417    -35.598312    -13.584978      1.550000 
   231.510428    -35.611910    -13.643969      1.542000 
   231.510440    -35.625510    -13.702959      1.533000 
   231.510451    -35.639122    -13.761948      1.524000 
   231.510463    -35.652733    -13.820936      1.519000 
   231.510475    -35.666350    -13.879924      1.517000 
   231.510486    -35.679974    -13.938910      1.515000 
   231.510498    -35.693600    -13.997896      1.509000 
   231.510509    -35.707230    -14.056881      1.503000 
   231.510521    -35.720867    -14.115865      1.496000 
   231.510532    -35.734505    -14.174848      1.489000 
   231.510544    -35.748154    -14.233830      1.484000 
   231.510556    -35.761803    -14.292811      1.483000 
   231.510567    -35.775460    -14.351792      1.486000 
   231.510579    -35.789120    -14.410772      1.492000 
   231.510590    -35.802784    -14.469750      1.513000 
   231.510602    -35.816456    -14.528728      1.515000 
   231.510613    -35.830130    -14.587705      1.531000 
   231.510625    -35.843810    -14.646681      1.547000 
   231.510637    -35.857494    -14.705656      1.563000 
   231.510648    -35.871185    -14.764631      1.579000 
   231.510660    -35.884884    -14.823604      1.593000 
   231.510671    -35.898582    -14.882576      1.605000 
   231.510683    -35.912290    -14.941548      1.612000 
   231.510694    -35.926000    -15.000519      1.619000 
   231.510706    -35.939716    -15.059488      1.629000 
   231.510718    -35.953438    -15.118457      1.634000 
   231.510729    -35.967163    -15.177425      1.621000 
   231.510741    -35.980896    -15.236392      1.591000 
   231.510752    -35.994633    -15.295358      1.558000 
   231.510764    -36.008373    -15.354323      1.543000 
   231.510775    -36.022120    -15.413288      1.540000 
   231.510787    -36.035873    -15.472251      1.543000 
   231.510799    -36.049633    -15.531213      1.549000 
   231.510810    -36.063396    -15.590175      1.551000 
   231.510822    -36.077168    -15.649135      1.551000 
   231.510833    -36.090942    -15.708095      1.551000 
   231.510845    -36.104720    -15.767053      1.549000 
   231.510856    -36.118507    -15.826011      1.544000 
   231.510868    -36.132298    -15.884967      1.538000 
   231.510880    -36.146095    -15.943923      1.531000 
   231.510891    -36.159897    -16.002878      1.525000 
   231.510903    -36.173706    -16.061830      1.520000 
   231.510914    -36.187520    -16.120785      1.509000 
   231.510926    -36.201340    -16.179735      1.498000 
   231.510938    -36.215164    -16.238688      1.496000 
   231.510949    -36.228992    -16.297638      1.501000 
   231.510961    -36.242832    -16.356586      1.528000 
   231.510972    -36.256670    -16.415533      1.574000 
   231.510984    -36.270520    -16.474480      1.599000 
   231.510995    -36.284374    -16.533426      1.603000 
   231.511007    -36.298233    -16.592371      1.596000 
   231.511019    -36.312100    -16.651316      1.608000 
   231.511030    -36.325970    -16.710258      1.633000 
   231.511042    -36.339848    -16.769200      1.669000 
   231.511053    -36.353730    -16.828140      1.703000 
   231.511065    -36.367620    -16.887081      1.735000 
   231.511076    -36.381516    -16.946020      1.763000 
   235.507720    -34.541374    -13.049509      2.171000 
   235.507731    -34.554930    -13.108507      2.177000 
   235.507743    -34.568490    -13.167503      2.181000 
   235.507755    -34.582054    -13.226499      2.175000 
   235.507766    -34.595623    -13.285494      2.154000 
   235.507778    -34.609200    -13.344488      2.127000 
   235.507789    -34.622776    -13.403481      2.104000 
   235.507801    -34.636360    -13.462474      2.090000 
   235.507812    -34.649950    -13.521465      2.092000 
   235.507824    -34.663540    -13.580456      2.105000 
   235.507836    -34.677135    -13.639446      2.124000 
   235.507847    -34.690740    -13.698435      2.166000 
   235.507859    -34.704340    -13.757423      2.238000 
   235.507870    -34.717953    -13.816410      2.336000 
   235.507882    -34.731567    -13.875397      2.408000 
   235.507894    -34.745190    -13.934383      2.426000 
   235.507905    -34.758812    -13.993367      2.407000 
   235.507917    -34.772440    -14.052351      2.376000 
   235.507928    -34.786076    -14.111334      2.349000 
   235.507940    -34.799717    -14.170317      2.329000 
   235.507951    -34.813362    -14.229298      2.321000 
   235.507963    -34.827007    -14.288278      2.321000 
   235.507975    -34.840664    -14.347258      2.313000 
   235.507986    -34.854320    -14.406237      2.308000 
   235.507998    -34.867985    -14.465215      2.306000 
   235.508009    -34.881653    -14.524192      2.313000 
   235.508021    -34.895330    -14.583168      2.326000 
   235.508032    -34.909008    -14.642143      2.340000 
   235.508044    -34.922690    -14.701117      2.356000 
   235.508056    -34.936380    -14.760091      2.369000 
   235.508067    -34.950073    -14.819063      2.376000 
   235.508079    -34.963770    -14.878035      2.377000 
   235.508090    -34.977474    -14.937005      2.371000 
   235.508102    -34.991184    -14.995975      2.359000 
   235.508113    -35.004898    -15.054944      2.340000 
   235.508125    -35.018620    -15.113912      2.316000 
   235.508137    -35.032345    -15.172879      2.290000 
   235.508148    -35.046074    -15.231845      2.265000 
   235.508160    -35.059810    -15.290810      2.239000 
   235.508171    -35.073550    -15.349775      2.235000 
   235.508183    -35.087296    -15.408738      2.235000 
   235.508194    -35.101048    -15.467700      2.220000 
   235.508206    -35.114803    -15.526662      2.197000 
   235.508218    -35.128567    -15.585622      2.186000 
   235.508229    -35.142334    -15.644582      2.244000 
   235.508252    -35.169884    -15.762498      2.320000 
   235.508264    -35.183670    -15.821455      2.368000 
   235.508275    -35.197456    -15.880411      2.357000 
   235.508287    -35.211254    -15.939366      2.311000 
   235.508299    -35.225056    -15.998320      2.264000 
   235.508310    -35.238860    -16.057274      2.222000 
   235.508322    -35.252670    -16.116224      2.182000 
   235.508333    -35.266487    -16.175175      2.144000 
   235.508345    -35.280310    -16.234125      2.101000 
   235.508356    -35.294140    -16.293074      2.064000 
   235.508368    -35.307976    -16.352022      2.038000 
   235.508380    -35.321815    -16.410970      2.024000 
   235.508391    -35.335663    -16.469915      2.025000 
   235.508403    -35.349514    -16.528860      2.039000 
   235.508414    -35.363373    -16.587805      2.063000 
   235.508426    -35.377235    -16.646748      2.092000 
   235.508437    -35.391106    -16.705690      2.122000 
   235.508449    -35.404980    -16.764631      2.149000 
   235.508461    -35.418860    -16.823570      2.171000 
   235.508472    -35.432750    -16.882510      2.188000 
   235.508484    -35.446644    -16.941448      2.200000 
   239.505116    -33.596725    -13.003962      2.093000 
   239.505127    -33.610280    -13.062959      2.113000 
   239.505139    -33.623833    -13.121956      2.148000 
   239.505150    -33.637394    -13.180951      2.164000 
   239.505162    -33.650955    -13.239946      2.181000 
   239.505174    -33.664528    -13.298940      2.209000 
   239.505185    -33.678100    -13.357933      2.240000 
   239.505197    -33.691677    -13.416925      2.273000 
   239.505208    -33.705257    -13.475917      2.305000 
   239.505220    -33.718845    -13.534907      2.315000 
   239.505231    -33.732437    -13.593897      2.304000 
   239.505243    -33.746033    -13.652886      2.274000 
   239.505255    -33.759636    -13.711874      2.213000 
   239.505266    -33.773240    -13.770862      2.151000 
   239.505278    -33.786850    -13.829848      2.091000 
   239.505289    -33.800465    -13.888834      2.040000 
   239.505301    -33.814083    -13.947818      2.003000 
   239.505313    -33.827710    -14.006802      1.980000 
   239.505324    -33.841340    -14.065785      1.969000 
   239.505336    -33.854973    -14.124768      1.972000 
   239.505347    -33.868610    -14.183749      1.987000 
   239.505359    -33.882256    -14.242729      2.012000 
   239.505370    -33.895900    -14.301709      2.041000 
   239.505382    -33.909557    -14.360688      2.069000 
   239.505394    -33.923214    -14.419665      2.091000 
   239.505405    -33.936880    -14.478642      2.109000 
   239.505417    -33.950546    -14.537618      2.123000 
   239.505428    -33.964220    -14.596594      2.131000 
   239.505440    -33.977898    -14.655568      2.132000 
   239.505451    -33.991580    -14.714541      2.127000 
   239.505463    -34.005270    -14.773514      2.119000 
   239.505475    -34.018963    -14.832485      2.115000 
   239.505486    -34.032660    -14.891456      2.114000 
   239.505498    -34.046364    -14.950426      2.116000 
   239.505509    -34.060074    -15.009395      2.124000 
   239.505521    -34.073788    -15.068363      2.140000 
   239.505532    -34.087505    -15.127330      2.153000 
   239.505544    -34.101230    -15.186296      2.167000 
   239.505556    -34.114960    -15.245261      2.178000 
   239.505567    -34.128693    -15.304225      2.191000 
   239.505579    -34.142433    -15.363189      2.209000 
   239.505590    -34.156180    -15.422151      2.228000 
   239.505602    -34.169930    -15.481113      2.249000 
   239.505613    -34.183685    -15.540073      2.263000 
   239.505625    -34.197450    -15.599033      2.264000 
   239.505637    -34.211216    -15.657992      2.262000 
   239.505648    -34.224990    -15.716949      2.283000 
   239.505660    -34.238766    -15.775906      2.313000 
   239.505671    -34.252550    -15.834862      2.329000 
   239.505683    -34.266340    -15.893817      2.329000 
   239.505694    -34.280132    -15.952771      2.329000 
   239.505706    -34.293934    -16.011724      2.323000 
   239.505718    -34.307740    -16.070677      2.314000 
   239.505729    -34.321552    -16.129627      2.303000 
   239.505741    -34.335370    -16.188578      2.289000 
   239.505752    -34.349194    -16.247526      2.271000 
   239.505764    -34.363020    -16.306475      2.250000 
   239.505775    -34.376854    -16.365421      2.227000 
   239.505787    -34.390694    -16.424368      2.199000 
   239.505799    -34.404540    -16.483313      2.193000 
   239.505810    -34.418392    -16.542257      2.207000 
   239.505822    -34.432247    -16.601200      2.230000 
   239.505833    -34.446114    -16.660143      2.200000 
   239.505845    -34.459984    -16.719084      2.154000 
   239.505856    -34.473858    -16.778023      2.141000 
   239.505868    -34.487740    -16.836964      2.182000 
   239.505880    -34.501625    -16.895900      2.258000 
   239.505891    -34.515520    -16.954838      2.342000 
   240.025266    -36.214085    -16.977936      1.947000 
   240.025278    -36.227980    -16.918997      1.942000 
   240.025289    -36.241870    -16.860058      1.930000 
   240.025301    -36.255753    -16.801117      1.921000 
   240.025312    -36.269630    -16.742174      1.919000 
   240.025324    -36.283504    -16.683231      1.921000 
   240.025336    -36.297367    -16.624289      1.925000 
   240.025347    -36.311230    -16.565344      1.923000 
   240.025359    -36.325080    -16.506400      1.918000 
   240.025370    -36.338930    -16.447453      1.911000 
   240.025382    -36.352770    -16.388504      1.903000 
   240.025394    -36.366610    -16.329556      1.894000 
   240.025405    -36.380440    -16.270605      1.884000 
   240.025417    -36.394264    -16.211657      1.872000 
   240.025428    -36.408085    -16.152704      1.859000 
   240.025440    -36.421898    -16.093752      1.846000 
   240.025451    -36.435707    -16.034798      1.833000 
   240.025463    -36.449510    -15.975844      1.820000 
   240.025475    -36.463306    -15.916888      1.809000 
   240.025486    -36.477100    -15.857932      1.801000 
   240.025498    -36.490883    -15.798975      1.795000 
   240.025509    -36.504665    -15.740016      1.792000 
   240.025521    -36.518440    -15.681057      1.791000 
   240.025532    -36.532207    -15.622097      1.788000 
   240.025544    -36.545975    -15.563136      1.784000 
   240.025556    -36.559730    -15.504174      1.779000 
   240.025567    -36.573486    -15.445211      1.772000 
   240.025579    -36.587234    -15.386247      1.761000 
   240.025590    -36.600975    -15.327282      1.746000 
   240.025602    -36.614710    -15.268316      1.728000 
   240.025613    -36.628445    -15.209349      1.708000 
   240.025625    -36.642170    -15.150382      1.693000 
   240.025637    -36.655890    -15.091413      1.698000 
   240.025648    -36.669610    -15.032444      1.769000 
   240.025660    -36.683320    -14.973473      1.686000 
   240.025671    -36.697025    -14.914502      1.541000 
   240.025683    -36.710728    -14.855530      1.592000 
   240.025694    -36.724422    -14.796556      1.651000 
   240.025706    -36.738113    -14.737582      1.671000 
   240.025718    -36.751797    -14.678607      1.669000 
   240.025729    -36.765476    -14.619632      1.681000 
   240.025741    -36.779152    -14.560655      1.689000 
   240.025752    -36.792824    -14.501677      1.693000 
   240.025764    -36.806488    -14.442699      1.686000 
   240.025775    -36.820150    -14.383719      1.682000 
   240.025787    -36.833805    -14.324739      1.693000 
   240.025799    -36.847454    -14.265758      1.717000 
   240.025810    -36.861100    -14.206776      1.750000 
   240.025822    -36.874740    -14.147793      1.789000 
   240.025833    -36.888380    -14.088809      1.829000 
   240.025845    -36.902008    -14.029824      1.864000 
   240.025856    -36.915634    -13.970839      1.890000 
   240.025868    -36.929256    -13.911852      1.905000 
   240.025880    -36.942875    -13.852865      1.907000 
   240.025891    -36.956486    -13.793877      1.896000 
   240.025903    -36.970093    -13.734888      1.873000 
   240.025914    -36.983696    -13.675898      1.840000 
   240.025926    -36.997295    -13.616908      1.805000 
   243.502812    -33.011230    -14.517709      1.693000 
   243.502824    -33.024902    -14.576683      1.697000 
   243.502836    -33.038578    -14.635657      1.704000 
   243.502847    -33.052258    -14.694630      1.712000 
   243.502859    -33.065945    -14.753602      1.721000 
   243.502870    -33.079636    -14.812573      1.733000 
   243.502882    -33.093334    -14.871543      1.746000 
   243.502894    -33.107037    -14.930513      1.760000 
   243.502905    -33.120743    -14.989481      1.774000 
   243.502917    -33.134457    -15.048449      1.787000 
   243.502928    -33.148174    -15.107415      1.798000 
   243.502940    -33.161896    -15.166381      1.805000 
   243.502951    -33.175625    -15.225346      1.805000 
   243.502963    -33.189358    -15.284309      1.802000 
   243.502975    -33.203094    -15.343272      1.798000 
   243.502986    -33.216840    -15.402234      1.792000 
   243.502998    -33.230587    -15.461195      1.784000 
   243.503009    -33.244343    -15.520156      1.773000 
   243.503021    -33.258102    -15.579115      1.758000 
   243.503032    -33.271870    -15.638073      1.744000 
   243.503044    -33.285637    -15.697030      1.735000 
   243.503056    -33.299416    -15.755987      1.733000 
   243.503067    -33.313194    -15.814942      1.733000 
   243.503079    -33.326984    -15.873896      1.740000 
   243.503090    -33.340775    -15.932850      1.756000 
   243.503102    -33.354576    -15.991802      1.779000 
   243.503113    -33.368378    -16.050755      1.806000 
   243.503125    -33.382187    -16.109705      1.827000 
   243.503137    -33.396004    -16.168653      1.840000 
   243.503148    -33.409824    -16.227604      1.851000 
   243.503160    -33.423653    -16.286550      1.867000 
   243.503171    -33.437485    -16.345497      1.883000 
   243.503183    -33.451320    -16.404444      1.891000 
   243.503194    -33.465164    -16.463388      1.895000 
   243.503206    -33.479015    -16.522331      1.895000 
   243.503218    -33.492870    -16.581274      1.894000 
   243.503229    -33.506733    -16.640217      1.899000 
   243.503241    -33.520600    -16.699158      1.905000 
   243.503252    -33.534473    -16.758097      1.902000 
   243.503264    -33.548350    -16.817036      1.874000 
   243.503275    -33.562237    -16.875973      1.833000 
   243.503287    -33.576126    -16.934910      1.789000 
   243.503299    -33.590023    -16.993847      1.749000 
   244.022674    -35.289350    -16.933548      1.958000 
   244.022685    -35.303238    -16.874607      1.956000 
   244.022697    -35.317123    -16.815666      1.951000 
   244.022708    -35.331005    -16.756723      1.945000 
   244.022720    -35.344880    -16.697780      1.937000 
   244.022731    -35.358746    -16.638836      1.924000 
   244.022743    -35.372610    -16.579890      1.909000 
   244.022755    -35.386463    -16.520943      1.893000 
   244.022766    -35.400314    -16.461994      1.878000 
   244.022778    -35.414158    -16.403046      1.866000 
   244.022789    -35.427998    -16.344097      1.860000 
   244.022801    -35.441830    -16.285147      1.853000 
   244.022813    -35.455658    -16.226194      1.846000 
   244.022824    -35.469480    -16.167242      1.839000 
   244.022836    -35.483295    -16.108288      1.833000 
   244.022847    -35.497105    -16.049334      1.829000 
   244.022859    -35.510910    -15.990378      1.826000 
   244.022870    -35.524708    -15.931422      1.824000 
   244.022882    -35.538500    -15.872465      1.823000 
   244.022894    -35.552288    -15.813506      1.827000 
   244.022905    -35.566070    -15.754547      1.832000 
   244.022917    -35.579850    -15.695587      1.840000 
   244.022928    -35.593620    -15.636625      1.849000 
   244.022940    -35.607388    -15.577663      1.858000 
   244.022951    -35.621147    -15.518700      1.868000 
   244.022963    -35.634903    -15.459736      1.878000 
   244.022975    -35.648650    -15.400771      1.886000 
   244.022986    -35.662395    -15.341805      1.892000 
   244.022998    -35.676136    -15.282838      1.897000 
   244.023009    -35.689870    -15.223870      1.903000 
   244.023021    -35.703598    -15.164901      1.912000 
   244.023032    -35.717320    -15.105932      1.922000 
   244.023044    -35.731037    -15.046961      1.937000 
   244.023056    -35.744750    -14.987990      1.948000 
   244.023067    -35.758457    -14.929017      1.955000 
   244.023079    -35.772160    -14.870044      1.954000 
   244.023090    -35.785860    -14.811070      1.947000 
   244.023102    -35.799550    -14.752095      1.926000 
   244.023113    -35.813236    -14.693119      1.895000 
   244.023125    -35.826920    -14.634142      1.851000 
   244.023137    -35.840595    -14.575164      1.783000 
   244.023148    -35.854267    -14.516185      1.708000 
   244.023160    -35.867935    -14.457206      1.640000 
   244.023171    -35.881600    -14.398225      1.603000 
   244.023183    -35.895256    -14.339244      1.584000 
   244.023194    -35.908910    -14.280262      1.645000 
   244.023206    -35.922554    -14.221278      1.623000 
   244.023218    -35.936200    -14.162294      1.581000 
   244.023229    -35.949837    -14.103310      1.624000 
   244.023241    -35.963467    -14.044324      1.691000 
   244.023252    -35.977097    -13.985337      1.736000 
   244.023264    -35.990720    -13.926350      1.779000 
   244.023275    -36.004337    -13.867361      1.809000 
   244.023287    -36.017952    -13.808372      1.821000 
   244.023299    -36.031563    -13.749382      1.820000 
   244.023310    -36.045166    -13.690391      1.813000 
   244.023322    -36.058765    -13.631400      1.800000 
   244.023333    -36.072360    -13.572407      1.788000 
   244.023345    -36.085953    -13.513414      1.777000 
   244.023356    -36.099537    -13.454420      1.774000 
   244.023368    -36.113117    -13.395425      1.781000 
   244.023380    -36.126698    -13.336429      1.785000 
   244.023391    -36.140266    -13.277432      1.772000 
   244.023403    -36.153835    -13.218434      1.760000 
   244.023414    -36.167400    -13.159436      1.762000 
   244.023426    -36.180958    -13.100437      1.773000 
   244.023438    -36.194510    -13.041437      1.792000 
