    28.311840    -23.004152     -4.643532      1.580000 
    28.311852    -23.017670     -4.582288      1.581000 
    28.311863    -23.031185     -4.521044      1.578000 
    28.311875    -23.044700     -4.459799      1.575000 
    28.311887    -23.058214     -4.398554      1.575000 
    28.311898    -23.071726     -4.337309      1.582000 
    28.311910    -23.085238     -4.276064      1.590000 
    28.311921    -23.098745     -4.214817      1.594000 
    28.311933    -23.112253     -4.153571      1.606000 
    28.311944    -23.125760     -4.092324      1.620000 
    28.311956    -23.139263     -4.031077      1.631000 
    28.311968    -23.152767     -3.969830      1.633000 
    28.311991    -23.166270     -3.908582      1.626000 
    28.312002    -23.179770     -3.847334      1.624000 
    28.312014    -23.193270     -3.786085      1.626000 
    28.312025    -23.206768     -3.724836      1.629000 
    28.312037    -23.220264     -3.663587      1.632000 
    28.312049    -23.233760     -3.602337      1.637000 
    28.312060    -23.247255     -3.541088      1.641000 
    28.312072    -23.260748     -3.479837      1.642000 
    28.312083    -23.274240     -3.418587      1.640000 
    28.312095    -23.287731     -3.357336      1.639000 
    28.312106    -23.301222     -3.296084      1.639000 
    28.312118    -23.314710     -3.234833      1.637000 
    28.312130    -23.328197     -3.173581      1.636000 
    28.312141    -23.341684     -3.112329      1.649000 
    28.312153    -23.355171     -3.051076      1.662000 
    29.814873    -25.248210     -3.056070      1.596000 
    29.814884    -25.261730     -3.117469      1.592000 
    29.814896    -25.275253     -3.178868      1.593000 
    29.814907    -25.288776     -3.240266      1.600000 
    29.814919    -25.302301     -3.301665      1.603000 
    29.814931    -25.315826     -3.363063      1.594000 
    29.814942    -25.329353     -3.424460      1.580000 
    29.814954    -25.342880     -3.485858      1.584000 
    29.814977    -25.356410     -3.547255      1.600000 
    29.814988    -25.369940     -3.608651      1.586000 
    29.815000    -25.383470     -3.670048      1.556000 
    29.815012    -25.397003     -3.731443      1.565000 
    29.815023    -25.410538     -3.792839      1.588000 
    29.815035    -25.424072     -3.854234      1.602000 
    29.815046    -25.437609     -3.915629      1.598000 
    29.815058    -25.451145     -3.977024      1.586000 
    29.815069    -25.464685     -4.038418      1.568000 
    29.815081    -25.478226     -4.099812      1.546000 
    29.815093    -25.491768     -4.161206      1.535000 
    29.815104    -25.505310     -4.222599      1.533000 
    29.815116    -25.518854     -4.283992      1.535000 
    29.815127    -25.532400     -4.345384      1.537000 
    29.815139    -25.545950     -4.406776      1.548000 
    29.815150    -25.559498     -4.468168      1.549000 
    29.815162    -25.573048     -4.529559      1.542000 
    29.815174    -25.586600     -4.590950      1.529000 
    29.815185    -25.600155     -4.652341      1.515000 
    29.815197    -25.613708     -4.713731      1.503000 
    29.815208    -25.627266     -4.775120      1.497000 
    29.815220    -25.640823     -4.836510      1.494000 
    29.815231    -25.654385     -4.897899      1.493000 
    29.815243    -25.667946     -4.959287      1.496000 
    29.815255    -25.681509     -5.020675      1.500000 
    29.815266    -25.695074     -5.082063      1.501000 
    29.815278    -25.708641     -5.143451      1.499000 
    29.815289    -25.722210     -5.204837      1.494000 
    29.815301    -25.735785     -5.266249      1.486000 
    29.815324    -25.749365     -5.327666      1.481000 
    29.815336    -25.762945     -5.389083      1.477000 
    29.815347    -25.776527     -5.450500      1.473000 
    29.815359    -25.790112     -5.511916      1.468000 
    29.815370    -25.803698     -5.573332      1.466000 
    29.815382    -25.817286     -5.634747      1.467000 
    29.815394    -25.830875     -5.696162      1.470000 
    29.815405    -25.844467     -5.757576      1.471000 
    29.815417    -25.858063     -5.818990      1.468000 
    29.815428    -25.871658     -5.880403      1.457000 
    29.815440    -25.885256     -5.941816      1.458000 
    29.815451    -25.898855     -6.003229      1.463000 
    29.815463    -25.912458     -6.064641      1.470000 
    29.815475    -25.926062     -6.126052      1.475000 
    29.815486    -25.939669     -6.187464      1.475000 
    29.815498    -25.953278     -6.248874      1.473000 
    29.815509    -25.966887     -6.310284      1.470000 
    29.815521    -25.980500     -6.371694      1.466000 
    29.815532    -25.994116     -6.433103      1.461000 
    29.815544    -26.007732     -6.494512      1.455000 
    29.815556    -26.021350     -6.555920      1.447000 
    29.815567    -26.034973     -6.617328      1.437000 
    29.815579    -26.048595     -6.678735      1.427000 
    29.815590    -26.062222     -6.740142      1.418000 
    29.815602    -26.075851     -6.801549      1.408000 
    29.815613    -26.089481     -6.862954      1.399000 
    29.815625    -26.103113     -6.924360      1.391000 
    29.815637    -26.116750     -6.985764      1.384000 
    31.314954    -24.084740     -4.883415      1.761000 
    31.314965    -24.098272     -4.822143      1.763000 
    31.314988    -24.125330     -4.699597      1.762000 
    31.315000    -24.138850     -4.638363      1.756000 
    31.315012    -24.152367     -4.577121      1.747000 
    31.315023    -24.165884     -4.515878      1.742000 
    31.315035    -24.179400     -4.454635      1.719000 
    31.315046    -24.192913     -4.393391      1.711000 
    31.315058    -24.206425     -4.332147      1.715000 
    31.315069    -24.219936     -4.270903      1.718000 
    31.315081    -24.233444     -4.209658      1.724000 
    31.315093    -24.246954     -4.148414      1.721000 
    31.315104    -24.260460     -4.087168      1.714000 
    31.315116    -24.273966     -4.025922      1.716000 
    31.315127    -24.287470     -3.964676      1.719000 
    31.315139    -24.300972     -3.903430      1.725000 
    31.315150    -24.314472     -3.842183      1.733000 
    31.315174    -24.327972     -3.780936      1.742000 
    31.315185    -24.341473     -3.719688      1.751000 
    31.315197    -24.354970     -3.658441      1.759000 
    31.315208    -24.368465     -3.597193      1.767000 
    31.315220    -24.381962     -3.535944      1.775000 
    31.315231    -24.395454     -3.474695      1.783000 
    31.315243    -24.408949     -3.413446      1.790000 
    31.315255    -24.422440     -3.352197      1.795000 
    31.315266    -24.435930     -3.290947      1.798000 
    31.315278    -24.449419     -3.229697      1.799000 
    31.315289    -24.462908     -3.168446      1.797000 
    34.317697    -24.754086     -6.973021      2.459000 
    34.317708    -24.767693     -6.911735      2.449000 
    34.317720    -24.781298     -6.850448      2.439000 
    34.317731    -24.794900     -6.789161      2.428000 
    34.317743    -24.808502     -6.727874      2.421000 
    34.317755    -24.822100     -6.666586      2.417000 
    34.317766    -24.835697     -6.605298      2.413000 
    34.317778    -24.849290     -6.544009      2.409000 
    34.317789    -24.862883     -6.482719      2.406000 
    34.317801    -24.876472     -6.421429      2.404000 
    34.317824    -24.890059     -6.360139      2.405000 
    34.317836    -24.903645     -6.298848      2.404000 
    34.317847    -24.917221     -6.237581      2.402000 
    34.317859    -24.930796     -6.176320      2.403000 
    34.317870    -24.944368     -6.115059      2.400000 
    34.317882    -24.957937     -6.053798      2.389000 
    34.317894    -24.971506     -5.992536      2.370000 
    34.317905    -24.985071     -5.931273      2.352000 
    34.317917    -24.998634     -5.870010      2.341000 
    34.317928    -25.012197     -5.808747      2.356000 
    34.317940    -25.025757     -5.747483      2.369000 
    34.317951    -25.039314     -5.686219      2.386000 
    34.317963    -25.052870     -5.624955      2.408000 
    34.317975    -25.066423     -5.563689      2.432000 
    34.317986    -25.079975     -5.502424      2.452000 
    34.317998    -25.093527     -5.441158      2.466000 
    34.318009    -25.107075     -5.379892      2.472000 
    34.318021    -25.120623     -5.318625      2.472000 
    34.318032    -25.134167     -5.257358      2.469000 
    34.318044    -25.147709     -5.196090      2.462000 
    34.318056    -25.161251     -5.134822      2.447000 
    34.318067    -25.174790     -5.073553      2.422000 
    34.318079    -25.188328     -5.012284      2.389000 
    34.318090    -25.201864     -4.951015      2.365000 
    34.318113    -25.228931     -4.828475      2.328000 
    34.318125    -25.242462     -4.767205      2.316000 
    34.318137    -25.255993     -4.705934      2.312000 
    34.318148    -25.269520     -4.644663      2.321000 
    34.318160    -25.283047     -4.583391      2.332000 
    37.320845    -25.887878     -6.956974      1.900000 
    37.320868    -25.901485     -6.895690      1.910000 
    37.320880    -25.915090     -6.834405      1.917000 
    37.320891    -25.928694     -6.773121      1.923000 
    37.320903    -25.942293     -6.711835      1.924000 
    37.320914    -25.955890     -6.650549      1.921000 
    37.320926    -25.969486     -6.589263      1.915000 
    37.320937    -25.983080     -6.527976      1.908000 
    37.320949    -25.996670     -6.466688      1.903000 
    37.320961    -26.010260     -6.405401      1.903000 
    37.320972    -26.023846     -6.344112      1.901000 
    37.320984    -26.037430     -6.282823      1.897000 
    37.320995    -26.051012     -6.221534      1.894000 
    37.321007    -26.064592     -6.160244      1.891000 
    37.321019    -26.078170     -6.098954      1.889000 
    37.321030    -26.091747     -6.037663      1.887000 
    37.321042    -26.105322     -5.976372      1.886000 
    37.321053    -26.118893     -5.915081      1.887000 
    37.321065    -26.132462     -5.853789      1.889000 
    37.321076    -26.146030     -5.792496      1.893000 
    37.321088    -26.159595     -5.731203      1.901000 
    37.321100    -26.173160     -5.669910      1.906000 
    37.321111    -26.186724     -5.608616      1.911000 
    37.321123    -26.200274     -5.547364      1.910000 
    37.321134    -26.213825     -5.486101      1.912000 
    37.321146    -26.227373     -5.424837      1.917000 
    37.321157    -26.240923     -5.363573      1.924000 
    37.321169    -26.254469     -5.302308      1.937000 
    37.321181    -26.268011     -5.241043      1.952000 
    37.321192    -26.281553     -5.179777      1.966000 
    37.321204    -26.295095     -5.118511      1.976000 
    37.321215    -26.308634     -5.057245      1.977000 
    37.321238    -26.322170     -4.995978      1.964000 
    37.321250    -26.335707     -4.934711      1.942000 
    37.321262    -26.349240     -4.873443      1.931000 
    37.321273    -26.362772     -4.812175      1.940000 
    37.321285    -26.376303     -4.750907      1.953000 
    37.321296    -26.389832     -4.689638      1.953000 
    37.321308    -26.403358     -4.628369      1.945000 
    37.321319    -26.416885     -4.567100      1.929000 
    37.321343    -26.443932     -4.444559      1.918000 
    37.321354    -26.457453     -4.383289      1.912000 
    37.321366    -26.470972     -4.322018      1.905000 
    37.321377    -26.484491     -4.260746      1.900000 
    37.321389    -26.498009     -4.199475      1.896000 
    37.321400    -26.511522     -4.138203      1.897000 
    37.321412    -26.525038     -4.076930      1.903000 
    37.321424    -26.538550     -4.015657      1.914000 
    37.321435    -26.552061     -3.954384      1.928000 
    37.321447    -26.565573     -3.893110      1.943000 
    37.321458    -26.579080     -3.831837      1.954000 
    37.321470    -26.592588     -3.770562      1.959000 
    37.321481    -26.606094     -3.709288      1.958000 
    37.321493    -26.619598     -3.648013      1.955000 
    37.321505    -26.633102     -3.586738      1.955000 
    37.321516    -26.646605     -3.525462      1.942000 
    37.321528    -26.660107     -3.464186      1.933000 
    37.321539    -26.673607     -3.402910      1.914000 
    37.321551    -26.687101     -3.341652      1.941000 
    37.321562    -26.700594     -3.280407      1.938000 
    37.321574    -26.714083     -3.219161      1.926000 
    37.321586    -26.727571     -3.157915      1.920000 
    37.321609    -26.741058     -3.096668      1.914000 
    37.321620    -26.754545     -3.035422      1.911000 
    48.811505    -24.005838     -3.008807      2.327000 
    48.811516    -24.019344     -3.070132      2.371000 
    48.811528    -24.032850     -3.131456      2.396000 
    48.811539    -24.046358     -3.192779      2.358000 
    48.811551    -24.059868     -3.254103      2.324000 
    48.811562    -24.073378     -3.315426      2.319000 
    48.811574    -24.086887     -3.376749      2.358000 
    48.811586    -24.100400     -3.438071      2.422000 
    48.811597    -24.113913     -3.499393      2.458000 
    48.811609    -24.127428     -3.560715      2.440000 
    48.811620    -24.140944     -3.622037      2.359000 
    48.811632    -24.154460     -3.683358      2.253000 
    48.811644    -24.167978     -3.744679      2.220000 
    48.811655    -24.181498     -3.805999      2.286000 
    48.811667    -24.195019     -3.867320      2.358000 
    48.811678    -24.208540     -3.928639      2.408000 
    48.811690    -24.222063     -3.989959      2.464000 
    48.811701    -24.235586     -4.051278      2.455000 
    48.811713    -24.249113     -4.112597      2.388000 
    48.811736    -24.262640     -4.173916      2.324000 
    48.811748    -24.276169     -4.235234      2.288000 
    48.811759    -24.289700     -4.296552      2.286000 
    48.811771    -24.303230     -4.357869      2.327000 
    48.811782    -24.316763     -4.419186      2.381000 
    48.811794    -24.330297     -4.480503      2.429000 
    48.811806    -24.343834     -4.541819      2.442000 
    48.811817    -24.357370     -4.603135      2.401000 
    48.811829    -24.370910     -4.664451      2.368000 
    48.811840    -24.384450     -4.725766      2.331000 
    48.811852    -24.397993     -4.787081      2.366000 
    48.811863    -24.411537     -4.848396      2.398000 
    48.811875    -24.425081     -4.909710      2.405000 
    48.811887    -24.438630     -4.971023      2.384000 
    48.811898    -24.452188     -5.032382      2.380000 
    48.811910    -24.465746     -5.093726      2.380000 
    48.811921    -24.479305     -5.155070      2.391000 
    48.811933    -24.492867     -5.216414      2.361000 
    48.811944    -24.506428     -5.277757      2.342000 
    48.811956    -24.519993     -5.339099      2.340000 
    48.811968    -24.533560     -5.400441      2.329000 
    48.811979    -24.547127     -5.461783      2.356000 
    48.811991    -24.560698     -5.523125      2.400000 
    48.812002    -24.574268     -5.584466      2.427000 
    48.812014    -24.587843     -5.645806      2.478000 
    48.812025    -24.601418     -5.707146      2.501000 
    48.812037    -24.614996     -5.768486      2.482000 
    48.812049    -24.628576     -5.829825      2.440000 
    48.812060    -24.642157     -5.891164      2.400000 
    48.812083    -24.655740     -5.952502      2.377000 
    48.812095    -24.669327     -6.013840      2.373000 
    48.812118    -24.696503     -6.136515      2.379000 
    48.812130    -24.710094     -6.197851      2.388000 
    48.812141    -24.723688     -6.259187      2.400000 
    48.812153    -24.737286     -6.320523      2.404000 
    48.812164    -24.750883     -6.381858      2.407000 
    48.812176    -24.764484     -6.443193      2.404000 
    48.812187    -24.778086     -6.504527      2.403000 
    48.812199    -24.791690     -6.565861      2.400000 
    48.812211    -24.805298     -6.627194      2.396000 
    48.812222    -24.818907     -6.688527      2.392000 
    48.812234    -24.832520     -6.749859      2.387000 
    48.812245    -24.846132     -6.811191      2.382000 
    48.812257    -24.859749     -6.872522      2.373000 
    48.812269    -24.873367     -6.933853      2.364000 
    48.812280    -24.886990     -6.995183      2.362000 
    51.814630    -25.126804     -3.000981      2.488000 
    51.814641    -25.140305     -3.062277      2.475000 
    51.814653    -25.153805     -3.123574      2.457000 
    51.814664    -25.167307     -3.184870      2.451000 
    51.814688    -25.194313     -3.307462      2.456000 
    51.814699    -25.207817     -3.368757      2.462000 
    51.814711    -25.221323     -3.430052      2.461000 
    51.814722    -25.234830     -3.491346      2.435000 
    51.814734    -25.248339     -3.552641      2.389000 
    51.814745    -25.261848     -3.613935      2.359000 
    51.814757    -25.275358     -3.675228      2.419000 
    51.814769    -25.288872     -3.736522      2.450000 
    51.814780    -25.302383     -3.797815      2.462000 
    51.814803    -25.315899     -3.859108      2.433000 
    51.814838    -25.356466     -4.043061      2.497000 
    51.814850    -25.369993     -4.104383      2.456000 
    51.814861    -25.383520     -4.165706      2.471000 
    51.814873    -25.397050     -4.227028      2.564000 
    51.814884    -25.410582     -4.288349      2.642000 
    51.814896    -25.424112     -4.349671      2.659000 
    51.814907    -25.437647     -4.410992      2.589000 
    51.814919    -25.451181     -4.472312      2.500000 
    51.814931    -25.464720     -4.533632      2.464000 
    51.814942    -25.478256     -4.594952      2.488000 
    51.814954    -25.491796     -4.656272      2.508000 
    51.814988    -25.532427     -4.840228      2.608000 
    51.815000    -25.545973     -4.901546      2.607000 
    51.815012    -25.559520     -4.962864      2.613000 
    51.815023    -25.573069     -5.024181      2.618000 
    51.815035    -25.586620     -5.085497      2.619000 
    51.815046    -25.600174     -5.146814      2.623000 
    51.815058    -25.613728     -5.208130      2.627000 
    51.815069    -25.627285     -5.269445      2.637000 
    51.815081    -25.640842     -5.330761      2.655000 
    51.815093    -25.654404     -5.392075      2.674000 
    51.815104    -25.667965     -5.453390      2.694000 
    51.815116    -25.681528     -5.514703      2.712000 
    51.815127    -25.695093     -5.576017      2.729000 
    51.815139    -25.708662     -5.637330      2.733000 
    51.815162    -25.722230     -5.698643      2.722000 
    51.815174    -25.735802     -5.759955      2.703000 
    51.815185    -25.749376     -5.821267      2.678000 
    51.815197    -25.762950     -5.882578      2.657000 
    51.815208    -25.776527     -5.943889      2.644000 
    51.815220    -25.790108     -6.005199      2.638000 
    51.815231    -25.803688     -6.066509      2.642000 
    51.815243    -25.817272     -6.127819      2.650000 
    51.815255    -25.830858     -6.189128      2.659000 
    51.815266    -25.844452     -6.250468      2.668000 
    51.815278    -25.858050     -6.311807      2.673000 
    51.815289    -25.871649     -6.373146      2.676000 
    51.815301    -25.885248     -6.434485      2.676000 
    51.815312    -25.898851     -6.495823      2.670000 
    51.815324    -25.912457     -6.557160      2.662000 
    51.815336    -25.926065     -6.618497      2.653000 
    51.815347    -25.939674     -6.679834      2.645000 
    51.815359    -25.953287     -6.741170      2.637000 
    51.815370    -25.966902     -6.802506      2.632000 
    51.815382    -25.980518     -6.863841      2.618000 
    51.815394    -25.994139     -6.925176      2.624000 
    51.815405    -26.007760     -6.986510      2.631000 
    54.817766    -26.257338     -3.047481      2.081000 
    54.817778    -26.270838     -3.108782      2.089000 
    54.817789    -26.284340     -3.170082      2.094000 
    54.817801    -26.297840     -3.231382      2.098000 
    54.817813    -26.311344     -3.292681      2.102000 
    54.817824    -26.324848     -3.353980      2.105000 
    54.817836    -26.338354     -3.415279      2.108000 
    54.817847    -26.351862     -3.476578      2.111000 
    54.817859    -26.365370     -3.537876      2.114000 
    54.817870    -26.378880     -3.599174      2.116000 
    54.817882    -26.392390     -3.660472      2.119000 
    54.817894    -26.405903     -3.721769      2.121000 
    54.817905    -26.419415     -3.783066      2.125000 
    54.817917    -26.432928     -3.844363      2.129000 
    54.817928    -26.446444     -3.905659      2.132000 
    54.817940    -26.459960     -3.966955      2.133000 
    54.817951    -26.473478     -4.028251      2.135000 
    54.817963    -26.486998     -4.089546      2.142000 
    54.817975    -26.500519     -4.150842      2.140000 
    54.818009    -26.541090     -4.334725      2.147000 
    54.818021    -26.554617     -4.396018      2.131000 
    54.818032    -26.568146     -4.457311      2.127000 
    54.818044    -26.581675     -4.518604      2.137000 
    54.818056    -26.595205     -4.579897      2.152000 
    54.818079    -26.608738     -4.641189      2.155000 
    54.818102    -26.635809     -4.763772      2.159000 
    54.818113    -26.649345     -4.825063      2.167000 
    54.818125    -26.662884     -4.886353      2.186000 
    54.818137    -26.676426     -4.947644      2.201000 
    54.818148    -26.689966     -5.008933      2.198000 
    54.818160    -26.703510     -5.070223      2.172000 
    54.818171    -26.717056     -5.131512      2.159000 
    54.818183    -26.730604     -5.192800      2.149000 
    54.818194    -26.744160     -5.254113      2.142000 
    54.818206    -26.757717     -5.315432      2.140000 
    54.818218    -26.771276     -5.376751      2.146000 
    54.818229    -26.784838     -5.438069      2.145000 
    54.818241    -26.798400     -5.499387      2.131000 
    54.818252    -26.811968     -5.560704      2.110000 
    54.818264    -26.825535     -5.622021      2.087000 
    54.818275    -26.839104     -5.683338      2.060000 
    54.818287    -26.852674     -5.744654      2.043000 
    54.818299    -26.866247     -5.805970      2.036000 
    54.818310    -26.879822     -5.867285      2.030000 
    54.818322    -26.893398     -5.928600      2.024000 
    54.818333    -26.906977     -5.989914      2.020000 
    54.818345    -26.920559     -6.051228      2.016000 
    54.818356    -26.934141     -6.112542      2.012000 
    54.818368    -26.947725     -6.173855      2.008000 
    54.818380    -26.961313     -6.235167      2.004000 
    54.818391    -26.974903     -6.296480      1.997000 
    54.818403    -26.988495     -6.357791      1.989000 
    56.317419    -24.630860     -6.940073      2.097000 
    56.317431    -24.644484     -6.878715      2.097000 
    56.317442    -24.658108     -6.817357      2.096000 
    56.317454    -24.671726     -6.755998      2.101000 
    56.317465    -24.685345     -6.694639      2.114000 
    56.317477    -24.698960     -6.633280      2.124000 
    56.317488    -24.712574     -6.571920      2.126000 
    56.317500    -24.726185     -6.510559      2.120000 
    56.317512    -24.739794     -6.449198      2.112000 
    56.317523    -24.753400     -6.387837      2.111000 
    56.317535    -24.767006     -6.326475      2.109000 
    56.317546    -24.780607     -6.265112      2.108000 
    56.317558    -24.794207     -6.203749      2.111000 
    56.317569    -24.807804     -6.142386      2.112000 
    56.317581    -24.821402     -6.081022      2.112000 
    56.317593    -24.834995     -6.019658      2.112000 
    56.317604    -24.848587     -5.958293      2.121000 
    56.317616    -24.862177     -5.896928      2.131000 
    56.317627    -24.875765     -5.835562      2.135000 
    56.317639    -24.889350     -5.774196      2.133000 
    56.317650    -24.902927     -5.712860      2.119000 
    56.317674    -24.916502     -5.651525      2.098000 
    56.317685    -24.930075     -5.590189      2.081000 
    56.317697    -24.943645     -5.528852      2.087000 
    56.317708    -24.957214     -5.467515      2.111000 
    56.317720    -24.970783     -5.406178      2.137000 
    56.317731    -24.984348     -5.344840      2.144000 
    56.317743    -24.997911     -5.283502      2.124000 
    56.317755    -25.011475     -5.222163      2.093000 
    56.317766    -25.025034     -5.160824      2.058000 
    56.317778    -25.038593     -5.099485      2.032000 
    56.317789    -25.052149     -5.038145      2.005000 
    56.317801    -25.065704     -4.976805      1.970000 
    56.317813    -25.079258     -4.915464      1.929000 
    56.317824    -25.092810     -4.854123      1.878000 
    56.317836    -25.106360     -4.792782      1.852000 
    56.318044    -25.336480     -3.749921      1.645000 
    56.318056    -25.350002     -3.688574      1.639000 
    56.318067    -25.363525     -3.627225      1.640000 
    56.318079    -25.377047     -3.565877      1.644000 
    56.318090    -25.390568     -3.504528      1.650000 
    56.318102    -25.404087     -3.443179      1.658000 
    56.318113    -25.417599     -3.381861      1.666000 
    56.318125    -25.431108     -3.320543      1.672000 
    56.318137    -25.444616     -3.259224      1.678000 
    56.318148    -25.458124     -3.197905      1.684000 
    56.318160    -25.471632     -3.136586      1.690000 
    56.318171    -25.485138     -3.075266      1.694000 
    56.318183    -25.498642     -3.013946      1.696000 
    59.320521    -25.738493     -6.981442      1.664000 
    59.320532    -25.752127     -6.920057      1.659000 
    59.320544    -25.765757     -6.858671      1.649000 
    59.320556    -25.779379     -6.797318      1.638000 
    59.320567    -25.792997     -6.735963      1.628000 
    59.320579    -25.806614     -6.674607      1.619000 
    59.320590    -25.820229     -6.613251      1.608000 
    59.320602    -25.833841     -6.551894      1.601000 
    59.320613    -25.847450     -6.490536      1.602000 
    59.320625    -25.861060     -6.429179      1.614000 
    59.320637    -25.874664     -6.367820      1.622000 
    59.320660    -25.888268     -6.306462      1.626000 
    59.320671    -25.901870     -6.245102      1.628000 
    59.320683    -25.915468     -6.183743      1.630000 
    59.320694    -25.929066     -6.122383      1.630000 
    59.320706    -25.942661     -6.061022      1.632000 
    59.320718    -25.956253     -5.999661      1.633000 
    59.320729    -25.969845     -5.938300      1.632000 
    59.320741    -25.983435     -5.876938      1.630000 
    59.320752    -25.997020     -5.815575      1.627000 
    59.320764    -26.010605     -5.754212      1.623000 
    59.320775    -26.024187     -5.692849      1.618000 
    59.320787    -26.037770     -5.631485      1.612000 
    59.320799    -26.051348     -5.570121      1.608000 
    59.320810    -26.064924     -5.508757      1.606000 
    59.320822    -26.078500     -5.447392      1.603000 
    59.320833    -26.092073     -5.386026      1.600000 
    59.320845    -26.105646     -5.324660      1.600000 
    59.320856    -26.119217     -5.263294      1.600000 
    59.320868    -26.132784     -5.201928      1.600000 
    59.320880    -26.146350     -5.140560      1.598000 
    59.320891    -26.159916     -5.079193      1.595000 
    59.320903    -26.173477     -5.017825      1.594000 
    59.320914    -26.187038     -4.956457      1.597000 
    59.320926    -26.200598     -4.895088      1.604000 
    59.320937    -26.214155     -4.833719      1.607000 
    59.320949    -26.227713     -4.772350      1.612000 
    59.320961    -26.241266     -4.710980      1.614000 
    59.320972    -26.254812     -4.649639      1.613000 
    59.320984    -26.268356     -4.588300      1.609000 
    59.321007    -26.281900     -4.526960      1.603000 
    59.321019    -26.295440     -4.465620      1.598000 
    59.321030    -26.308980     -4.404279      1.593000 
    59.321042    -26.322520     -4.342939      1.581000 
    59.321053    -26.336056     -4.281598      1.581000 
    59.321065    -26.349592     -4.220256      1.598000 
    59.321076    -26.363127     -4.158914      1.630000 
    59.321088    -26.376660     -4.097572      1.642000 
    59.321100    -26.390190     -4.036229      1.605000 
    59.321111    -26.403720     -3.974886      1.563000 
    59.321123    -26.417248     -3.913543      1.558000 
    59.321134    -26.430777     -3.852199      1.583000 
    59.321146    -26.444302     -3.790855      1.591000 
    59.321157    -26.457827     -3.729511      1.600000 
    59.321169    -26.471350     -3.668167      1.599000 
    59.321192    -26.498392     -3.545476      1.589000 
    59.321204    -26.511913     -3.484131      1.580000 
    59.321215    -26.525430     -3.422785      1.572000 
    59.321227    -26.538948     -3.361439      1.566000 
    59.321238    -26.552465     -3.300092      1.562000 
    59.321250    -26.565980     -3.238745      1.564000 
    59.321262    -26.579494     -3.177398      1.567000 
    59.321273    -26.593008     -3.116051      1.566000 
    59.321285    -26.606520     -3.054703      1.562000 
   211.815370    -25.191600     -3.014792      1.654000 
   211.815382    -25.205086     -3.076013      1.651000 
   211.815394    -25.218570     -3.137234      1.652000 
   211.815405    -25.232060     -3.198455      1.652000 
   211.815417    -25.245546     -3.259676      1.650000 
   211.815428    -25.259035     -3.320896      1.646000 
   211.815440    -25.272528     -3.382116      1.641000 
   211.815451    -25.286018     -3.443336      1.635000 
   211.815463    -25.299511     -3.504555      1.627000 
   211.815486    -25.313011     -3.565802      1.619000 
   211.815498    -25.326513     -3.627052      1.609000 
   211.815509    -25.340017     -3.688301      1.597000 
   211.815521    -25.353521     -3.749551      1.586000 
   211.815532    -25.367027     -3.810799      1.578000 
   211.815544    -25.380533     -3.872048      1.575000 
   211.815556    -25.394043     -3.933296      1.576000 
   211.815567    -25.407553     -3.994543      1.581000 
   211.815579    -25.421062     -4.055791      1.590000 
   211.815590    -25.434576     -4.117038      1.605000 
   211.815602    -25.448090     -4.178284      1.627000 
   211.815613    -25.461605     -4.239530      1.653000 
   211.815625    -25.475120     -4.300776      1.682000 
   211.815637    -25.488640     -4.362021      1.711000 
   211.815648    -25.502157     -4.423266      1.738000 
   211.815660    -25.515678     -4.484511      1.759000 
   211.815671    -25.529202     -4.545755      1.770000 
   211.815683    -25.542727     -4.606999      1.772000 
   211.815694    -25.556252     -4.668242      1.764000 
   211.815706    -25.569778     -4.729485      1.748000 
   211.815718    -25.583307     -4.790728      1.726000 
   211.815729    -25.596836     -4.851970      1.701000 
   211.815741    -25.610369     -4.913211      1.675000 
   211.815752    -25.623903     -4.974452      1.655000 
   211.815764    -25.637438     -5.035693      1.642000 
   211.815775    -25.650974     -5.096934      1.635000 
   211.815787    -25.664513     -5.158173      1.635000 
   211.815799    -25.678055     -5.219413      1.641000 
   211.815810    -25.691595     -5.280652      1.653000 
   211.815822    -25.705140     -5.341891      1.666000 
   211.815833    -25.718685     -5.403129      1.680000 
   211.815845    -25.732233     -5.464366      1.694000 
   211.815868    -25.745789     -5.525635      1.707000 
   211.815880    -25.759348     -5.586903      1.718000 
   211.815891    -25.772907     -5.648170      1.726000 
   211.815903    -25.786469     -5.709438      1.731000 
   211.815914    -25.800034     -5.770704      1.735000 
   211.815926    -25.813599     -5.831970      1.737000 
   211.815937    -25.827168     -5.893236      1.738000 
   211.815949    -25.840736     -5.954501      1.734000 
   211.815961    -25.854307     -6.015766      1.748000 
   211.815972    -25.867882     -6.077030      1.762000 
   211.815984    -25.881458     -6.138294      1.777000 
   211.815995    -25.895037     -6.199557      1.780000 
   211.816007    -25.908615     -6.260820      1.804000 
   211.816019    -25.922197     -6.322082      1.862000 
   211.816030    -25.935783     -6.383344      1.925000 
   211.816042    -25.949370     -6.444606      1.980000 
   211.816065    -25.976550     -6.567127      1.983000 
   211.816076    -25.990143     -6.628386      1.956000 
   211.816111    -26.030935     -6.812162      1.958000 
   211.816123    -26.044538     -6.873420      1.958000 
   211.816134    -26.058142     -6.934677      1.958000 
   211.816146    -26.071749     -6.995933      1.958000 
   214.818438    -26.295351     -3.054442      2.240000 
   214.818449    -26.308844     -3.115692      2.218000 
   214.818461    -26.322336     -3.176943      2.192000 
   214.818472    -26.335830     -3.238193      2.165000 
   214.818484    -26.349327     -3.299444      2.139000 
   214.818495    -26.362823     -3.360693      2.113000 
   214.818507    -26.376322     -3.421943      2.089000 
   214.818519    -26.389820     -3.483191      2.066000 
   214.818530    -26.403320     -3.544440      2.044000 
   214.818542    -26.416820     -3.605688      2.024000 
   214.818553    -26.430325     -3.666936      2.007000 
   214.818565    -26.443827     -3.728184      1.996000 
   214.818576    -26.457333     -3.789431      1.990000 
   214.818588    -26.470839     -3.850678      1.991000 
   214.818600    -26.484346     -3.911924      1.997000 
   214.818611    -26.497854     -3.973170      1.985000 
   214.818623    -26.511364     -4.034416      1.969000 
   214.818634    -26.524876     -4.095661      1.954000 
   214.818646    -26.538387     -4.156906      1.959000 
   214.818657    -26.551903     -4.218150      1.983000 
   214.818669    -26.565418     -4.279394      2.011000 
   214.818681    -26.578936     -4.340638      2.025000 
   214.818692    -26.592453     -4.401881      2.026000 
   214.818704    -26.605972     -4.463124      2.022000 
   214.818727    -26.619495     -4.524367      2.028000 
   214.818738    -26.633017     -4.585609      2.037000 
   214.818750    -26.646542     -4.646850      2.046000 
   214.818762    -26.660069     -4.708092      2.055000 
   214.818773    -26.673595     -4.769333      2.062000 
   214.818785    -26.687124     -4.830573      2.065000 
   214.818796    -26.700655     -4.891813      2.064000 
   214.818808    -26.714188     -4.953052      2.062000 
   214.818819    -26.727728     -5.014321      2.062000 
   214.818831    -26.741270     -5.075591      2.060000 
   214.818843    -26.754816     -5.136861      2.058000 
   214.818854    -26.768362     -5.198130      2.057000 
   214.818866    -26.781910     -5.259398      2.057000 
   214.818877    -26.795460     -5.320667      2.057000 
   214.818889    -26.809011     -5.381934      2.058000 
   214.818900    -26.822563     -5.443202      2.058000 
   214.818912    -26.836119     -5.504469      2.058000 
   214.818924    -26.849676     -5.565735      2.059000 
   214.818935    -26.863235     -5.627001      2.064000 
   214.818947    -26.876797     -5.688266      2.072000 
   214.818958    -26.890358     -5.749531      2.079000 
   214.818970    -26.903923     -5.810796      2.084000 
   214.818981    -26.917490     -5.872060      2.087000 
   214.818993    -26.931059     -5.933323      2.090000 
   214.819005    -26.944630     -5.994586      2.095000 
   214.819016    -26.958200     -6.055849      2.099000 
   214.819028    -26.971775     -6.117111      2.103000 
   214.819039    -26.985353     -6.178372      2.106000 
   214.819051    -26.998932     -6.239633      2.109000 
   227.808681    -23.012297     -4.683078      1.560000 
   227.808692    -23.025835     -4.744368      1.553000 
   227.808704    -23.039377     -4.805658      1.543000 
   227.808715    -23.052920     -4.866947      1.533000 
   227.808727    -23.066463     -4.928236      1.526000 
   227.808738    -23.080010     -4.989525      1.520000 
   227.808762    -23.093557     -5.050813      1.514000 
   227.808773    -23.107107     -5.112100      1.509000 
   227.808785    -23.120667     -5.173425      1.506000 
   227.808796    -23.134226     -5.234743      1.504000 
   227.808808    -23.147787     -5.296060      1.504000 
   227.808819    -23.161350     -5.357378      1.508000 
   227.808831    -23.174915     -5.418694      1.519000 
   227.808843    -23.188482     -5.480010      1.535000 
   227.808854    -23.202051     -5.541326      1.553000 
   227.808866    -23.215624     -5.602641      1.570000 
   227.808877    -23.229195     -5.663956      1.584000 
   227.808889    -23.242770     -5.725270      1.597000 
   227.808900    -23.256346     -5.786584      1.605000 
   227.808912    -23.269924     -5.847897      1.607000 
   227.808924    -23.283504     -5.909210      1.605000 
   227.808935    -23.297089     -5.970522      1.600000 
   227.808947    -23.310673     -6.031834      1.594000 
   227.808958    -23.324259     -6.093146      1.589000 
   227.808970    -23.337847     -6.154456      1.590000 
   227.808981    -23.351439     -6.215767      1.598000 
   227.808993    -23.365030     -6.277076      1.604000 
   227.809005    -23.378626     -6.338386      1.608000 
   227.809016    -23.392221     -6.399694      1.611000 
   227.809028    -23.405823     -6.461003      1.615000 
   227.809039    -23.419422     -6.522310      1.616000 
   227.809051    -23.433027     -6.583617      1.613000 
   227.809063    -23.446632     -6.644924      1.609000 
   227.809074    -23.460241     -6.706230      1.610000 
   227.809086    -23.473850     -6.767536      1.614000 
   227.809097    -23.487465     -6.828841      1.621000 
   227.809120    -23.501085     -6.890179      1.620000 
   227.809132    -23.514711     -6.951514      1.618000 
   230.811400    -23.738110     -3.023130      1.976000 
   230.811412    -23.751612     -3.084428      1.968000 
   230.811435    -23.765116     -3.145725      1.967000 
   230.811447    -23.778622     -3.207021      1.969000 
   230.811458    -23.792128     -3.268318      1.973000 
   230.811470    -23.805634     -3.329614      1.978000 
   230.811481    -23.819143     -3.390909      1.987000 
   230.811493    -23.832651     -3.452205      1.997000 
   230.811505    -23.846163     -3.513500      2.006000 
   230.811516    -23.859674     -3.574794      2.011000 
   230.811528    -23.873188     -3.636088      2.016000 
   230.811539    -23.886702     -3.697382      2.013000 
   230.811551    -23.900217     -3.758676      2.006000 
   230.811562    -23.913734     -3.819968      2.000000 
   230.811574    -23.927252     -3.881261      1.994000 
   230.811586    -23.940771     -3.942553      1.987000 
   230.811597    -23.954292     -4.003845      1.977000 
   230.811609    -23.967813     -4.065137      1.968000 
   230.811620    -23.981337     -4.126428      1.957000 
   230.811632    -23.994862     -4.187719      1.943000 
   230.811644    -24.008394     -4.249040      1.942000 
   230.811655    -24.021929     -4.310361      1.955000 
   230.811667    -24.035465     -4.371682      1.981000 
   230.811678    -24.049002     -4.433003      2.004000 
   230.811690    -24.062540     -4.494323      2.006000 
   230.811701    -24.076080     -4.555642      1.988000 
   230.811713    -24.089622     -4.616961      1.969000 
   230.811725    -24.103167     -4.678280      1.968000 
   230.811736    -24.116710     -4.739598      1.993000 
   230.811748    -24.130259     -4.800916      2.029000 
   230.811759    -24.143806     -4.862234      2.056000 
   230.811771    -24.157356     -4.923551      2.039000 
   230.811782    -24.170906     -4.984867      2.023000 
   230.811806    -24.184460     -5.046183      2.005000 
   230.811817    -24.198015     -5.107499      2.027000 
   230.811829    -24.211570     -5.168814      2.056000 
   230.811840    -24.225130     -5.230129      2.066000 
   230.811852    -24.238690     -5.291443      2.068000 
   230.811863    -24.252253     -5.352757      2.064000 
   230.811875    -24.265816     -5.414070      2.061000 
   230.811887    -24.279380     -5.475383      2.051000 
   230.811898    -24.292948     -5.536695      2.035000 
   230.811910    -24.306517     -5.598007      2.016000 
   230.811921    -24.320087     -5.659319      1.996000 
   230.811933    -24.333660     -5.720630      1.992000 
   230.811944    -24.347237     -5.781940      2.011000 
   230.811956    -24.360813     -5.843250      2.048000 
   230.811968    -24.374392     -5.904560      2.078000 
   230.811979    -24.387974     -5.965869      2.089000 
   230.811991    -24.401562     -6.027201      2.085000 
   230.812002    -24.415154     -6.088540      2.079000 
   230.812014    -24.428747     -6.149879      2.081000 
   230.812025    -24.442343     -6.211217      2.089000 
   230.812037    -24.455940     -6.272555      2.102000 
   230.812049    -24.469542     -6.333892      2.141000 
   230.812060    -24.483143     -6.395229      2.144000 
   230.812072    -24.496748     -6.456565      2.140000 
   230.812083    -24.510355     -6.517901      2.140000 
   230.812095    -24.523964     -6.579236      2.130000 
   230.812106    -24.537575     -6.640571      2.130000 
   230.812118    -24.551190     -6.701905      2.148000 
   230.812130    -24.564804     -6.763239      2.176000 
   230.812153    -24.578423     -6.824572      2.208000 
   230.812164    -24.592043     -6.885904      2.245000 
   230.812176    -24.605665     -6.947236      2.284000 
   233.814456    -24.832216     -3.034150      2.074000 
   233.814468    -24.845718     -3.095444      2.072000 
   233.814479    -24.859222     -3.156737      2.069000 
   233.814491    -24.872726     -3.218031      2.071000 
   233.814502    -24.886236     -3.279351      2.075000 
   233.814514    -24.899752     -3.340675      2.078000 
   233.814525    -24.913265     -3.401998      2.081000 
   233.814537    -24.926780     -3.463322      2.086000 
   233.814549    -24.940296     -3.524644      2.093000 
   233.814560    -24.953815     -3.585967      2.099000 
   233.814572    -24.967335     -3.647289      2.109000 
   233.814583    -24.980854     -3.708611      2.121000 
   233.814595    -24.994375     -3.769932      2.128000 
   233.814606    -25.007898     -3.831253      2.128000 
   233.814618    -25.021421     -3.892574      2.123000 
   233.814630    -25.034946     -3.953894      2.114000 
   233.814641    -25.048473     -4.015213      2.106000 
   233.814653    -25.062002     -4.076533      2.104000 
   233.814664    -25.075531     -4.137852      2.108000 
   233.814688    -25.102594     -4.260489      2.116000 
   233.814699    -25.116127     -4.321807      2.120000 
   233.814711    -25.129662     -4.383124      2.121000 
   233.814722    -25.143198     -4.444441      2.121000 
   233.814734    -25.156736     -4.505757      2.118000 
   233.814745    -25.170277     -4.567074      2.117000 
   233.814757    -25.183817     -4.628389      2.118000 
   233.814769    -25.197360     -4.689705      2.095000 
   233.814780    -25.210903     -4.751020      2.066000 
   233.814803    -25.224450     -4.812334      2.078000 
   233.814815    -25.237995     -4.873648      2.110000 
   233.814826    -25.251545     -4.934961      2.140000 
   233.814838    -25.265097     -4.996275      2.149000 
   233.814850    -25.278648     -5.057587      2.124000 
   233.814861    -25.292202     -5.118899      2.092000 
   233.814873    -25.305767     -5.180251      2.055000 
   233.814884    -25.319330     -5.241594      2.031000 
   233.814896    -25.332897     -5.302936      2.027000 
   233.814907    -25.346464     -5.364277      2.047000 
   233.814919    -25.360035     -5.425619      2.067000 
   233.814931    -25.373606     -5.486959      2.069000 
   233.814942    -25.387180     -5.548300      2.056000 
   233.814954    -25.400755     -5.609640      2.036000 
   233.814965    -25.414331     -5.670979      2.011000 
   233.814977    -25.427912     -5.732318      1.980000 
   233.814988    -25.441492     -5.793656      1.955000 
   233.815000    -25.455074     -5.854994      1.940000 
   233.815012    -25.468660     -5.916331      1.936000 
   233.815023    -25.482248     -5.977668      1.927000 
   233.815035    -25.495836     -6.039005      1.911000 
   233.815046    -25.509428     -6.100341      1.897000 
   233.815058    -25.523022     -6.161676      1.885000 
   233.815069    -25.536615     -6.223011      1.873000 
   233.815081    -25.550215     -6.284345      1.861000 
   233.815093    -25.563812     -6.345679      1.852000 
   233.815104    -25.577415     -6.407012      1.846000 
   233.815116    -25.591019     -6.468345      1.842000 
   233.815127    -25.604626     -6.529678      1.841000 
   233.815150    -25.618233     -6.591009      1.839000 
   233.815162    -25.631844     -6.652340      1.838000 
   233.815174    -25.645456     -6.713671      1.843000 
   233.815185    -25.659071     -6.775001      1.848000 
   233.815197    -25.672690     -6.836331      1.856000 
   233.815208    -25.686317     -6.897698      1.862000 
   233.815220    -25.699945     -6.959058      1.870000 
   236.817500    -25.928460     -3.059219      2.194000 
   236.817512    -25.941969     -3.120541      2.201000 
   236.817523    -25.955480     -3.181862      2.207000 
   236.817535    -25.968990     -3.243183      2.212000 
   236.817546    -25.982504     -3.304504      2.215000 
   236.817558    -25.996017     -3.365824      2.219000 
   236.817569    -26.009533     -3.427144      2.222000 
   236.817581    -26.023048     -3.488464      2.225000 
   236.817593    -26.036566     -3.549783      2.229000 
   236.817604    -26.050083     -3.611101      2.230000 
   236.817616    -26.063602     -3.672420      2.230000 
   236.817627    -26.077124     -3.733738      2.229000 
   236.817639    -26.090647     -3.795056      2.231000 
   236.817650    -26.104170     -3.856373      2.231000 
   236.817662    -26.117693     -3.917690      2.222000 
   236.817674    -26.131220     -3.979006      2.210000 
   236.817685    -26.144747     -4.040322      2.202000 
   236.817697    -26.158276     -4.101638      2.193000 
   236.817708    -26.171804     -4.162954      2.183000 
   236.817720    -26.185335     -4.224268      2.176000 
   236.817731    -26.198880     -4.285629      2.170000 
   236.817743    -26.212420     -4.346974      2.156000 
   236.817766    -26.225962     -4.408320      2.120000 
   236.817778    -26.239506     -4.469664      2.106000 
   236.817789    -26.253052     -4.531009      2.157000 
   236.817801    -26.266600     -4.592352      2.196000 
   236.817813    -26.280148     -4.653696      2.212000 
   236.817824    -26.293697     -4.715039      2.169000 
   236.817836    -26.307250     -4.776381      2.150000 
   236.817847    -26.320803     -4.837723      2.148000 
   236.817859    -26.334356     -4.899065      2.149000 
   236.817870    -26.347914     -4.960406      2.151000 
   236.817882    -26.361471     -5.021747      2.153000 
   236.817894    -26.375032     -5.083087      2.152000 
   236.817905    -26.388594     -5.144427      2.145000 
   236.817917    -26.402157     -5.205766      2.135000 
   236.817928    -26.415722     -5.267105      2.124000 
   236.817940    -26.429289     -5.328444      2.106000 
   236.817951    -26.442858     -5.389782      2.089000 
   236.817963    -26.456429     -5.451119      2.079000 
   236.817975    -26.470000     -5.512457      2.072000 
   236.817986    -26.483574     -5.573793      2.066000 
   236.817998    -26.497150     -5.635129      2.062000 
   236.818009    -26.510729     -5.696465      2.049000 
   236.818021    -26.524307     -5.757800      2.035000 
   236.818032    -26.537890     -5.819135      2.022000 
   236.818044    -26.551474     -5.880469      2.021000 
   236.818056    -26.565060     -5.941803      2.027000 
   236.818067    -26.578648     -6.003136      2.036000 
   236.818079    -26.592245     -6.064506      2.042000 
   236.818090    -26.605844     -6.125870      2.051000 
   236.818113    -26.619446     -6.187233      2.065000 
   236.818125    -26.633049     -6.248595      2.090000 
   236.818137    -26.646654     -6.309957      2.123000 
   236.818148    -26.660261     -6.371319      2.159000 
   236.818160    -26.673870     -6.432679      2.182000 
   236.818171    -26.687483     -6.494040      2.175000 
   236.818183    -26.701097     -6.555400      2.147000 
   236.818194    -26.714712     -6.616759      2.119000 
   236.818206    -26.728333     -6.678118      2.109000 
   236.818218    -26.741953     -6.739476      2.114000 
   236.818229    -26.755575     -6.800834      2.128000 
   236.818241    -26.769201     -6.862191      2.144000 
   236.818252    -26.782830     -6.923548      2.160000 
   236.818264    -26.796460     -6.984904      2.175000 
   241.320162    -25.370247     -6.980909      2.110000 
   241.320174    -25.383865     -6.919603      2.122000 
   241.320185    -25.397484     -6.858297      2.125000 
   241.320197    -25.411098     -6.796990      2.128000 
   241.320208    -25.424710     -6.735683      2.129000 
   241.320220    -25.438320     -6.674375      2.132000 
   241.320231    -25.451927     -6.613067      2.133000 
   241.320243    -25.465532     -6.551758      2.136000 
   241.320255    -25.479136     -6.490448      2.140000 
   241.320266    -25.492737     -6.429138      2.143000 
   241.320278    -25.506334     -6.367828      2.153000 
   241.320289    -25.519932     -6.306517      2.169000 
   241.320301    -25.533525     -6.245206      2.169000 
   241.320312    -25.547120     -6.183894      2.120000 
   241.320324    -25.560709     -6.122581      2.080000 
   241.320336    -25.574297     -6.061268      2.065000 
   241.320347    -25.587883     -5.999954      2.075000 
   241.320359    -25.601467     -5.938640      2.108000 
   241.320370    -25.615050     -5.877326      2.113000 
   241.320382    -25.628630     -5.816011      2.129000 
   241.320394    -25.642206     -5.754695      2.157000 
   241.320405    -25.655783     -5.693379      2.184000 
   241.320417    -25.669357     -5.632063      2.200000 
   241.320428    -25.682922     -5.570782      2.199000 
   241.320440    -25.696486     -5.509495      2.199000 
   241.320451    -25.710047     -5.448209      2.204000 
   241.320475    -25.723606     -5.386922      2.212000 
   241.320486    -25.737165     -5.325634      2.221000 
   241.320498    -25.750721     -5.264346      2.228000 
   241.320509    -25.764275     -5.203058      2.235000 
   241.320521    -25.777828     -5.141769      2.239000 
   241.320532    -25.791378     -5.080479      2.241000 
   241.320544    -25.804928     -5.019189      2.243000 
   241.320556    -25.818476     -4.957899      2.244000 
   241.320567    -25.832022     -4.896608      2.244000 
   241.320579    -25.845566     -4.835317      2.244000 
   241.320590    -25.859108     -4.774025      2.245000 
   241.320602    -25.872648     -4.712733      2.245000 
   241.320613    -25.886189     -4.651441      2.244000 
   241.320625    -25.899727     -4.590148      2.241000 
   241.320637    -25.913261     -4.528855      2.236000 
   241.320648    -25.926798     -4.467561      2.230000 
   241.320660    -25.940330     -4.406267      2.221000 
   241.320671    -25.953861     -4.344972      2.211000 
   241.320683    -25.967392     -4.283677      2.199000 
   241.320694    -25.980920     -4.222381      2.186000 
   241.320706    -25.994448     -4.161086      2.180000 
   241.320718    -26.007975     -4.099789      2.181000 
   241.320729    -26.021500     -4.038493      2.183000 
   241.320741    -26.035023     -3.977196      2.182000 
   241.320752    -26.048544     -3.915898      2.176000 
   241.320764    -26.062065     -3.854600      2.166000 
   241.320775    -26.075580     -3.793319      2.156000 
   241.320787    -26.089092     -3.732051      2.144000 
   241.320799    -26.102602     -3.670784      2.133000 
   241.320810    -26.116112     -3.609516      2.129000 
   241.320833    -26.129618     -3.548247      2.134000 
   241.320845    -26.143126     -3.486978      2.137000 
   241.320856    -26.156630     -3.425709      2.137000 
   241.320868    -26.170134     -3.364440      2.134000 
   241.320880    -26.183638     -3.303170      2.127000 
   241.320891    -26.197140     -3.241900      2.124000 
   241.320903    -26.210640     -3.180629      2.117000 
   241.320914    -26.224138     -3.119358      2.114000 
   241.320926    -26.237638     -3.058087      2.113000 
