    34.472141    -21.909203    -13.016621      1.968000 
    34.472153    -21.922756    -13.075624      1.961000 
    34.472164    -21.936316    -13.134626      1.955000 
    34.472176    -21.949880    -13.193628      1.951000 
    34.472187    -21.963448    -13.252629      1.948000 
    34.472199    -21.977020    -13.311628      1.946000 
    34.472211    -21.990599    -13.370628      1.945000 
    38.469560    -20.985966    -13.057646      1.498000 
    38.469572    -20.999523    -13.116648      1.492000 
    38.469583    -21.013086    -13.175649      1.487000 
    38.469595    -21.026653    -13.234649      1.483000 
    38.469606    -21.040224    -13.293649      1.480000 
    38.469618    -21.053800    -13.352647      1.479000 
    38.469630    -21.067380    -13.411645      1.480000 
    38.469641    -21.080967    -13.470642      1.479000 
    38.469653    -21.094557    -13.529638      1.475000 
    38.469664    -21.108150    -13.588633      1.467000 
    38.469676    -21.121750    -13.647628      1.458000 
    38.469688    -21.135351    -13.706621      1.450000 
    38.469699    -21.148960    -13.765614      1.448000 
    38.469711    -21.162573    -13.824606      1.449000 
    38.469722    -21.176190    -13.883597      1.455000 
    38.469734    -21.189814    -13.942587      1.464000 
    38.469745    -21.203440    -14.001577      1.475000 
    38.469757    -21.217072    -14.060565      1.492000 
    38.469769    -21.230707    -14.119553      1.497000 
    38.469780    -21.244349    -14.178540      1.486000 
    38.469792    -21.257996    -14.237526      1.468000 
    38.469803    -21.271646    -14.296511      1.455000 
    38.469815    -21.285301    -14.355495      1.451000 
    38.469826    -21.298964    -14.414479      1.448000 
    38.469838    -21.312630    -14.473461      1.447000 
    38.469850    -21.326300    -14.532443      1.447000 
    38.469861    -21.339975    -14.591423      1.444000 
    38.469873    -21.353657    -14.650403      1.439000 
    38.469884    -21.367342    -14.709382      1.430000 
    38.469896    -21.381033    -14.768360      1.419000 
    38.469907    -21.394730    -14.827337      1.405000 
    38.469919    -21.408430    -14.886314      1.389000 
    38.469931    -21.422136    -14.945289      1.368000 
    38.469942    -21.435848    -15.004264      1.351000 
    38.469954    -21.449566    -15.063237      1.340000 
    38.469965    -21.463285    -15.122210      1.336000 
    38.469977    -21.477015    -15.181181      1.346000 
    38.469988    -21.490746    -15.240152      1.368000 
    38.470000    -21.504482    -15.299122      1.393000 
    38.470012    -21.518227    -15.358091      1.411000 
    38.470023    -21.531975    -15.417059      1.423000 
    38.470035    -21.545729    -15.476026      1.432000 
    38.470046    -21.559486    -15.534993      1.440000 
    38.470058    -21.573252    -15.593958      1.443000 
    38.470069    -21.587020    -15.652922      1.444000 
    38.470081    -21.600798    -15.711886      1.444000 
    38.470093    -21.614576    -15.770848      1.442000 
    38.470104    -21.628365    -15.829809      1.439000 
    38.470116    -21.642155    -15.888770      1.434000 
    38.470127    -21.655952    -15.947730      1.420000 
    38.470139    -21.669756    -16.006687      1.403000 
    38.470150    -21.683563    -16.065645      1.387000 
    38.470162    -21.697378    -16.124603      1.380000 
    38.470174    -21.711199    -16.183558      1.379000 
    38.470185    -21.725023    -16.242514      1.384000 
    38.470197    -21.738855    -16.301468      1.397000 
    38.470208    -21.752691    -16.360420      1.422000 
    38.470220    -21.766535    -16.419373      1.462000 
    38.470231    -21.780382    -16.478321      1.485000 
    38.470243    -21.794237    -16.537271      1.472000 
    38.470255    -21.808098    -16.596222      1.435000 
    38.470266    -21.821962    -16.655169      1.403000 
    38.470278    -21.835835    -16.714115      1.417000 
    38.470289    -21.849712    -16.773062      1.456000 
    38.470301    -21.863596    -16.832006      1.492000 
    38.470313    -21.877485    -16.890951      1.500000 
    38.470324    -21.891380    -16.949894      1.477000 
    42.466968    -20.046167    -13.015539      1.374000 
    42.466979    -20.059721    -13.074542      1.382000 
    42.466991    -20.073278    -13.133544      1.391000 
    42.467002    -20.086842    -13.192545      1.398000 
    42.467014    -20.100409    -13.251545      1.406000 
    42.467025    -20.113980    -13.310544      1.412000 
    42.467037    -20.127556    -13.369543      1.419000 
    42.467049    -20.141136    -13.428541      1.420000 
    42.467060    -20.154720    -13.487538      1.422000 
    42.467072    -20.168310    -13.546534      1.427000 
    42.467083    -20.181906    -13.605529      1.431000 
    42.467095    -20.195503    -13.664524      1.436000 
    42.467106    -20.209106    -13.723517      1.441000 
    42.467118    -20.222715    -13.782510      1.446000 
    42.467130    -20.236328    -13.841502      1.453000 
    42.467141    -20.249947    -13.900493      1.461000 
    42.467153    -20.263569    -13.959483      1.469000 
    42.467164    -20.277195    -14.018473      1.477000 
    42.467176    -20.290827    -14.077461      1.491000 
    42.467187    -20.304464    -14.136449      1.507000 
    42.467199    -20.318106    -14.195436      1.521000 
    42.467211    -20.331750    -14.254422      1.533000 
    42.467222    -20.345404    -14.313407      1.540000 
    42.467234    -20.359058    -14.372391      1.525000 
    42.467245    -20.372720    -14.431374      1.484000 
    42.467257    -20.386387    -14.490357      1.439000 
    42.467269    -20.400057    -14.549338      1.439000 
    42.467280    -20.413733    -14.608319      1.457000 
    42.467292    -20.427414    -14.667299      1.492000 
    42.467303    -20.441100    -14.726278      1.526000 
    42.467315    -20.454790    -14.785256      1.536000 
    42.467326    -20.468487    -14.844233      1.521000 
    42.467338    -20.482187    -14.903209      1.493000 
    42.467350    -20.495895    -14.962185      1.461000 
    42.467361    -20.509605    -15.021159      1.419000 
    42.467373    -20.523323    -15.080133      1.390000 
    42.467384    -20.537045    -15.139105      1.367000 
    42.467396    -20.550772    -15.198077      1.374000 
    42.467407    -20.564505    -15.257048      1.388000 
    42.467419    -20.578243    -15.316018      1.418000 
    42.467431    -20.591986    -15.374987      1.453000 
    42.467442    -20.605734    -15.433955      1.479000 
    42.467454    -20.619488    -15.492922      1.491000 
    42.467465    -20.633247    -15.551888      1.495000 
    42.467477    -20.647013    -15.610853      1.491000 
    42.467488    -20.660782    -15.669817      1.483000 
    42.467500    -20.674559    -15.728781      1.472000 
    42.467512    -20.688340    -15.787743      1.462000 
    42.467523    -20.702126    -15.846705      1.449000 
    42.467535    -20.715918    -15.905665      1.439000 
    42.467546    -20.729715    -15.964625      1.433000 
    42.467558    -20.743519    -16.023582      1.432000 
    42.467569    -20.757326    -16.082540      1.437000 
    42.467581    -20.771141    -16.141499      1.445000 
    42.467593    -20.784962    -16.200453      1.456000 
    42.467604    -20.798786    -16.259409      1.470000 
    42.467616    -20.812618    -16.318361      1.486000 
    42.467627    -20.826456    -16.377316      1.504000 
    42.467639    -20.840300    -16.436266      1.523000 
    42.467650    -20.854149    -16.495216      1.544000 
    42.467662    -20.868004    -16.554167      1.565000 
    42.467674    -20.881863    -16.613115      1.587000 
    42.467685    -20.895730    -16.672064      1.609000 
    42.467697    -20.909601    -16.731010      1.631000 
    42.467708    -20.923480    -16.789955      1.649000 
    42.467720    -20.937365    -16.848902      1.666000 
    42.467731    -20.951254    -16.907845      1.685000 
    42.467743    -20.965150    -16.966787      1.700000 
    46.465127    -20.008995    -16.876402      2.529000 
    46.465139    -20.022886    -16.935347      2.518000 
    46.984514    -21.723710    -16.984447      2.155000 
    46.984525    -21.737604    -16.925514      2.163000 
    46.984537    -21.751493    -16.866577      2.172000 
    46.984549    -21.765375    -16.807640      2.181000 
    46.984560    -21.779251    -16.748705      2.187000 
    46.984572    -21.793123    -16.689766      2.190000 
    46.984583    -21.806988    -16.630825      2.205000 
    46.984595    -21.820847    -16.571884      2.235000 
    46.984606    -21.834702    -16.512943      2.263000 
    46.984618    -21.848549    -16.454000      2.291000 
    46.984630    -21.862390    -16.395056      2.315000 
    46.984641    -21.876226    -16.336111      2.335000 
    46.984653    -21.890057    -16.277166      2.348000 
    46.984664    -21.903880    -16.218220      2.353000 
    46.984676    -21.917700    -16.159271      2.351000 
    46.984688    -21.931513    -16.100325      2.348000 
    46.984699    -21.945318    -16.041374      2.345000 
    46.984711    -21.959122    -15.982424      2.342000 
    46.984722    -21.972918    -15.923472      2.333000 
    46.984734    -21.986708    -15.864520      2.323000 
    50.981910    -20.791422    -16.957430      1.911000 
    50.981921    -20.805311    -16.898495      1.916000 
    50.981933    -20.819199    -16.839558      1.920000 
    50.981944    -20.833078    -16.780620      1.921000 
    50.981956    -20.846950    -16.721682      1.915000 
    50.981968    -20.860819    -16.662743      1.904000 
    50.981979    -20.874681    -16.603802      1.897000 
    50.981991    -20.888536    -16.544860      1.894000 
    50.982002    -20.902388    -16.485918      1.898000 
    50.982014    -20.916231    -16.426973      1.909000 
    50.982025    -20.930070    -16.368030      1.930000 
    50.982037    -20.943903    -16.309086      1.946000 
    50.982049    -20.957730    -16.250137      1.962000 
    50.982060    -20.971552    -16.191190      1.978000 
    50.982072    -20.985369    -16.132242      1.992000 
    50.982083    -20.999178    -16.073294      2.004000 
    50.982095    -21.012981    -16.014343      2.018000 
    50.982106    -21.026781    -15.955392      2.029000 
    50.982118    -21.040573    -15.896440      2.038000 
    50.982130    -21.054361    -15.837487      2.045000 
    50.982141    -21.068144    -15.778533      2.049000 
    50.982153    -21.081920    -15.719578      2.052000 
    50.982164    -21.095692    -15.660622      2.054000 
    50.982176    -21.109459    -15.601665      2.055000 
    50.982187    -21.123219    -15.542707      2.054000 
    50.982199    -21.136972    -15.483749      2.052000 
    50.982211    -21.150723    -15.424789      2.049000 
    50.982222    -21.164467    -15.365828      2.045000 
    50.982234    -21.178205    -15.306867      2.044000 
    50.982245    -21.191940    -15.247904      2.045000 
    50.982257    -21.205667    -15.188941      2.047000 
    50.982269    -21.219390    -15.129977      2.050000 
    50.982280    -21.233109    -15.071011      2.054000 
    50.982292    -21.246820    -15.012045      2.059000 
    50.982303    -21.260529    -14.953078      2.064000 
    50.982315    -21.274231    -14.894110      2.069000 
    50.982326    -21.287928    -14.835142      2.074000 
    50.982338    -21.301620    -14.776172      2.079000 
    50.982350    -21.315308    -14.717201      2.083000 
    50.982361    -21.328989    -14.658230      2.087000 
    50.982373    -21.342665    -14.599257      2.090000 
    50.982384    -21.356337    -14.540284      2.092000 
    50.982396    -21.370005    -14.481310      2.095000 
    50.982407    -21.383665    -14.422335      2.097000 
    50.982419    -21.397324    -14.363359      2.099000 
    50.982431    -21.410975    -14.304382      2.102000 
    50.982442    -21.424622    -14.245404      2.104000 
    50.982454    -21.438265    -14.186426      2.107000 
    50.982465    -21.451900    -14.127446      2.110000 
    50.982477    -21.465534    -14.068466      2.114000 
    50.982488    -21.479160    -14.009485      2.117000 
    50.982500    -21.492785    -13.950503      2.120000 
    50.982512    -21.506401    -13.891520      2.130000 
    50.982523    -21.520016    -13.832537      2.147000 
    50.982535    -21.533625    -13.773552      2.144000 
    50.982546    -21.547228    -13.714567      2.126000 
    50.982558    -21.560827    -13.655580      2.117000 
    50.982569    -21.574423    -13.596593      2.116000 
    50.982581    -21.588013    -13.537606      2.125000 
    50.982593    -21.601599    -13.478617      2.138000 
    50.982604    -21.615180    -13.419627      2.144000 
    50.982616    -21.628756    -13.360637      2.150000 
    50.982627    -21.642326    -13.301646      2.151000 
    50.982639    -21.655893    -13.242654      2.148000 
    50.982650    -21.669456    -13.183661      2.149000 
    50.982662    -21.683016    -13.124667      2.151000 
    50.982674    -21.696570    -13.065673      2.156000 
    50.982685    -21.710120    -13.006678      2.164000 
    54.979421    -20.004807    -16.299507      1.887000 
    54.979433    -20.018633    -16.240560      1.856000 
    54.979444    -20.032452    -16.181614      1.877000 
    54.979456    -20.046267    -16.122665      1.916000 
    54.979468    -20.060078    -16.063715      1.952000 
    54.979479    -20.073880    -16.004765      1.952000 
    54.979491    -20.087679    -15.945813      1.921000 
    54.979525    -20.129040    -15.768953      1.924000 
    54.979549    -20.156586    -15.651041      1.867000 
    54.979560    -20.170350    -15.592084      1.802000 
    54.979572    -20.184109    -15.533126      1.835000 
    54.979583    -20.197865    -15.474166      1.869000 
    54.979606    -20.225355    -15.356245      1.918000 
    54.979630    -20.252827    -15.238321      1.961000 
    54.979641    -20.266554    -15.179357      1.970000 
    54.979653    -20.280275    -15.120392      1.930000 
    54.979676    -20.307705    -15.002460      1.866000 
    54.979688    -20.321411    -14.943493      1.842000 
    54.979711    -20.348808    -14.825555      1.844000 
    54.979734    -20.376186    -14.707614      1.888000 
    54.979745    -20.389868    -14.648642      1.895000 
    54.979757    -20.403543    -14.589669      1.882000 
    54.979792    -20.444542    -14.412746      2.107000 
    54.979803    -20.458197    -14.353769      2.131000 
    54.979815    -20.471850    -14.294792      2.139000 
    54.979826    -20.485495    -14.235814      2.124000 
    54.979850    -20.512774    -14.117855      2.090000 
    54.979861    -20.526403    -14.058875      2.061000 
    54.979873    -20.540031    -13.999893      2.011000 
    54.979884    -20.553654    -13.940911      1.967000 
    54.979907    -20.580885    -13.822943      1.977000 
    54.979931    -20.608095    -13.704973      1.961000 
    54.979942    -20.621693    -13.645986      1.918000 
    54.979954    -20.635286    -13.586999      1.828000 
    54.979977    -20.662460    -13.469021      1.778000 
    54.980000    -20.689617    -13.351041      1.815000 
    54.980012    -20.703188    -13.292049      1.887000 
    54.980023    -20.716755    -13.233057      1.924000 
    54.980035    -20.730316    -13.174063      1.930000 
   212.981979    -20.787457    -16.968773      2.349000 
   212.981991    -20.801350    -16.909832      2.321000 
   212.982002    -20.815239    -16.850891      2.290000 
   212.982014    -20.829119    -16.791950      2.265000 
   212.982025    -20.842995    -16.733007      2.242000 
   212.982037    -20.856865    -16.674063      2.224000 
   212.982049    -20.870728    -16.615118      2.214000 
   212.982060    -20.884586    -16.556171      2.209000 
   212.982072    -20.898438    -16.497225      2.198000 
   212.982083    -20.912285    -16.438278      2.179000 
   212.982095    -20.926125    -16.379330      2.157000 
   212.982106    -20.939960    -16.320380      2.140000 
   212.982118    -20.953789    -16.261429      2.138000 
   212.982130    -20.967611    -16.202477      2.157000 
   212.982141    -20.981430    -16.143524      2.195000 
   212.982153    -20.995241    -16.084570      2.247000 
   212.982164    -21.009048    -16.025616      2.314000 
   212.982176    -21.022848    -15.966659      2.380000 
   212.982187    -21.036644    -15.907703      2.419000 
   212.982199    -21.050432    -15.848745      2.359000 
   212.982211    -21.064217    -15.789787      2.336000 
   212.982222    -21.077995    -15.730827      2.364000 
   212.982234    -21.091768    -15.671867      2.407000 
   212.982245    -21.105536    -15.612906      2.458000 
   212.982257    -21.119299    -15.553943      2.476000 
   212.982269    -21.133055    -15.494980      2.378000 
   212.982280    -21.146807    -15.436016      2.199000 
   212.982292    -21.160551    -15.377051      2.016000 
   212.982303    -21.174294    -15.318085      1.936000 
   212.982315    -21.188028    -15.259118      2.062000 
   212.982326    -21.201757    -15.200150      2.246000 
   212.982338    -21.215483    -15.141181      2.400000 
   212.982350    -21.229202    -15.082211      2.440000 
   212.982361    -21.242916    -15.023241      2.419000 
   212.982373    -21.256626    -14.964269      2.412000 
   212.982384    -21.270330    -14.905297      2.438000 
   212.982396    -21.284029    -14.846323      2.464000 
   212.982407    -21.297724    -14.787349      2.482000 
   212.982419    -21.311410    -14.728374      2.489000 
   212.982431    -21.325094    -14.669398      2.485000 
   212.982442    -21.338774    -14.610421      2.471000 
   212.982454    -21.352448    -14.551443      2.446000 
   212.982465    -21.366116    -14.492464      2.412000 
   212.982477    -21.379778    -14.433485      2.372000 
   212.982488    -21.393436    -14.374504      2.331000 
   212.982500    -21.407091    -14.315523      2.289000 
   212.982512    -21.420738    -14.256541      2.252000 
   212.982523    -21.434383    -14.197558      2.245000 
   212.982535    -21.448023    -14.138574      2.271000 
   212.982546    -21.461657    -14.079589      2.313000 
   212.982558    -21.475285    -14.020603      2.308000 
   212.982569    -21.488910    -13.961617      2.284000 
   212.982581    -21.502530    -13.902629      2.283000 
   212.982593    -21.516146    -13.843641      2.297000 
   212.982604    -21.529755    -13.784652      2.300000 
   212.982616    -21.543362    -13.725662      2.308000 
   212.982627    -21.556961    -13.666671      2.313000 
   212.982639    -21.570559    -13.607680      2.317000 
   212.982650    -21.584150    -13.548687      2.317000 
   212.982662    -21.597736    -13.489694      2.319000 
   212.982674    -21.611319    -13.430700      2.325000 
   212.982685    -21.624897    -13.371705      2.324000 
   212.982697    -21.638470    -13.312709      2.307000 
   212.982720    -21.665604    -13.194715      2.285000 
   212.982731    -21.679165    -13.135717      2.259000 
   212.982743    -21.692719    -13.076718      2.249000 
   212.982755    -21.706270    -13.017718      2.270000 
   216.979502    -20.007109    -16.301125      3.414000 
   216.979514    -20.020935    -16.242174      3.381000 
   216.979525    -20.034758    -16.183222      3.342000 
   216.979537    -20.048574    -16.124268      3.296000 
   216.979549    -20.062386    -16.065313      3.256000 
   216.979560    -20.076190    -16.006360      3.240000 
   216.979572    -20.089990    -15.947403      3.254000 
   216.979583    -20.103785    -15.888446      3.298000 
   216.979595    -20.117573    -15.829488      3.353000 
   216.979606    -20.131355    -15.770529      3.401000 
   216.979618    -20.145132    -15.711569      3.434000 
   216.979630    -20.158903    -15.652608      3.452000 
   216.979641    -20.172670    -15.593647      3.458000 
   216.979653    -20.186432    -15.534684      3.455000 
   216.979664    -20.200188    -15.475720      3.451000 
   216.979676    -20.213938    -15.416756      3.452000 
   216.979688    -20.227682    -15.357790      3.463000 
   216.979699    -20.241423    -15.298824      3.477000 
   216.979711    -20.255156    -15.239856      3.484000 
   216.979722    -20.268885    -15.180888      3.484000 
   216.979734    -20.282610    -15.121919      3.475000 
   216.979745    -20.296328    -15.062949      3.459000 
   216.979757    -20.310041    -15.003978      3.445000 
   216.979769    -20.323750    -14.945006      3.440000 
   216.979780    -20.337452    -14.886033      3.436000 
   216.979792    -20.351150    -14.827059      3.435000 
   216.979803    -20.364843    -14.768085      3.438000 
   216.979815    -20.378530    -14.709109      3.435000 
   216.979826    -20.392214    -14.650133      3.442000 
   216.979838    -20.405890    -14.591155      3.454000 
   216.979850    -20.419563    -14.532177      3.462000 
   216.979861    -20.433230    -14.473198      3.458000 
   216.979873    -20.446894    -14.414218      3.442000 
   216.979884    -20.460550    -14.355237      3.438000 
   216.979896    -20.474203    -14.296256      3.388000 
   216.979907    -20.487850    -14.237273      3.363000 
   216.979919    -20.501493    -14.178290      3.330000 
   216.979931    -20.515133    -14.119305      3.296000 
   216.979942    -20.528765    -14.060320      3.256000 
   216.979954    -20.542393    -14.001334      3.227000 
   216.979965    -20.556017    -13.942347      3.200000 
   216.979977    -20.569635    -13.883359      3.166000 
   216.979988    -20.583250    -13.824371      3.099000 
   216.980000    -20.596860    -13.765381      3.043000 
   216.980012    -20.610464    -13.706391      3.011000 
   216.980023    -20.624063    -13.647400      3.007000 
   216.980035    -20.637660    -13.588408      3.022000 
   216.980046    -20.651250    -13.529415      3.043000 
   216.980058    -20.664837    -13.470422      3.072000 
   216.980069    -20.678420    -13.411427      3.099000 
   216.980081    -20.691996    -13.352432      3.135000 
   216.980093    -20.705568    -13.293436      3.176000 
   216.980104    -20.719135    -13.234439      3.200000 
   216.980116    -20.732700    -13.175441      3.174000 
   216.980127    -20.746260    -13.116443      3.143000 
   216.980139    -20.759813    -13.057443      3.120000 
   223.472211    -21.912739    -13.027549      1.780000 
   223.472222    -21.926289    -13.086547      1.809000 
   223.472234    -21.939842    -13.145545      1.845000 
   223.472245    -21.953402    -13.204542      1.879000 
   223.472257    -21.966965    -13.263538      1.901000 
   223.472269    -21.980532    -13.322533      1.905000 
   223.472280    -21.994104    -13.381528      1.889000 
   227.469606    -20.973742    -13.003675      1.420000 
   227.469618    -20.987290    -13.062675      1.413000 
   227.469630    -21.000841    -13.121673      1.400000 
   227.469641    -21.014399    -13.180671      1.380000 
   227.469653    -21.027960    -13.239668      1.367000 
   227.469664    -21.041525    -13.298664      1.358000 
   227.469676    -21.055096    -13.357659      1.355000 
   227.469688    -21.068670    -13.416654      1.356000 
   227.469699    -21.082250    -13.475648      1.361000 
   227.469711    -21.095833    -13.534641      1.368000 
   227.469722    -21.109423    -13.593633      1.376000 
   227.469734    -21.123014    -13.652624      1.384000 
   227.469745    -21.136614    -13.711614      1.388000 
   227.469757    -21.150215    -13.770604      1.390000 
   227.469769    -21.163822    -13.829592      1.390000 
   227.469780    -21.177435    -13.888580      1.388000 
   227.469792    -21.191050    -13.947567      1.384000 
   227.469803    -21.204672    -14.006553      1.378000 
   227.469815    -21.218298    -14.065539      1.371000 
   227.469826    -21.231928    -14.124523      1.362000 
   227.469838    -21.245564    -14.183507      1.350000 
   227.469850    -21.259205    -14.242490      1.339000 
   227.469861    -21.272850    -14.301471      1.327000 
   227.469873    -21.286500    -14.360452      1.315000 
   227.469884    -21.300156    -14.419433      1.303000 
   227.469896    -21.313814    -14.478412      1.298000 
   227.469907    -21.327480    -14.537390      1.305000 
   227.469919    -21.341150    -14.596368      1.310000 
   227.469931    -21.354826    -14.655344      1.301000 
   227.469942    -21.368505    -14.714320      1.284000 
   227.469954    -21.382190    -14.773295      1.270000 
   227.469965    -21.395882    -14.832269      1.261000 
   227.469977    -21.409576    -14.891242      1.266000 
   227.469988    -21.423277    -14.950214      1.286000 
   227.470000    -21.436983    -15.009186      1.317000 
   227.470012    -21.450693    -15.068156      1.342000 
   227.470023    -21.464410    -15.127125      1.361000 
   227.470035    -21.478130    -15.186094      1.370000 
   227.470046    -21.491858    -15.245061      1.365000 
   227.470058    -21.505590    -15.304028      1.345000 
   227.470069    -21.519327    -15.362994      1.330000 
   227.470081    -21.533070    -15.421959      1.321000 
   227.470093    -21.546818    -15.480923      1.317000 
   227.470104    -21.560572    -15.539886      1.319000 
   227.470116    -21.574330    -15.598848      1.322000 
   227.470127    -21.588093    -15.657809      1.317000 
   227.470139    -21.601864    -15.716769      1.307000 
   227.470150    -21.615639    -15.775729      1.292000 
   227.470162    -21.629417    -15.834687      1.271000 
   227.470174    -21.643204    -15.893644      1.243000 
   227.470185    -21.656996    -15.952601      1.221000 
   227.470197    -21.670794    -16.011557      1.214000 
   227.470208    -21.684595    -16.070510      1.236000 
   227.470220    -21.698404    -16.129463      1.306000 
   227.470231    -21.712217    -16.188417      1.370000 
   227.470243    -21.726038    -16.247368      1.311000 
   227.470255    -21.739864    -16.306318      1.227000 
   227.470266    -21.753695    -16.365269      1.113000 
   227.470278    -21.767532    -16.424217      1.032000 
   231.467014    -20.050680    -13.051543      1.973000 
   231.467025    -20.064234    -13.110542      1.944000 
   231.467037    -20.077790    -13.169541      1.908000 
   231.467049    -20.091350    -13.228538      1.881000 
   231.467060    -20.104918    -13.287535      1.870000 
   231.467072    -20.118486    -13.346531      1.874000 
   231.467083    -20.132063    -13.405527      1.894000 
   231.467095    -20.145641    -13.464521      1.922000 
   231.467106    -20.159225    -13.523514      1.938000 
   231.467118    -20.172813    -13.582507      1.942000 
   231.467130    -20.186405    -13.641499      1.939000 
   231.467141    -20.200005    -13.700490      1.929000 
   231.467153    -20.213606    -13.759480      1.915000 
   231.467164    -20.227213    -13.818470      1.895000 
   231.467176    -20.240826    -13.877458      1.867000 
   231.467187    -20.254442    -13.936446      1.835000 
   231.467199    -20.268063    -13.995433      1.804000 
   231.467211    -20.281689    -14.054419      1.778000 
   231.467222    -20.295320    -14.113404      1.767000 
   231.467234    -20.308954    -14.172388      1.777000 
   231.467245    -20.322596    -14.231372      1.817000 
   231.467257    -20.336240    -14.290354      1.859000 
   231.467269    -20.349892    -14.349336      1.876000 
   231.467280    -20.363546    -14.408317      1.855000 
   231.467292    -20.377207    -14.467297      1.815000 
   231.467303    -20.390871    -14.526276      1.781000 
   231.467315    -20.404541    -14.585254      1.767000 
   231.467326    -20.418217    -14.644231      1.772000 
   231.467338    -20.431896    -14.703208      1.770000 
   231.467350    -20.445581    -14.762183      1.766000 
   231.467361    -20.459272    -14.821158      1.764000 
   231.467373    -20.472967    -14.880132      1.767000 
   231.467384    -20.486668    -14.939105      1.772000 
   231.467396    -20.500374    -14.998077      1.783000 
   231.467407    -20.514084    -15.057048      1.793000 
   231.467419    -20.527800    -15.116018      1.792000 
   231.467431    -20.541521    -15.174987      1.782000 
   231.467442    -20.555248    -15.233956      1.770000 
   231.467454    -20.568980    -15.292923      1.775000 
   231.467465    -20.582718    -15.351890      1.789000 
   231.467477    -20.596458    -15.410855      1.806000 
   231.467488    -20.610207    -15.469820      1.816000 
   231.467500    -20.623960    -15.528784      1.799000 
   231.467512    -20.637718    -15.587746      1.789000 
   231.467523    -20.651482    -15.646708      1.767000 
   231.467535    -20.665253    -15.705669      1.749000 
   231.467546    -20.679028    -15.764629      1.752000 
   231.467558    -20.692806    -15.823588      1.767000 
   231.467569    -20.706593    -15.882546      1.779000 
   231.467581    -20.720385    -15.941503      1.755000 
   231.467593    -20.734180    -16.000460      1.736000 
   231.467604    -20.747984    -16.059416      1.734000 
   231.467616    -20.761791    -16.118368      1.762000 
   231.467627    -20.775606    -16.177322      1.806000 
   231.467639    -20.789427    -16.236275      1.842000 
   231.467650    -20.803251    -16.295225      1.871000 
   231.467662    -20.817081    -16.354176      1.886000 
   231.467674    -20.830920    -16.413126      1.888000 
   231.467685    -20.844760    -16.472075      1.875000 
   231.467697    -20.858608    -16.531021      1.858000 
   231.467708    -20.872463    -16.589968      1.841000 
   231.467720    -20.886324    -16.648914      1.830000 
   231.467731    -20.900188    -16.707857      1.823000 
   231.467743    -20.914060    -16.766802      1.822000 
   231.467755    -20.927938    -16.825745      1.830000 
   231.467766    -20.941822    -16.884686      1.853000 
   231.467778    -20.955711    -16.943626      1.884000 
   235.465162    -20.006279    -16.888184      2.600000 
   235.465174    -20.020168    -16.947124      2.592000 
   235.984549    -21.723623    -16.967257      2.599000 
   235.984560    -21.737514    -16.908318      2.626000 
   235.984572    -21.751398    -16.849377      2.684000 
   235.984583    -21.765278    -16.790436      2.660000 
   235.984595    -21.779152    -16.731491      2.650000 
   235.984606    -21.793018    -16.672548      2.667000 
   235.984618    -21.806879    -16.613604      2.668000 
   235.984630    -21.820734    -16.554659      2.664000 
   235.984641    -21.834583    -16.495712      2.664000 
   235.984653    -21.848427    -16.436766      2.668000 
   235.984664    -21.862265    -16.377815      2.678000 
   235.984676    -21.876097    -16.318867      2.693000 
   235.984688    -21.889923    -16.259916      2.714000 
   235.984699    -21.903744    -16.200966      2.739000 
   235.984711    -21.917559    -16.142012      2.766000 
   235.984722    -21.931368    -16.083060      2.789000 
   235.984734    -21.945171    -16.024105      2.806000 
   235.984745    -21.958970    -15.965149      2.811000 
   235.984757    -21.972761    -15.906193      2.805000 
   235.984769    -21.986550    -15.847236      2.795000 
   239.981944    -20.793312    -16.942732      2.559000 
   239.981956    -20.807200    -16.883793      2.549000 
   239.981968    -20.821081    -16.824850      2.551000 
   239.981979    -20.834955    -16.765910      2.548000 
   239.981991    -20.848824    -16.706966      2.535000 
   239.982002    -20.862686    -16.648024      2.511000 
   239.982014    -20.876545    -16.589079      2.500000 
   239.982025    -20.890396    -16.530132      2.498000 
   239.982037    -20.904242    -16.471186      2.499000 
   239.982049    -20.918081    -16.412237      2.500000 
   239.982060    -20.931915    -16.353289      2.502000 
   239.982072    -20.945744    -16.294338      2.506000 
   239.982083    -20.959566    -16.235390      2.510000 
   239.982095    -20.973383    -16.176437      2.513000 
   239.982106    -20.987194    -16.117483      2.511000 
   239.982118    -21.001000    -16.058530      2.508000 
   239.982130    -21.014800    -15.999576      2.505000 
   239.982141    -21.028593    -15.940621      2.500000 
   239.982153    -21.042381    -15.881664      2.494000 
   239.982164    -21.056166    -15.822707      2.488000 
   239.982176    -21.069942    -15.763749      2.481000 
   239.982187    -21.083714    -15.704789      2.471000 
   239.982199    -21.097480    -15.645829      2.460000 
   239.982211    -21.111242    -15.586868      2.448000 
   239.982222    -21.124998    -15.527906      2.453000 
   239.982234    -21.138748    -15.468943      2.471000 
   239.982245    -21.152493    -15.409979      2.482000 
   239.982257    -21.166233    -15.351014      2.477000 
   239.982269    -21.179968    -15.292048      2.455000 
   239.982280    -21.193695    -15.233082      2.426000 
   239.982292    -21.207420    -15.174114      2.409000 
   239.982303    -21.221138    -15.115145      2.414000 
   239.982315    -21.234852    -15.056176      2.436000 
   239.982326    -21.248560    -14.997206      2.460000 
   239.982338    -21.262262    -14.938234      2.465000 
   239.982350    -21.275960    -14.879262      2.466000 
   239.982361    -21.289654    -14.820289      2.471000 
   239.982373    -21.303340    -14.761315      2.478000 
   239.982384    -21.317022    -14.702340      2.483000 
   239.982396    -21.330700    -14.643364      2.487000 
   239.982407    -21.344372    -14.584388      2.492000 
   239.982419    -21.358040    -14.525410      2.503000 
   239.982431    -21.371702    -14.466432      2.515000 
   239.982442    -21.385359    -14.407453      2.523000 
   239.982454    -21.399012    -14.348472      2.524000 
   239.982465    -21.412659    -14.289491      2.514000 
   239.982477    -21.426302    -14.230510      2.501000 
   239.982488    -21.439940    -14.171527      2.494000 
   239.982500    -21.453571    -14.112543      2.491000 
   239.982512    -21.467200    -14.053559      2.490000 
   239.982523    -21.480824    -13.994573      2.485000 
   239.982535    -21.494442    -13.935587      2.473000 
   239.982546    -21.508057    -13.876600      2.457000 
   239.982558    -21.521666    -13.817612      2.444000 
   239.982569    -21.535269    -13.758624      2.436000 
   239.982581    -21.548868    -13.699634      2.430000 
   239.982593    -21.562464    -13.640644      2.423000 
   239.982604    -21.576054    -13.581653      2.418000 
   239.982616    -21.589640    -13.522661      2.413000 
   239.982627    -21.603222    -13.463668      2.404000 
   239.982639    -21.616796    -13.404674      2.392000 
   239.982650    -21.630370    -13.345679      2.380000 
   239.982662    -21.643936    -13.286684      2.370000 
   239.982674    -21.657500    -13.227688      2.360000 
   239.982685    -21.671059    -13.168691      2.351000 
   239.982697    -21.684612    -13.109693      2.344000 
   239.982708    -21.698162    -13.050695      2.343000 
   243.979456    -20.006120    -16.303234      1.940000 
   243.979468    -20.019943    -16.244284      1.923000 
   243.979479    -20.033760    -16.185333      1.893000 
   243.979491    -20.047573    -16.126380      1.863000 
   243.979502    -20.061380    -16.067429      1.836000 
   243.979514    -20.075180    -16.008474      1.811000 
   243.979525    -20.088976    -15.949519      1.786000 
   243.979537    -20.102766    -15.890563      1.764000 
   243.979549    -20.116550    -15.831606      1.750000 
   243.979560    -20.130327    -15.772649      1.744000 
   243.979572    -20.144100    -15.713690      1.743000 
   243.979583    -20.157870    -15.654730      1.743000 
   243.979595    -20.171630    -15.595770      1.741000 
   243.979606    -20.185389    -15.536808      1.743000 
   243.979618    -20.199139    -15.477846      1.747000 
   243.979630    -20.212885    -15.418882      1.753000 
   243.979641    -20.226625    -15.359918      1.760000 
   243.979653    -20.240360    -15.300953      1.766000 
   243.979664    -20.254091    -15.241987      1.773000 
   243.979676    -20.267817    -15.183020      1.781000 
   243.979688    -20.281534    -15.124052      1.789000 
   243.979699    -20.295250    -15.065083      1.796000 
   243.979711    -20.308958    -15.006113      1.801000 
   243.979722    -20.322662    -14.947143      1.805000 
   243.979734    -20.336360    -14.888171      1.807000 
   243.979745    -20.350054    -14.829199      1.807000 
   243.979757    -20.363743    -14.770225      1.808000 
   243.979769    -20.377426    -14.711251      1.807000 
   243.979780    -20.391104    -14.652276      1.803000 
   243.979792    -20.404778    -14.593300      1.802000 
   243.979803    -20.418446    -14.534323      1.807000 
   243.979815    -20.432110    -14.475345      1.814000 
   243.979826    -20.445766    -14.416367      1.819000 
   243.979838    -20.459421    -14.357387      1.826000 
   243.979850    -20.473068    -14.298407      1.827000 
   243.979861    -20.486712    -14.239425      1.814000 
   243.979873    -20.500350    -14.180443      1.792000 
   243.979884    -20.513985    -14.121460      1.773000 
   243.979896    -20.527615    -14.062476      1.767000 
   243.979907    -20.541239    -14.003492      1.765000 
   243.979919    -20.554857    -13.944506      1.760000 
   243.979931    -20.568472    -13.885520      1.757000 
   243.979942    -20.582083    -13.826532      1.755000 
   243.979954    -20.595688    -13.767544      1.752000 
   243.979965    -20.609287    -13.708555      1.748000 
   243.979977    -20.622883    -13.649566      1.741000 
   243.979988    -20.636475    -13.590575      1.733000 
   243.980000    -20.650060    -13.531584      1.724000 
   243.980012    -20.663643    -13.472591      1.714000 
   243.980023    -20.677220    -13.413598      1.702000 
   243.980035    -20.690792    -13.354604      1.683000 
   243.980046    -20.704363    -13.295610      1.668000 
   243.980058    -20.717926    -13.236614      1.664000 
   243.980069    -20.731485    -13.177618      1.674000 
   243.980081    -20.745040    -13.118621      1.693000 
   243.980093    -20.758590    -13.059623      1.722000 
   243.980104    -20.772137    -13.000624      1.756000 
