    30.202419    -28.842146     -8.015752      1.380000 
    30.202431    -28.832705     -8.078837      1.377000 
    30.202442    -28.823257     -8.141921      1.373000 
    30.202454    -28.813808     -8.205004      1.371000 
    30.202465    -28.804354     -8.268086      1.376000 
    30.202477    -28.794893     -8.331168      1.374000 
    30.202488    -28.785430     -8.394248      1.347000 
    30.202500    -28.775963     -8.457328      1.343000 
    30.202523    -28.766490     -8.520407      1.370000 
    30.202535    -28.757013     -8.583485      1.398000 
    30.202546    -28.747532     -8.646561      1.409000 
    30.202558    -28.738047     -8.709637      1.404000 
    30.202569    -28.728556     -8.772713      1.397000 
    30.202581    -28.719060     -8.835787      1.387000 
    30.202593    -28.709558     -8.898860      1.385000 
    30.202604    -28.700054     -8.961932      1.404000 
    30.202616    -28.690544     -9.025004      1.438000 
    30.202639    -28.681028     -9.088074      1.463000 
    30.202650    -28.671510     -9.151143      1.473000 
    30.202662    -28.661985     -9.214212      1.472000 
    30.202674    -28.652456     -9.277279      1.466000 
    30.202685    -28.642921     -9.340346      1.457000 
    30.202697    -28.633383     -9.403412      1.436000 
    30.202708    -28.623837     -9.466476      1.427000 
    30.202720    -28.614286     -9.529540      1.437000 
    30.202731    -28.604733     -9.592602      1.452000 
    30.202743    -28.595173     -9.655664      1.455000 
    30.202766    -28.585608     -9.718724      1.458000 
    30.202778    -28.576036     -9.781784      1.462000 
    30.202789    -28.566462     -9.844842      1.468000 
    30.202801    -28.556880     -9.907900      1.475000 
    30.202812    -28.547293     -9.970957      1.482000 
    30.202824    -28.537700    -10.034012      1.491000 
    30.202836    -28.528105    -10.097066      1.501000 
    30.202847    -28.518501    -10.160120      1.511000 
    30.202859    -28.508892    -10.223172      1.515000 
    30.202870    -28.499279    -10.286223      1.525000 
    30.202894    -28.489658    -10.349274      1.549000 
    30.202905    -28.480034    -10.412323      1.591000 
    30.202917    -28.470404    -10.475371      1.628000 
    30.202928    -28.460768    -10.538418      1.637000 
    30.202940    -28.451124    -10.601464      1.617000 
    30.202951    -28.441477    -10.664508      1.584000 
    30.202963    -28.431824    -10.727552      1.550000 
    30.202975    -28.422163    -10.790594      1.532000 
    30.202986    -28.412498    -10.853636      1.530000 
    30.202998    -28.402826    -10.916676      1.536000 
    30.203021    -28.393148    -10.979716      1.542000 
    30.203032    -28.383465    -11.042754      1.551000 
    30.203044    -28.373775    -11.105791      1.559000 
    30.203056    -28.364080    -11.168826      1.562000 
    30.203067    -28.354380    -11.231861      1.558000 
    30.203079    -28.344671    -11.294894      1.543000 
    30.203090    -28.334957    -11.357927      1.526000 
    30.203102    -28.325237    -11.420958      1.516000 
    30.203113    -28.315510    -11.483988      1.517000 
    30.203125    -28.305779    -11.547017      1.522000 
    30.203148    -28.296038    -11.610045      1.530000 
    30.203160    -28.286293    -11.673071      1.519000 
    30.203171    -28.276540    -11.736096      1.503000 
    30.203183    -28.266783    -11.799120      1.488000 
    30.203194    -28.257017    -11.862143      1.473000 
    30.203206    -28.247246    -11.925165      1.466000 
    30.203218    -28.237469    -11.988185      1.466000 
    31.202778    -31.300571     -8.057110      1.487000 
    31.202789    -31.291126     -8.120194      1.533000 
    31.202812    -31.281680     -8.183278      1.588000 
    31.202824    -31.272226     -8.246360      1.639000 
    31.202836    -31.262770     -8.309441      1.659000 
    31.202847    -31.253307     -8.372522      1.640000 
    31.202859    -31.243841     -8.435601      1.591000 
    31.202870    -31.234370     -8.498680      1.556000 
    31.202882    -31.224895     -8.561758      1.547000 
    31.202894    -31.215414     -8.624835      1.543000 
    31.202905    -31.205930     -8.687911      1.536000 
    31.202917    -31.196442     -8.750986      1.525000 
    31.202940    -31.186949     -8.814060      1.514000 
    31.202951    -31.177448     -8.877134      1.498000 
    31.202963    -31.167946     -8.940206      1.490000 
    31.202975    -31.158438     -9.003277      1.491000 
    31.202986    -31.148926     -9.066348      1.496000 
    31.202998    -31.139406     -9.129417      1.504000 
    31.203009    -31.129885     -9.192486      1.504000 
    31.203021    -31.120356     -9.255553      1.499000 
    31.203032    -31.110825     -9.318620      1.497000 
    31.203056    -31.101286     -9.381685      1.500000 
    31.203067    -31.091743     -9.444750      1.509000 
    31.203079    -31.082195     -9.507814      1.520000 
    31.203090    -31.072643     -9.570876      1.525000 
    31.203102    -31.063084     -9.633938      1.529000 
    31.203113    -31.053520     -9.696998      1.533000 
    31.203125    -31.043953     -9.760058      1.534000 
    31.203137    -31.034378     -9.823117      1.533000 
    31.203148    -31.024800     -9.886174      1.530000 
    31.203160    -31.015215     -9.949231      1.529000 
    31.203183    -31.005625    -10.012286      1.527000 
    31.203194    -30.996030    -10.075341      1.506000 
    31.203206    -30.986430    -10.138394      1.488000 
    31.203218    -30.976824    -10.201446      1.481000 
    31.203229    -30.967210    -10.264498      1.478000 
    31.203241    -30.957594    -10.327548      1.464000 
    31.203252    -30.947970    -10.390597      1.448000 
    31.203264    -30.938341    -10.453645      1.429000 
    31.203275    -30.928707    -10.516692      1.414000 
    31.203287    -30.919067    -10.579738      1.402000 
    31.203310    -30.909422    -10.642783      1.395000 
    31.203322    -30.899770    -10.705827      1.398000 
    31.203333    -30.890112    -10.768869      1.407000 
    31.203345    -30.880450    -10.831911      1.420000 
    31.203356    -30.870780    -10.894951      1.430000 
    31.203368    -30.861105    -10.957990      1.436000 
    31.203380    -30.851423    -11.021029      1.441000 
    31.203391    -30.841736    -11.084066      1.445000 
    31.203403    -30.832043    -11.147102      1.450000 
    31.203414    -30.822344    -11.210136      1.458000 
    31.203438    -30.812637    -11.273170      1.469000 
    31.203449    -30.802925    -11.336202      1.479000 
    31.203461    -30.793207    -11.399234      1.490000 
    31.203472    -30.783484    -11.462264      1.499000 
    31.203484    -30.773754    -11.525292      1.509000 
    31.203495    -30.764017    -11.588320      1.518000 
    31.203507    -30.754274    -11.651347      1.530000 
    31.203519    -30.744524    -11.714372      1.541000 
    31.203530    -30.734768    -11.777396      1.548000 
    31.203542    -30.725006    -11.840419      1.549000 
    31.203565    -30.715237    -11.903441      1.548000 
    31.203576    -30.705462    -11.966461      1.545000 
    34.664306    -29.959772    -11.967299      2.101000 
    34.664317    -29.950000    -11.904290      2.108000 
    34.664329    -29.940233    -11.841280      2.120000 
    34.664340    -29.930473    -11.778269      2.138000 
    34.664363    -29.920720    -11.715257      2.163000 
    34.664375    -29.910975    -11.652243      2.193000 
    34.664387    -29.901234    -11.589228      2.227000 
    34.664398    -29.891499    -11.526212      2.263000 
    34.664410    -29.881771    -11.463195      2.301000 
    34.664421    -29.872050    -11.400177      2.338000 
    34.664433    -29.862335    -11.337157      2.371000 
    34.664444    -29.852627    -11.274137      2.398000 
    34.664456    -29.842922    -11.211115      2.417000 
    34.664468    -29.833227    -11.148092      2.427000 
    34.664491    -29.823536    -11.085068      2.428000 
    34.664502    -29.813852    -11.022043      2.422000 
    34.664514    -29.804173    -10.959016      2.415000 
    34.664525    -29.794500    -10.895989      2.403000 
    34.664537    -29.784834    -10.832960      2.386000 
    34.664549    -29.775173    -10.769930      2.365000 
    34.664560    -29.765518    -10.706900      2.340000 
    34.664572    -29.755870    -10.643868      2.328000 
    34.664583    -29.746227    -10.580835      2.333000 
    34.664595    -29.736590    -10.517801      2.347000 
    34.664618    -29.726957    -10.454765      2.373000 
    34.664630    -29.717333    -10.391729      2.397000 
    34.664641    -29.707712    -10.328692      2.415000 
    34.664653    -29.698097    -10.265653      2.423000 
    34.664664    -29.688488    -10.202614      2.419000 
    34.664676    -29.678885    -10.139573      2.407000 
    34.664687    -29.669287    -10.076531      2.393000 
    34.664699    -29.659695    -10.013489      2.386000 
    34.664711    -29.650106     -9.950445      2.394000 
    34.664722    -29.640526     -9.887400      2.412000 
    34.664745    -29.630949     -9.824355      2.435000 
    34.664757    -29.621378     -9.761308      2.450000 
    34.664769    -29.611813     -9.698260      2.462000 
    34.664780    -29.602251     -9.635211      2.467000 
    34.664792    -29.592695     -9.572162      2.470000 
    34.664803    -29.583145     -9.509111      2.477000 
    34.664815    -29.573600     -9.446059      2.489000 
    34.664826    -29.564060     -9.383006      2.505000 
    34.664838    -29.554525     -9.319952      2.520000 
    34.664850    -29.544996     -9.256898      2.534000 
    34.664873    -29.535471     -9.193842      2.549000 
    34.664884    -29.525951     -9.130785      2.564000 
    34.664896    -29.516436     -9.067727      2.578000 
    34.664907    -29.506926     -9.004669      2.599000 
    34.664919    -29.497420     -8.941609      2.618000 
    34.664931    -29.487919     -8.878549      2.629000 
    34.664942    -29.478424     -8.815488      2.628000 
    34.664954    -29.468931     -8.752425      2.615000 
    34.664965    -29.459446     -8.689362      2.599000 
    34.664988    -29.449965     -8.626298      2.588000 
    34.665000    -29.440487     -8.563233      2.586000 
    34.665012    -29.431015     -8.500167      2.588000 
    34.665023    -29.421547     -8.437100      2.590000 
    34.665035    -29.412083     -8.374032      2.590000 
    34.665046    -29.402624     -8.310963      2.589000 
    34.665058    -29.393170     -8.247894      2.588000 
    34.665069    -29.383718     -8.184823      2.589000 
    34.665081    -29.374273     -8.121752      2.587000 
    34.665093    -29.364832     -8.058680      2.578000 
    35.665231    -31.997562     -9.176163      2.512000 
    35.665243    -31.988045     -9.113106      2.511000 
    35.665255    -31.978530     -9.050048      2.508000 
    35.665266    -31.969020     -8.986988      2.510000 
    35.665278    -31.959517     -8.923928      2.518000 
    35.665289    -31.950018     -8.860867      2.532000 
    35.665301    -31.940521     -8.797805      2.554000 
    35.665312    -31.931032     -8.734742      2.580000 
    35.665336    -31.921547     -8.671679      2.612000 
    35.665347    -31.912066     -8.608614      2.641000 
    35.665359    -31.902590     -8.545548      2.658000 
    35.665370    -31.893120     -8.482482      2.669000 
    35.665382    -31.883652     -8.419414      2.661000 
    35.665394    -31.874190     -8.356346      2.636000 
    35.665405    -31.864733     -8.293276      2.602000 
    35.665417    -31.855278     -8.230206      2.570000 
    35.665428    -31.845829     -8.167135      2.542000 
    35.665440    -31.836384     -8.104064      2.521000 
    35.665463    -31.826944     -8.040991      2.505000 
    41.134907    -30.065239     -8.043181      1.793000 
    41.134919    -30.055796     -8.106262      1.801000 
    41.134931    -30.046350     -8.169343      1.811000 
    41.134942    -30.036900     -8.232422      1.822000 
    41.134965    -30.027445     -8.295500      1.832000 
    41.134977    -30.017984     -8.358578      1.841000 
    41.134988    -30.008520     -8.421655      1.849000 
    41.135000    -29.999052     -8.484730      1.856000 
    41.135012    -29.989580     -8.547805      1.862000 
    41.135023    -29.980103     -8.610879      1.869000 
    41.135035    -29.970620     -8.673952      1.875000 
    41.135046    -29.961132     -8.737024      1.882000 
    41.135058    -29.951641     -8.800095      1.889000 
    41.135069    -29.942144     -8.863166      1.896000 
    41.135093    -29.932644     -8.926235      1.902000 
    41.135104    -29.923140     -8.989303      1.907000 
    41.135116    -29.913628     -9.052371      1.912000 
    41.135127    -29.904112     -9.115437      1.916000 
    41.135139    -29.894592     -9.178503      1.919000 
    41.135150    -29.885067     -9.241567      1.920000 
    41.135162    -29.875538     -9.304631      1.918000 
    41.135174    -29.866001     -9.367693      1.913000 
    41.135185    -29.856460     -9.430755      1.905000 
    41.135208    -29.846914     -9.493816      1.894000 
    41.135220    -29.837364     -9.556875      1.880000 
    41.135231    -29.827808     -9.619934      1.866000 
    41.135243    -29.818249     -9.682991      1.852000 
    41.135255    -29.808681     -9.746048      1.839000 
    41.135266    -29.799110     -9.809104      1.857000 
    41.135278    -29.789534     -9.872158      1.887000 
    41.135289    -29.779951     -9.935212      1.806000 
    41.135301    -29.770365     -9.998264      1.699000 
    41.135312    -29.760773    -10.061316      1.764000 
    41.135336    -29.751173    -10.124366      1.869000 
    41.135347    -29.741570    -10.187415      1.891000 
    41.135359    -29.731960    -10.250464      1.875000 
    41.135370    -29.722345    -10.313511      1.876000 
    41.135382    -29.712725    -10.376557      1.884000 
    41.135394    -29.703098    -10.439602      1.897000 
    41.135405    -29.693466    -10.502646      1.912000 
    41.135417    -29.683828    -10.565689      1.919000 
    41.135428    -29.674187    -10.628731      1.922000 
    41.135440    -29.664537    -10.691771      1.922000 
    41.135463    -29.654882    -10.754811      1.917000 
    41.135475    -29.645222    -10.817850      1.909000 
    41.135486    -29.635555    -10.880887      1.897000 
    41.135498    -29.625881    -10.943923      1.884000 
    41.135509    -29.616203    -11.006958      1.868000 
    41.135521    -29.606520    -11.069992      1.850000 
    41.135532    -29.596828    -11.133025      1.832000 
    41.135544    -29.587132    -11.196057      1.818000 
    41.135556    -29.577429    -11.259087      1.805000 
    41.135567    -29.567720    -11.322117      1.794000 
    41.135590    -29.558004    -11.385145      1.785000 
    41.135602    -29.548283    -11.448172      1.778000 
    41.135613    -29.538555    -11.511198      1.768000 
    41.135625    -29.528822    -11.574223      1.759000 
    41.135637    -29.519081    -11.637246      1.750000 
    41.135648    -29.509335    -11.700268      1.741000 
    41.135660    -29.499580    -11.763290      1.732000 
    41.135671    -29.489820    -11.826309      1.721000 
    41.135683    -29.480055    -11.889328      1.711000 
    41.135694    -29.470282    -11.952346      1.704000 
    42.135984    -31.997532    -11.557565      1.460000 
    42.135995    -31.987793    -11.620588      1.448000 
    42.136007    -31.978048    -11.683610      1.435000 
    42.136019    -31.968296    -11.746631      1.423000 
    42.136030    -31.958538    -11.809651      1.411000 
    42.136042    -31.948774    -11.872670      1.401000 
    42.136053    -31.939003    -11.935687      1.392000 
    42.136076    -31.929226    -11.998703      1.385000 
    44.596458    -28.723051    -11.939361      1.588000 
    44.596470    -28.713282    -11.876349      1.603000 
    44.596481    -28.703520    -11.813336      1.619000 
    44.596493    -28.693764    -11.750322      1.633000 
    44.596505    -28.684013    -11.687307      1.646000 
    44.596528    -28.674270    -11.624290      1.656000 
    44.596539    -28.664534    -11.561272      1.665000 
    44.596551    -28.654802    -11.498253      1.687000 
    44.596562    -28.645079    -11.435233      1.708000 
    44.596574    -28.635360    -11.372212      1.729000 
    44.596586    -28.625648    -11.309190      1.745000 
    44.596597    -28.615944    -11.246166      1.761000 
    44.596609    -28.606243    -11.183141      1.752000 
    44.596620    -28.596550    -11.120116      1.774000 
    44.596632    -28.586863    -11.057089      1.786000 
    44.596655    -28.577180    -10.994060      1.795000 
    44.596667    -28.567507    -10.931031      1.803000 
    44.596678    -28.557837    -10.868001      1.809000 
    44.596690    -28.548174    -10.804969      1.814000 
    44.596701    -28.538515    -10.741936      1.818000 
    44.596713    -28.528866    -10.678903      1.820000 
    44.596725    -28.519218    -10.615868      1.821000 
    44.596736    -28.509579    -10.552832      1.822000 
    44.596748    -28.499945    -10.489795      1.822000 
    44.596771    -28.490316    -10.426757      1.816000 
    44.596782    -28.480694    -10.363717      1.814000 
    44.596794    -28.471075    -10.300677      1.814000 
    44.596806    -28.461466    -10.237636      1.813000 
    44.596817    -28.451859    -10.174593      1.817000 
    44.596829    -28.442259    -10.111550      1.823000 
    44.596840    -28.432663    -10.048505      1.813000 
    44.596852    -28.423073     -9.985460      1.801000 
    44.596863    -28.413488     -9.922413      1.795000 
    44.596875    -28.403910     -9.859365      1.788000 
    44.596898    -28.394337     -9.796317      1.780000 
    44.596910    -28.384770     -9.733267      1.771000 
    44.596921    -28.375206     -9.670216      1.762000 
    44.596933    -28.365648     -9.607164      1.753000 
    44.596944    -28.356094     -9.544112      1.743000 
    44.596956    -28.346548     -9.481058      1.734000 
    44.596968    -28.337006     -9.418003      1.725000 
    44.596979    -28.327469     -9.354947      1.719000 
    44.596991    -28.317936     -9.291891      1.714000 
    44.597002    -28.308409     -9.228833      1.706000 
    44.597025    -28.298887     -9.165774      1.703000 
    44.597037    -28.289370     -9.102715      1.709000 
    44.597049    -28.279858     -9.039654      1.721000 
    44.597060    -28.270350     -8.976593      1.733000 
    44.597072    -28.260847     -8.913530      1.739000 
    44.597083    -28.251348     -8.850467      1.743000 
    44.597095    -28.241856     -8.787402      1.744000 
    44.597106    -28.232367     -8.724337      1.735000 
    44.597118    -28.222883     -8.661271      1.731000 
    44.597130    -28.213404     -8.598204      1.737000 
    44.597153    -28.203930     -8.535136      1.754000 
    44.597164    -28.194460     -8.472067      1.773000 
    44.597176    -28.184994     -8.408997      1.770000 
    44.597187    -28.175533     -8.345926      1.735000 
    44.597199    -28.166077     -8.282855      1.694000 
    44.597211    -28.156626     -8.219782      1.671000 
    44.597222    -28.147177     -8.156709      1.677000 
    44.597234    -28.137733     -8.093634      1.706000 
    44.597245    -28.128296     -8.030559      1.744000 
    45.596817    -31.189924    -11.944468      1.605000 
    45.596829    -31.180155    -11.881456      1.596000 
    45.596840    -31.170390    -11.818443      1.588000 
    45.596863    -31.160633    -11.755428      1.582000 
    45.596875    -31.150883    -11.692413      1.579000 
    45.596887    -31.141138    -11.629396      1.583000 
    45.596898    -31.131401    -11.566377      1.589000 
    45.596910    -31.121670    -11.503358      1.595000 
    45.596921    -31.111944    -11.440338      1.600000 
    45.596933    -31.102224    -11.377316      1.604000 
    45.596944    -31.092512    -11.314293      1.605000 
    45.596956    -31.082806    -11.251269      1.605000 
    45.596968    -31.073107    -11.188244      1.603000 
    45.596991    -31.063412    -11.125218      1.600000 
    45.597002    -31.053724    -11.062191      1.596000 
    45.597014    -31.044043    -10.999162      1.593000 
    45.597025    -31.034367    -10.936132      1.589000 
    45.597037    -31.024696    -10.873101      1.589000 
    45.597049    -31.015032    -10.810070      1.597000 
    45.597060    -31.005375    -10.747036      1.605000 
    45.597072    -30.995722    -10.684002      1.602000 
    45.597083    -30.986074    -10.620967      1.587000 
    45.597095    -30.976435    -10.557931      1.574000 
    45.597118    -30.966800    -10.494893      1.571000 
    45.597130    -30.957170    -10.431855      1.585000 
    45.597141    -30.947548    -10.368815      1.615000 
    45.597153    -30.937930    -10.305774      1.651000 
    45.597164    -30.928316    -10.242733      1.685000 
    45.597176    -30.918710    -10.179690      1.713000 
    45.597187    -30.909110    -10.116646      1.740000 
    45.597199    -30.899513    -10.053601      1.764000 
    45.597211    -30.889921     -9.990555      1.731000 
    45.597222    -30.880339     -9.927508      1.695000 
    45.597245    -30.870758     -9.864460      1.684000 
    45.597257    -30.861183     -9.801411      1.680000 
    45.597269    -30.851616     -9.738361      1.667000 
    45.597280    -30.842050     -9.675310      1.654000 
    45.597292    -30.832493     -9.612257      1.641000 
    45.597303    -30.822940     -9.549204      1.630000 
    45.597315    -30.813393     -9.486150      1.621000 
    45.597326    -30.803848     -9.423095      1.613000 
    45.597338    -30.794312     -9.360039      1.612000 
    45.597361    -30.784779     -9.296982      1.611000 
    45.597373    -30.775250     -9.233924      1.602000 
    45.597384    -30.765726     -9.170865      1.585000 
    45.597396    -30.756208     -9.107804      1.577000 
    45.597407    -30.746696     -9.044744      1.588000 
    45.597419    -30.737188     -8.981682      1.603000 
    45.597431    -30.727686     -8.918619      1.615000 
    45.597442    -30.718185     -8.855555      1.618000 
    45.597454    -30.708693     -8.792490      1.612000 
    45.597465    -30.699203     -8.729425      1.610000 
    45.597488    -30.689718     -8.666358      1.603000 
    45.597500    -30.680239     -8.603290      1.593000 
    45.597512    -30.670765     -8.540222      1.581000 
    45.597523    -30.661293     -8.477153      1.568000 
    45.597535    -30.651827     -8.414082      1.557000 
    45.597546    -30.642365     -8.351011      1.545000 
    45.597558    -30.632908     -8.287939      1.533000 
    45.597569    -30.623455     -8.224866      1.528000 
    45.597581    -30.614008     -8.161792      1.528000 
    45.597593    -30.604563     -8.098718      1.530000 
    45.597616    -30.595123     -8.035642      1.534000 
    51.067060    -28.838718     -8.015881      2.379000 
    51.067072    -28.829277     -8.078958      2.363000 
    51.067083    -28.819832     -8.142035      2.344000 
    51.067095    -28.810383     -8.205111      2.318000 
    51.067106    -28.800930     -8.268186      2.292000 
    51.067118    -28.791471     -8.331260      2.273000 
    51.067130    -28.782010     -8.394333      2.262000 
    51.067153    -28.772543     -8.457406      2.258000 
    51.067164    -28.763071     -8.520477      2.264000 
    51.067176    -28.753595     -8.583548      2.281000 
    51.067187    -28.744116     -8.646618      2.309000 
    51.067199    -28.734630     -8.709686      2.336000 
    51.067211    -28.725140     -8.772754      2.350000 
    51.067222    -28.715645     -8.835821      2.349000 
    51.067234    -28.706146     -8.898887      2.333000 
    51.067245    -28.696642     -8.961952      2.323000 
    51.067257    -28.687134     -9.025016      2.332000 
    51.067280    -28.677620     -9.088079      2.353000 
    51.067292    -28.668100     -9.151141      2.354000 
    51.067303    -28.658577     -9.214202      2.352000 
    51.067315    -28.649048     -9.277263      2.346000 
    51.067326    -28.639515     -9.340322      2.338000 
    51.067338    -28.629976     -9.403380      2.326000 
    51.067350    -28.620434     -9.466437      2.312000 
    51.067361    -28.610884     -9.529494      2.295000 
    51.067373    -28.601330     -9.592549      2.277000 
    51.067384    -28.591770     -9.655603      2.258000 
    51.067407    -28.582207     -9.718656      2.232000 
    51.067419    -28.572638     -9.781709      2.209000 
    51.067431    -28.563063     -9.844760      2.194000 
    51.067442    -28.553482     -9.907810      2.194000 
    51.067454    -28.543898     -9.970859      2.202000 
    51.067465    -28.534306    -10.033907      2.195000 
    51.067477    -28.524710    -10.096954      2.145000 
    51.067488    -28.515108    -10.160000      2.069000 
    51.067500    -28.505500    -10.223045      2.041000 
    51.067523    -28.495888    -10.286089      2.086000 
    51.067535    -28.486270    -10.349132      2.144000 
    51.067546    -28.476645    -10.412174      2.218000 
    51.067558    -28.467016    -10.475215      2.219000 
    51.067569    -28.457380    -10.538254      2.173000 
    51.067581    -28.447739    -10.601293      2.116000 
    51.067593    -28.438091    -10.664330      2.129000 
    51.067604    -28.428440    -10.727366      2.175000 
    51.067616    -28.418781    -10.790402      2.230000 
    51.067627    -28.409117    -10.853436      2.243000 
    51.067650    -28.399446    -10.916469      2.239000 
    51.067662    -28.389770    -10.979500      2.222000 
    51.067674    -28.380087    -11.042531      2.201000 
    51.067685    -28.370400    -11.105561      2.180000 
    51.067697    -28.360704    -11.168589      2.153000 
    51.067708    -28.351004    -11.231616      2.147000 
    51.067720    -28.341297    -11.294642      2.139000 
    51.067731    -28.331585    -11.357667      2.133000 
    51.067743    -28.321865    -11.420691      2.131000 
    51.067755    -28.312140    -11.483714      2.132000 
    51.067778    -28.302408    -11.546735      2.135000 
    51.067789    -28.292670    -11.609755      2.141000 
    51.067801    -28.282927    -11.672774      2.149000 
    51.067813    -28.273174    -11.735792      2.153000 
    51.067824    -28.263416    -11.798809      2.152000 
    51.067836    -28.253654    -11.861824      2.144000 
    51.067847    -28.243883    -11.924838      2.132000 
    51.067859    -28.234106    -11.987852      2.116000 
    52.067419    -31.304876     -8.012292      2.247000 
    52.067431    -31.295437     -8.075369      2.287000 
    52.067442    -31.285994     -8.138446      2.315000 
    52.067454    -31.276545     -8.201521      2.323000 
    52.067465    -31.267090     -8.264596      2.299000 
    52.067477    -31.257633     -8.327670      2.262000 
    52.067488    -31.248170     -8.390742      2.226000 
    52.067512    -31.238705     -8.453814      2.204000 
    52.067523    -31.229233     -8.516885      2.220000 
    52.067535    -31.219757     -8.579956      2.233000 
    52.067546    -31.210278     -8.643025      2.221000 
    52.067558    -31.200792     -8.706093      2.198000 
    52.067569    -31.191301     -8.769160      2.167000 
    52.067581    -31.181808     -8.832227      2.174000 
    52.067593    -31.172310     -8.895292      2.214000 
    52.067604    -31.162806     -8.958357      2.229000 
    52.067616    -31.153296     -9.021421      2.196000 
    52.067639    -31.143784     -9.084483      2.141000 
    52.067650    -31.134264     -9.147545      2.112000 
    52.067662    -31.124740     -9.210606      2.128000 
    52.067674    -31.115213     -9.273666      2.163000 
    52.067685    -31.105680     -9.336725      2.203000 
    52.067697    -31.096142     -9.399782      2.229000 
    52.067708    -31.086597     -9.462839      2.249000 
    52.067720    -31.077050     -9.525895      2.265000 
    52.067731    -31.067495     -9.588950      2.278000 
    52.067743    -31.057938     -9.652004      2.288000 
    52.067766    -31.048372     -9.715057      2.298000 
    52.067778    -31.038803     -9.778109      2.309000 
    52.067789    -31.029228     -9.841159      2.300000 
    52.067801    -31.019650     -9.904209      2.292000 
    52.067813    -31.010063     -9.967258      2.325000 
    52.067824    -31.000475    -10.030305      2.340000 
    52.067836    -30.990877    -10.093352      2.345000 
    52.067847    -30.981276    -10.156398      2.349000 
    52.067859    -30.971668    -10.219442      2.354000 
    52.067870    -30.962057    -10.282486      2.359000 
    52.067894    -30.952438    -10.345528      2.365000 
    52.067905    -30.942816    -10.408570      2.373000 
    52.067917    -30.933186    -10.471610      2.384000 
    52.067928    -30.923550    -10.534649      2.398000 
    52.067940    -30.913910    -10.597687      2.414000 
    52.067951    -30.904263    -10.660724      2.444000 
    52.067963    -30.894610    -10.723760      2.478000 
    52.067975    -30.884953    -10.786795      2.495000 
    52.067986    -30.875288    -10.849828      2.495000 
    52.068009    -30.865618    -10.912861      2.486000 
    52.068021    -30.855942    -10.975892      2.479000 
    52.068032    -30.846260    -11.038923      2.479000 
    52.068044    -30.836573    -11.101952      2.477000 
    52.068056    -30.826878    -11.164980      2.475000 
    52.068067    -30.817177    -11.228007      2.472000 
    52.068079    -30.807470    -11.291032      2.462000 
    52.068090    -30.797758    -11.354057      2.449000 
    52.068102    -30.788040    -11.417080      2.434000 
    52.068113    -30.778315    -11.480102      2.417000 
    52.068137    -30.768583    -11.543123      2.400000 
    52.068148    -30.758844    -11.606143      2.387000 
    52.068160    -30.749102    -11.669162      2.375000 
    52.068171    -30.739351    -11.732179      2.365000 
    52.068183    -30.729593    -11.795196      2.356000 
    52.068194    -30.719830    -11.858211      2.348000 
    52.068206    -30.710060    -11.921224      2.341000 
    52.068218    -30.700283    -11.984237      2.344000 
    55.528958    -29.959778    -11.960020      1.910000 
    55.528970    -29.950005    -11.897005      1.909000 
    55.528981    -29.940239    -11.833989      1.918000 
    55.529005    -29.930477    -11.770972      1.935000 
    55.529016    -29.920725    -11.707953      1.957000 
    55.529028    -29.910976    -11.644933      1.971000 
    55.529039    -29.901236    -11.581912      1.968000 
    55.529051    -29.891500    -11.518890      1.959000 
    55.529062    -29.881773    -11.455867      1.955000 
    55.529074    -29.872051    -11.392842      1.954000 
    55.529086    -29.862335    -11.329816      1.962000 
    55.529097    -29.852627    -11.266789      1.976000 
    55.529109    -29.842922    -11.203761      1.989000 
    55.529132    -29.833225    -11.140732      1.990000 
    55.529144    -29.823534    -11.077702      1.981000 
    55.529155    -29.813848    -11.014670      1.972000 
    55.529167    -29.804170    -10.951637      1.962000 
    55.529178    -29.794497    -10.888603      1.951000 
    55.529190    -29.784830    -10.825569      1.944000 
    55.529201    -29.775170    -10.762532      1.941000 
    55.529213    -29.765512    -10.699495      1.930000 
    55.529225    -29.755863    -10.636457      1.915000 
    55.529236    -29.746220    -10.573418      1.896000 
    55.529259    -29.736582    -10.510377      1.882000 
    55.529271    -29.726950    -10.447336      1.873000 
    55.529282    -29.717323    -10.384293      1.866000 
    55.529294    -29.707703    -10.321249      1.859000 
    55.529306    -29.698088    -10.258204      1.844000 
    55.529317    -29.688477    -10.195159      1.821000 
    55.529329    -29.678873    -10.132112      1.799000 
    55.529340    -29.669273    -10.069064      1.788000 
    55.529352    -29.659681    -10.006015      1.786000 
    55.529375    -29.650093     -9.942965      1.788000 
    55.529387    -29.640510     -9.879913      1.788000 
    55.529398    -29.630934     -9.816861      1.781000 
    55.529410    -29.621363     -9.753808      1.780000 
    55.529421    -29.611795     -9.690754      1.792000 
    55.529433    -29.602234     -9.627699      1.805000 
    55.529444    -29.592678     -9.564643      1.814000 
    55.529456    -29.583126     -9.501585      1.822000 
    55.529468    -29.573582     -9.438527      1.830000 
    55.529479    -29.564041     -9.375468      1.834000 
    55.529502    -29.554504     -9.312408      1.838000 
    55.529514    -29.544973     -9.249347      1.847000 
    55.529525    -29.535448     -9.186284      1.857000 
    55.529537    -29.525928     -9.123221      1.860000 
    55.529549    -29.516413     -9.060157      1.862000 
    55.529560    -29.506900     -8.997092      1.862000 
    55.529572    -29.497395     -8.934026      1.860000 
    55.529583    -29.487892     -8.870959      1.856000 
    55.529595    -29.478397     -8.807891      1.851000 
    55.529606    -29.468904     -8.744823      1.845000 
    55.529630    -29.459417     -8.681753      1.839000 
    55.529641    -29.449936     -8.618682      1.836000 
    55.529653    -29.440456     -8.555611      1.832000 
    55.529664    -29.430984     -8.492538      1.828000 
    55.529676    -29.421515     -8.429465      1.824000 
    55.529687    -29.412050     -8.366391      1.823000 
    55.529699    -29.402592     -8.303315      1.820000 
    55.529711    -29.393135     -8.240239      1.818000 
    55.529722    -29.383684     -8.177162      1.812000 
    55.529734    -29.374237     -8.114085      1.811000 
    55.529757    -29.364796     -8.051006      1.819000 
    56.529884    -31.998410     -9.171650      1.734000 
    56.529896    -31.988890     -9.108586      1.714000 
    56.529907    -31.979376     -9.045521      1.704000 
    56.529919    -31.969866     -8.982455      1.691000 
    56.529931    -31.960360     -8.919389      1.680000 
    56.529954    -31.950860     -8.856321      1.668000 
    56.529965    -31.941364     -8.793253      1.660000 
    56.529977    -31.931873     -8.730183      1.658000 
    56.529988    -31.922386     -8.667113      1.661000 
    56.530000    -31.912905     -8.604041      1.661000 
    56.530012    -31.903427     -8.540969      1.656000 
    56.530023    -31.893955     -8.477896      1.651000 
    56.530035    -31.884487     -8.414822      1.650000 
    56.530046    -31.875025     -8.351747      1.654000 
    56.530058    -31.865566     -8.288671      1.664000 
    56.530081    -31.856112     -8.225594      1.679000 
    56.530093    -31.846660     -8.162517      1.690000 
    56.530104    -31.837215     -8.099438      1.701000 
    56.530116    -31.827774     -8.036359      1.711000 
   209.053113    -31.997980    -11.568557      2.256000 
   209.053125    -31.988237    -11.631577      2.253000 
   209.053137    -31.978489    -11.694595      2.249000 
   209.053160    -31.968730    -11.757612      2.246000 
   209.053171    -31.958970    -11.820628      2.242000 
   209.053183    -31.949200    -11.883642      2.239000 
   209.053194    -31.939423    -11.946656      2.236000 
   211.513576    -28.731182    -11.981782      1.837000 
   211.513588    -28.721403    -11.918767      1.834000 
   211.513600    -28.711632    -11.855752      1.822000 
   211.513611    -28.701864    -11.792735      1.809000 
   211.513623    -28.692104    -11.729717      1.799000 
   211.513634    -28.682350    -11.666697      1.787000 
   211.513646    -28.672604    -11.603677      1.779000 
   211.513657    -28.662863    -11.540655      1.778000 
   211.513669    -28.653128    -11.477633      1.781000 
   211.513692    -28.643400    -11.414609      1.787000 
   211.513704    -28.633678    -11.351584      1.789000 
   211.513715    -28.623962    -11.288557      1.779000 
   211.513727    -28.614252    -11.225530      1.757000 
   211.513738    -28.604550    -11.162501      1.737000 
   211.513750    -28.594852    -11.099471      1.726000 
   211.513762    -28.585161    -11.036440      1.712000 
   211.513773    -28.575476    -10.973408      1.700000 
   211.513785    -28.565798    -10.910375      1.692000 
   211.513796    -28.556124    -10.847341      1.684000 
   211.513819    -28.546457    -10.784305      1.669000 
   211.513831    -28.536795    -10.721269      1.659000 
   211.513843    -28.527140    -10.658231      1.662000 
   211.513854    -28.517490    -10.595193      1.679000 
   211.513866    -28.507847    -10.532153      1.709000 
   211.513877    -28.498207    -10.469112      1.742000 
   211.513889    -28.488575    -10.406070      1.771000 
   211.513900    -28.478949    -10.343027      1.793000 
   211.513912    -28.469328    -10.279983      1.801000 
   211.513935    -28.459711    -10.216938      1.790000 
   211.513947    -28.450102    -10.153892      1.764000 
   211.513958    -28.440496    -10.090844      1.736000 
   211.513970    -28.430899    -10.027796      1.707000 
   211.513981    -28.421305     -9.964747      1.689000 
   211.513993    -28.411716     -9.901696      1.671000 
   211.514005    -28.402134     -9.838645      1.658000 
   211.514016    -28.392555     -9.775592      1.649000 
   211.514028    -28.382982     -9.712539      1.643000 
   211.514039    -28.373417     -9.649484      1.642000 
   211.514062    -28.363855     -9.586429      1.645000 
   211.514074    -28.354298     -9.523373      1.644000 
   211.514086    -28.344746     -9.460315      1.644000 
   211.514097    -28.335200     -9.397257      1.645000 
   211.514109    -28.325659     -9.334197      1.648000 
   211.514120    -28.316122     -9.271137      1.650000 
   211.514132    -28.306591     -9.208075      1.650000 
   211.514144    -28.297066     -9.145013      1.650000 
   211.514155    -28.287542     -9.081950      1.647000 
   211.514167    -28.278027     -9.018886      1.641000 
   211.514190    -28.268515     -8.955820      1.634000 
   211.514201    -28.259008     -8.892754      1.630000 
   211.514213    -28.249506     -8.829687      1.629000 
   211.514225    -28.240010     -8.766619      1.626000 
   211.514236    -28.230516     -8.703550      1.618000 
   211.514248    -28.221027     -8.640480      1.604000 
   211.514259    -28.211544     -8.577410      1.586000 
   211.514271    -28.202066     -8.514338      1.569000 
   211.514282    -28.192590     -8.451265      1.565000 
   211.514294    -28.183123     -8.388192      1.571000 
   211.514317    -28.173656     -8.325118      1.583000 
   211.514329    -28.164196     -8.262042      1.590000 
   211.514340    -28.154740     -8.198966      1.591000 
   211.514352    -28.145287     -8.135889      1.592000 
   211.514363    -28.135840     -8.072811      1.598000 
   211.514375    -28.126396     -8.009733      1.605000 
   212.513935    -31.192665    -11.957294      2.436000 
   212.513947    -31.182888    -11.894278      2.438000 
   212.513958    -31.173117    -11.831262      2.440000 
   212.513970    -31.163353    -11.768244      2.448000 
   212.513981    -31.153597    -11.705225      2.447000 
   212.514005    -31.143845    -11.642205      2.437000 
   212.514016    -31.134100    -11.579184      2.425000 
   212.514028    -31.124363    -11.516162      2.470000 
   212.514039    -31.114630    -11.453138      2.540000 
   212.514051    -31.104904    -11.390114      2.579000 
   212.514062    -31.095184    -11.327088      2.551000 
   212.514074    -31.085472    -11.264060      2.487000 
   212.514086    -31.075766    -11.201032      2.424000 
   212.514097    -31.066065    -11.138003      2.397000 
   212.514109    -31.056370    -11.074972      2.420000 
   212.514132    -31.046680    -11.011941      2.429000 
   212.514144    -31.036999    -10.948908      2.429000 
   212.514155    -31.027320    -10.885874      2.420000 
   212.514167    -31.017650    -10.822839      2.416000 
   212.514178    -31.007984    -10.759803      2.417000 
   212.514190    -30.998325    -10.696766      2.421000 
   212.514201    -30.988672    -10.633727      2.427000 
   212.514213    -30.979027    -10.570688      2.436000 
   212.514225    -30.969383    -10.507647      2.447000 
   212.514248    -30.959747    -10.444606      2.459000 
   212.514259    -30.950117    -10.381563      2.471000 
   212.514271    -30.940493    -10.318519      2.479000 
   212.514282    -30.930874    -10.255475      2.493000 
   212.514294    -30.921260    -10.192429      2.503000 
   212.514306    -30.911654    -10.129382      2.522000 
   212.514317    -30.902052    -10.066334      2.536000 
   212.514329    -30.892454    -10.003285      2.540000 
   212.514340    -30.882862     -9.940235      2.524000 
   212.514352    -30.873276     -9.877184      2.501000 
   212.514375    -30.863695     -9.814132      2.489000 
   212.514387    -30.854120     -9.751078      2.491000 
   212.514398    -30.844550     -9.688024      2.502000 
   212.514410    -30.834986     -9.624969      2.516000 
   212.514421    -30.825424     -9.561913      2.535000 
   212.514433    -30.815870     -9.498856      2.540000 
   212.514444    -30.806320     -9.435798      2.515000 
   212.514456    -30.796778     -9.372739      2.463000 
   212.514468    -30.787237     -9.309679      2.443000 
   212.514479    -30.777702     -9.246617      2.469000 
   212.514502    -30.768173     -9.183555      2.529000 
   212.514514    -30.758650     -9.120492      2.568000 
   212.514525    -30.749130     -9.057429      2.517000 
   212.514537    -30.739616     -8.994364      2.450000 
   212.514549    -30.730106     -8.931298      2.432000 
   212.514560    -30.720600     -8.868231      2.428000 
   212.514572    -30.711102     -8.805163      2.427000 
   212.514583    -30.701605     -8.742095      2.410000 
   212.514595    -30.692114     -8.679025      2.385000 
   212.514606    -30.682629     -8.615955      2.365000 
   212.514630    -30.673147     -8.552883      2.349000 
   212.514641    -30.663670     -8.489811      2.336000 
   212.514653    -30.654198     -8.426738      2.324000 
   212.514664    -30.644730     -8.363664      2.317000 
   212.514676    -30.635265     -8.300589      2.308000 
   212.514687    -30.625807     -8.237513      2.291000 
   212.514699    -30.616352     -8.174436      2.272000 
   212.514711    -30.606901     -8.111359      2.261000 
   212.514722    -30.597456     -8.048280      2.257000 
   217.984167    -28.832031     -8.030918      2.463000 
   217.984178    -28.822588     -8.093994      2.466000 
   217.984190    -28.813139     -8.157070      2.471000 
   217.984201    -28.803686     -8.220144      2.481000 
   217.984213    -28.794230     -8.283218      2.495000 
   217.984236    -28.784767     -8.346291      2.502000 
   217.984248    -28.775301     -8.409363      2.500000 
   217.984259    -28.765831     -8.472434      2.502000 
   217.984271    -28.756355     -8.535504      2.514000 
   217.984282    -28.746876     -8.598573      2.526000 
   217.984294    -28.737392     -8.661642      2.532000 
   217.984306    -28.727903     -8.724709      2.539000 
   217.984317    -28.718409     -8.787776      2.496000 
   217.984329    -28.708912     -8.850842      2.480000 
   217.984352    -28.699408     -8.913906      2.473000 
   217.984363    -28.689900     -8.976970      2.453000 
   217.984375    -28.680387     -9.040033      2.433000 
   217.984387    -28.670870     -9.103095      2.414000 
   217.984398    -28.661346     -9.166156      2.398000 
   217.984410    -28.651820     -9.229215      2.382000 
   217.984421    -28.642286     -9.292275      2.360000 
   217.984433    -28.632750     -9.355332      2.338000 
   217.984444    -28.623207     -9.418390      2.317000 
   217.984456    -28.613659     -9.481446      2.299000 
   217.984479    -28.604107     -9.544501      2.275000 
   217.984491    -28.594550     -9.607555      2.262000 
   217.984502    -28.584986     -9.670608      2.259000 
   217.984514    -28.575418     -9.733660      2.264000 
   217.984525    -28.565844     -9.796711      2.273000 
   217.984537    -28.556267     -9.859761      2.281000 
   217.984549    -28.546680     -9.922810      2.274000 
   217.984560    -28.537092     -9.985858      2.260000 
   217.984572    -28.527496    -10.048905      2.265000 
   217.984583    -28.517897    -10.111951      2.291000 
   217.984606    -28.508291    -10.174996      2.308000 
   217.984618    -28.498678    -10.238040      2.321000 
   217.984630    -28.489063    -10.301082      2.330000 
   217.984641    -28.479440    -10.364124      2.342000 
   217.984653    -28.469812    -10.427165      2.352000 
   217.984664    -28.460178    -10.490204      2.364000 
   217.984676    -28.450539    -10.553243      2.378000 
   217.984688    -28.440893    -10.616280      2.394000 
   217.984699    -28.431242    -10.679316      2.410000 
   217.984711    -28.421585    -10.742352      2.429000 
   217.984734    -28.411922    -10.805386      2.450000 
   217.984745    -28.402254    -10.868419      2.468000 
   217.984757    -28.392578    -10.931451      2.474000 
   217.984769    -28.382898    -10.994481      2.472000 
   217.984780    -28.373213    -11.057511      2.480000 
   217.984792    -28.363520    -11.120539      2.505000 
   217.984803    -28.353820    -11.183567      2.546000 
   217.984815    -28.344116    -11.246593      2.580000 
   217.984826    -28.334406    -11.309618      2.586000 
   217.984838    -28.324688    -11.372642      2.554000 
   217.984861    -28.314964    -11.435665      2.493000 
   217.984873    -28.305235    -11.498686      2.439000 
   217.984884    -28.295500    -11.561707      2.423000 
   217.984896    -28.285755    -11.624726      2.455000 
   217.984907    -28.276009    -11.687744      2.519000 
   217.984919    -28.266253    -11.750761      2.611000 
   217.984931    -28.256490    -11.813776      2.705000 
   217.984942    -28.246723    -11.876791      2.785000 
   217.984954    -28.236948    -11.939804      2.801000 
   218.984525    -31.298650     -8.019613      2.050000 
   218.984537    -31.289207     -8.082690      2.053000 
   218.984549    -31.279758     -8.145765      2.054000 
   218.984560    -31.270308     -8.208840      2.055000 
   218.984572    -31.260850     -8.271913      2.054000 
   218.984583    -31.251389     -8.334986      2.051000 
   218.984595    -31.241922     -8.398058      2.048000 
   218.984606    -31.232452     -8.461129      2.044000 
   218.984630    -31.222979     -8.524199      2.047000 
   218.984641    -31.213497     -8.587268      2.050000 
   218.984653    -31.204014     -8.650337      2.046000 
   218.984664    -31.194527     -8.713404      2.035000 
   218.984676    -31.185034     -8.776471      2.020000 
   218.984688    -31.175535     -8.839536      2.003000 
   218.984699    -31.166033     -8.902601      2.002000 
   218.984711    -31.156525     -8.965665      1.998000 
   218.984722    -31.147013     -9.028727      1.993000 
   218.984734    -31.137495     -9.091789      2.010000 
   218.984757    -31.127974     -9.154850      2.026000 
   218.984769    -31.118446     -9.217910      2.040000 
   218.984780    -31.108913     -9.280969      2.054000 
   218.984792    -31.099377     -9.344027      2.067000 
   218.984803    -31.089834     -9.407084      2.080000 
   218.984815    -31.080288     -9.470140      2.092000 
   218.984826    -31.070736     -9.533195      2.100000 
   218.984838    -31.061178     -9.596249      2.107000 
   218.984850    -31.051617     -9.659302      2.113000 
   218.984873    -31.042048     -9.722354      2.116000 
   218.984884    -31.032475     -9.785405      2.120000 
   218.984896    -31.022898     -9.848455      2.122000 
   218.984907    -31.013313     -9.911504      2.124000 
   218.984919    -31.003725     -9.974552      2.126000 
   218.984931    -30.994130    -10.037599      2.127000 
   218.984942    -30.984530    -10.100645      2.130000 
   218.984954    -30.974924    -10.163690      2.132000 
   218.984965    -30.965315    -10.226733      2.136000 
   218.984977    -30.955698    -10.289776      2.140000 
   218.985000    -30.946075    -10.352818      2.145000 
   218.985012    -30.936447    -10.415858      2.151000 
   218.985023    -30.926815    -10.478898      2.158000 
   218.985035    -30.917175    -10.541936      2.167000 
   218.985046    -30.907532    -10.604974      2.178000 
   218.985058    -30.897880    -10.668010      2.190000 
   218.985069    -30.888226    -10.731045      2.203000 
   218.985081    -30.878563    -10.794079      2.217000 
   218.985093    -30.868895    -10.857112      2.229000 
   218.985104    -30.859220    -10.920144      2.238000 
   218.985127    -30.849540    -10.983175      2.244000 
   218.985139    -30.839855    -11.046204      2.248000 
   218.985150    -30.830162    -11.109233      2.247000 
   218.985162    -30.820465    -11.172260      2.244000 
   218.985174    -30.810760    -11.235286      2.237000 
   218.985185    -30.801050    -11.298311      2.229000 
   218.985197    -30.791334    -11.361335      2.216000 
   218.985208    -30.781610    -11.424358      2.203000 
   218.985220    -30.771881    -11.487379      2.193000 
   218.985231    -30.762148    -11.550400      2.187000 
   218.985255    -30.752405    -11.613419      2.185000 
   218.985266    -30.742657    -11.676437      2.187000 
   218.985278    -30.732903    -11.739454      2.192000 
   218.985289    -30.723143    -11.802469      2.198000 
   218.985301    -30.713373    -11.865484      2.207000 
   218.985313    -30.703600    -11.928497      2.219000 
   218.985324    -30.693820    -11.991509      2.231000 
   222.446076    -29.955833    -11.940583      1.980000 
   222.446088    -29.946056    -11.877568      2.013000 
   222.446100    -29.936287    -11.814551      2.018000 
   222.446111    -29.926521    -11.751533      1.992000 
   222.446123    -29.916765    -11.688515      1.951000 
   222.446134    -29.907015    -11.625494      1.910000 
   222.446146    -29.897270    -11.562473      1.881000 
   222.446157    -29.887531    -11.499451      1.864000 
   222.446169    -29.877800    -11.436427      1.855000 
   222.446192    -29.868074    -11.373402      1.854000 
   222.446204    -29.858356    -11.310376      1.862000 
   222.446215    -29.848642    -11.247349      1.875000 
   222.446227    -29.838936    -11.184321      1.892000 
   222.446238    -29.829235    -11.121292      1.910000 
   222.446250    -29.819540    -11.058261      1.928000 
   222.446262    -29.809853    -10.995229      1.948000 
   222.446273    -29.800169    -10.932197      1.969000 
   222.446285    -29.790493    -10.869163      1.986000 
   222.446296    -29.780823    -10.806128      1.998000 
   222.446319    -29.771156    -10.743092      2.005000 
   222.446331    -29.761497    -10.680054      2.018000 
   222.446343    -29.751844    -10.617016      2.015000 
   222.446354    -29.742199    -10.553976      1.992000 
   222.446366    -29.732557    -10.490936      1.962000 
   222.446377    -29.722921    -10.427894      1.943000 
   222.446389    -29.713291    -10.364852      1.940000 
   222.446400    -29.703667    -10.301808      1.943000 
   222.446412    -29.694048    -10.238763      1.949000 
   222.446435    -29.684435    -10.175717      1.961000 
   222.446447    -29.674826    -10.112670      1.971000 
   222.446458    -29.665224    -10.049622      1.969000 
   222.446470    -29.655626     -9.986573      1.960000 
   222.446481    -29.646034     -9.923523      1.962000 
   222.446493    -29.636450     -9.860472      1.974000 
   222.446505    -29.626867     -9.797420      1.996000 
   222.446516    -29.617292     -9.734367      2.016000 
   222.446528    -29.607723     -9.671313      2.025000 
   222.446539    -29.598158     -9.608257      2.025000 
   222.446562    -29.588598     -9.545201      2.013000 
   222.446574    -29.579042     -9.482144      1.990000 
   222.446586    -29.569494     -9.419086      1.966000 
   222.446597    -29.559950     -9.356027      1.953000 
   222.446609    -29.550410     -9.292967      1.959000 
   222.446620    -29.540874     -9.229906      1.969000 
   222.446632    -29.531345     -9.166844      1.978000 
   222.446644    -29.521822     -9.103781      1.986000 
   222.446655    -29.512302     -9.040717      1.992000 
   222.446667    -29.502787     -8.977652      2.002000 
   222.446690    -29.493277     -8.914586      2.010000 
   222.446701    -29.483772     -8.851519      2.017000 
   222.446713    -29.474272     -8.788451      2.022000 
   222.446725    -29.464775     -8.725383      2.028000 
   222.446736    -29.455284     -8.662313      2.036000 
   222.446748    -29.445799     -8.599243      2.043000 
   222.446759    -29.436317     -8.536171      2.049000 
   222.446771    -29.426840     -8.473099      2.054000 
   222.446782    -29.417368     -8.410026      2.056000 
   222.446794    -29.407900     -8.346952      2.057000 
   222.446817    -29.398436     -8.283877      2.055000 
   222.446829    -29.388975     -8.220801      2.050000 
   222.446840    -29.379520     -8.157724      2.042000 
   222.446852    -29.370071     -8.094647      2.031000 
   222.446863    -29.360624     -8.031568      2.018000 
   223.446991    -31.997540     -9.163891      1.792000 
   223.447002    -31.988014     -9.100828      1.792000 
   223.447025    -31.978495     -9.037764      1.798000 
   223.447037    -31.968980     -8.974699      1.804000 
   223.447049    -31.959470     -8.911633      1.803000 
   223.447060    -31.949966     -8.848566      1.799000 
   223.447072    -31.940466     -8.785498      1.799000 
   223.447083    -31.930970     -8.722429      1.799000 
   223.447095    -31.921478     -8.659359      1.799000 
   223.447106    -31.911991     -8.596289      1.797000 
   223.447118    -31.902512     -8.533217      1.795000 
   223.447130    -31.893032     -8.470145      1.791000 
   223.447153    -31.883560     -8.407071      1.787000 
   223.447164    -31.874092     -8.343997      1.781000 
   223.447176    -31.864630     -8.280922      1.775000 
   223.447187    -31.855170     -8.217846      1.768000 
   223.447199    -31.845715     -8.154769      1.774000 
   223.447211    -31.836266     -8.091691      1.776000 
   223.447222    -31.826818     -8.028613      1.768000 
   228.916667    -30.072980     -8.012069      2.076000 
   228.916690    -30.063536     -8.075145      2.081000 
   228.916701    -30.054087     -8.138220      2.073000 
   228.916713    -30.044634     -8.201294      2.055000 
   228.916725    -30.035177     -8.264367      2.036000 
   228.916736    -30.025717     -8.327440      2.016000 
   228.916748    -30.016249     -8.390511      2.002000 
   228.916759    -30.006779     -8.453582      1.998000 
   228.916771    -29.997305     -8.516651      2.002000 
   228.916782    -29.987823     -8.579720      2.006000 
   228.916794    -29.978340     -8.642788      2.002000 
   228.916817    -29.968851     -8.705855      1.996000 
   228.916829    -29.959358     -8.768921      1.987000 
   228.916840    -29.949860     -8.831986      1.976000 
   228.916852    -29.940355     -8.895050      1.962000 
   228.916863    -29.930850     -8.958114      1.945000 
   228.916875    -29.921335     -9.021176      1.922000 
   228.916887    -29.911820     -9.084237      1.892000 
   228.916898    -29.902296     -9.147298      1.870000 
   228.916910    -29.892769     -9.210357      1.865000 
   228.916921    -29.883238     -9.273416      1.881000 
   228.916944    -29.873700     -9.336473      1.901000 
   228.916956    -29.864157     -9.399530      1.908000 
   228.916968    -29.854610     -9.462585      1.906000 
   228.916979    -29.845058     -9.525640      1.894000 
   228.916991    -29.835500     -9.588693      1.864000 
   228.917002    -29.825937     -9.651746      1.812000 
   228.917014    -29.816368     -9.714797      1.761000 
   228.917025    -29.806795     -9.777848      1.765000 
   228.917037    -29.797218     -9.840898      1.826000 
   228.917049    -29.787634     -9.903946      1.918000 
   228.917072    -29.778046     -9.966994      1.945000 
   228.917083    -29.768450    -10.030040      1.894000 
   228.917095    -29.758850    -10.093086      1.832000 
   228.917106    -29.749245    -10.156130      1.786000 
   228.917118    -29.739634    -10.219173      1.764000 
   228.917130    -29.730017    -10.282216      1.731000 
   228.917141    -29.720394    -10.345257      1.725000 
   228.917153    -29.710768    -10.408297      1.750000 
   228.917164    -29.701134    -10.471336      1.784000 
   228.917176    -29.691496    -10.534374      1.806000 
   228.917199    -29.681850    -10.597411      1.808000 
   228.917211    -29.672200    -10.660447      1.803000 
   228.917222    -29.662542    -10.723482      1.797000 
   228.917234    -29.652882    -10.786515      1.793000 
   228.917245    -29.643213    -10.849548      1.786000 
   228.917257    -29.633537    -10.912579      1.780000 
   228.917269    -29.623857    -10.975610      1.775000 
   228.917280    -29.614172    -11.038639      1.762000 
   228.917292    -29.604480    -11.101667      1.754000 
   228.917315    -29.594782    -11.164694      1.751000 
   228.917326    -29.585077    -11.227719      1.751000 
   228.917338    -29.575367    -11.290744      1.753000 
   228.917350    -29.565650    -11.353767      1.763000 
   228.917361    -29.555927    -11.416790      1.776000 
   228.917373    -29.546200    -11.479811      1.794000 
   228.917384    -29.536463    -11.542831      1.807000 
   228.917396    -29.526722    -11.605849      1.812000 
   228.917407    -29.516973    -11.668867      1.809000 
   228.917419    -29.507220    -11.731883      1.807000 
   228.917442    -29.497458    -11.794899      1.810000 
   228.917454    -29.487690    -11.857913      1.821000 
   228.917465    -29.477917    -11.920925      1.840000 
   228.917477    -29.468136    -11.983937      1.870000 
   229.917755    -31.993640    -11.599890      2.264000 
   229.917766    -31.983892    -11.662907      2.237000 
   229.917778    -31.974138    -11.725924      2.197000 
   229.917801    -31.964376    -11.788939      2.167000 
   229.917813    -31.954610    -11.851953      2.163000 
   229.917824    -31.944836    -11.914965      2.181000 
   229.917836    -31.935057    -11.977977      2.205000 
   232.378206    -28.735440    -11.987520      2.136000 
   232.378218    -28.725658    -11.924505      2.135000 
   232.378241    -28.715881    -11.861489      2.131000 
   232.378252    -28.706114    -11.798472      2.126000 
   232.378264    -28.696350    -11.735454      2.124000 
   232.378275    -28.686594    -11.672434      2.122000 
   232.378287    -28.676846    -11.609414      2.119000 
   232.378299    -28.667103    -11.546392      2.120000 
   232.378310    -28.657366    -11.483369      2.122000 
   232.378322    -28.647635    -11.420344      2.121000 
   232.378333    -28.637910    -11.357319      2.115000 
   232.378345    -28.628191    -11.294292      2.102000 
   232.378368    -28.618480    -11.231264      2.092000 
   232.378380    -28.608774    -11.168235      2.099000 
   232.378391    -28.599073    -11.105205      2.114000 
   232.378403    -28.589380    -11.042174      2.126000 
   232.378414    -28.579693    -10.979142      2.132000 
   232.378426    -28.570011    -10.916108      2.135000 
   232.378437    -28.560335    -10.853074      2.132000 
   232.378449    -28.550667    -10.790038      2.123000 
   232.378461    -28.541002    -10.727001      2.109000 
   232.378484    -28.531345    -10.663963      2.097000 
   232.378495    -28.521692    -10.600924      2.090000 
   232.378507    -28.512047    -10.537884      2.088000 
   232.378519    -28.502405    -10.474843      2.087000 
   232.378530    -28.492771    -10.411801      2.085000 
   232.378542    -28.483143    -10.348757      2.075000 
   232.378553    -28.473518    -10.285713      2.060000 
   232.378565    -28.463900    -10.222667      2.043000 
   232.378576    -28.454287    -10.159621      2.019000 
   232.378588    -28.444681    -10.096573      1.987000 
   232.378611    -28.435080    -10.033525      1.950000 
   232.378623    -28.425484     -9.970475      1.924000 
   232.378634    -28.415892     -9.907424      1.909000 
   232.378646    -28.406307     -9.844373      1.906000 
   232.378657    -28.396727     -9.781320      1.915000 
   232.378669    -28.387154     -9.718266      1.938000 
   232.378681    -28.377583     -9.655211      1.966000 
   232.378692    -28.368020     -9.592155      1.990000 
   232.378704    -28.358460     -9.529099      2.010000 
   232.378715    -28.348906     -9.466041      2.039000 
   232.378738    -28.339357     -9.402982      2.071000 
   232.378750    -28.329815     -9.339922      2.095000 
   232.378762    -28.320274     -9.276862      2.102000 
   232.378773    -28.310741     -9.213800      2.091000 
   232.378785    -28.301212     -9.150737      2.068000 
   232.378796    -28.291689     -9.087674      2.046000 
   232.378808    -28.282170     -9.024609      2.027000 
   232.378819    -28.272655     -8.961543      2.014000 
   232.378831    -28.263147     -8.898477      2.006000 
   232.378843    -28.253643     -8.835410      2.007000 
   232.378866    -28.244143     -8.772341      2.015000 
   232.378877    -28.234648     -8.709272      2.031000 
   232.378889    -28.225159     -8.646202      2.045000 
   232.378900    -28.215672     -8.583131      2.052000 
   232.378912    -28.206190     -8.520059      2.059000 
   232.378924    -28.196714     -8.456986      2.064000 
   232.378935    -28.187243     -8.393912      2.067000 
   232.378947    -28.177774     -8.330837      2.066000 
   232.378958    -28.168312     -8.267762      2.065000 
   232.378970    -28.158854     -8.204685      2.062000 
   232.378993    -28.149399     -8.141608      2.056000 
   232.379005    -28.139950     -8.078530      2.050000 
   232.379016    -28.130505     -8.015451      2.043000 
   233.378576    -31.196370    -11.951307      1.746000 
   233.378588    -31.186590    -11.888291      1.729000 
   233.378600    -31.176819    -11.825274      1.714000 
   233.378611    -31.167051    -11.762256      1.710000 
   233.378634    -31.157293    -11.699237      1.717000 
   233.378646    -31.147540    -11.636217      1.740000 
   233.378657    -31.137794    -11.573195      1.772000 
   233.378669    -31.128054    -11.510172      1.809000 
   233.378681    -31.118320    -11.447148      1.821000 
   233.378692    -31.108593    -11.384123      1.820000 
   233.378704    -31.098871    -11.321097      1.819000 
   233.378715    -31.089157    -11.258069      1.858000 
   233.378727    -31.079449    -11.195041      1.933000 
   233.378738    -31.069744    -11.132011      2.011000 
   233.378762    -31.060050    -11.068980      2.014000 
   233.378773    -31.050358    -11.005948      1.986000 
   233.378785    -31.040674    -10.942915      1.983000 
   233.378796    -31.030996    -10.879880      1.985000 
   233.378808    -31.021322    -10.816845      1.989000 
   233.378819    -31.011656    -10.753809      1.994000 
   233.378831    -31.001995    -10.690771      1.995000 
   233.378843    -30.992340    -10.627732      1.995000 
   233.378854    -30.982693    -10.564692      1.996000 
   233.378866    -30.973047    -10.501651      2.000000 
   233.378889    -30.963411    -10.438609      2.007000 
   233.378900    -30.953780    -10.375566      2.012000 
   233.378912    -30.944153    -10.312522      2.020000 
   233.378924    -30.934530    -10.249477      2.055000 
   233.378935    -30.924915    -10.186431      2.082000 
   233.378947    -30.915306    -10.123384      2.083000 
   233.378958    -30.905703    -10.060335      2.077000 
   233.378970    -30.896105     -9.997286      2.068000 
   233.378981    -30.886510     -9.934235      2.071000 
   233.378993    -30.876923     -9.871184      2.107000 
   233.379016    -30.867340     -9.808131      2.150000 
   233.379028    -30.857763     -9.745078      2.186000 
   233.379039    -30.848190     -9.682023      2.221000 
   233.379051    -30.838623     -9.618968      2.253000 
   233.379062    -30.829063     -9.555911      2.282000 
   233.379074    -30.819506     -9.492854      2.308000 
   233.379086    -30.809956     -9.429795      2.330000 
   233.379097    -30.800410     -9.366736      2.350000 
   233.379109    -30.790869     -9.303675      2.368000 
   233.379132    -30.781332     -9.240614      2.384000 
   233.379144    -30.771800     -9.177551      2.393000 
   233.379155    -30.762274     -9.114488      2.399000 
   233.379167    -30.752752     -9.051424      2.413000 
   233.379178    -30.743237     -8.988358      2.436000 
   233.379190    -30.733725     -8.925292      2.467000 
   233.379201    -30.724218     -8.862225      2.504000 
   233.379213    -30.714716     -8.799157      2.508000 
   233.379225    -30.705220     -8.736088      2.461000 
   233.379236    -30.695726     -8.673018      2.386000 
   233.379259    -30.686237     -8.609947      2.335000 
   233.379271    -30.676756     -8.546875      2.348000 
   233.379282    -30.667276     -8.483803      2.387000 
   233.379294    -30.657803     -8.420729      2.409000 
   233.379306    -30.648333     -8.357655      2.403000 
   233.379317    -30.638866     -8.294579      2.393000 
   233.379329    -30.629406     -8.231503      2.385000 
   233.379340    -30.619950     -8.168426      2.380000 
   233.379352    -30.610497     -8.105348      2.381000 
   233.379363    -30.601050     -8.042269      2.390000 
   238.848819    -28.838297     -8.057427      1.843000 
   238.848831    -28.828848     -8.120502      1.828000 
   238.848854    -28.819395     -8.183576      1.814000 
   238.848866    -28.809938     -8.246649      1.799000 
   238.848877    -28.800476     -8.309722      1.784000 
   238.848889    -28.791012     -8.372793      1.769000 
   238.848900    -28.781542     -8.435863      1.757000 
   238.848912    -28.772066     -8.498933      1.751000 
   238.848924    -28.762587     -8.562002      1.751000 
   238.848935    -28.753103     -8.625069      1.755000 
   238.848947    -28.743614     -8.688136      1.763000 
   238.848958    -28.734121     -8.751202      1.774000 
   238.848981    -28.724623     -8.814267      1.787000 
   238.848993    -28.715120     -8.877331      1.801000 
   238.849005    -28.705612     -8.940395      1.814000 
   238.849016    -28.696100     -9.003457      1.828000 
   238.849028    -28.686584     -9.066518      1.840000 
   238.849039    -28.677061     -9.129578      1.850000 
   238.849051    -28.667536     -9.192638      1.856000 
   238.849063    -28.658003     -9.255696      1.859000 
   238.849074    -28.648466     -9.318754      1.860000 
   238.849086    -28.638926     -9.381810      1.868000 
   238.849109    -28.629377     -9.444866      1.875000 
   238.849120    -28.619825     -9.507920      1.873000 
   238.849132    -28.610270     -9.570974      1.861000 
   238.849144    -28.600706     -9.634027      1.828000 
   238.849155    -28.591139     -9.697078      1.788000 
   238.849167    -28.581566     -9.760129      1.768000 
   238.849178    -28.571987     -9.823178      1.770000 
   238.849190    -28.562405     -9.886227      1.795000 
   238.849201    -28.552816     -9.949274      1.838000 
   238.849213    -28.543222    -10.012321      1.886000 
   238.849236    -28.533623    -10.075366      1.917000 
   238.849248    -28.524017    -10.138410      1.940000 
   238.849259    -28.514406    -10.201454      1.971000 
   238.849271    -28.504791    -10.264496      2.016000 
   238.849282    -28.495170    -10.327537      2.060000 
   238.849294    -28.485542    -10.390577      2.101000 
   238.849306    -28.475910    -10.453616      2.144000 
   238.849317    -28.466270    -10.516655      2.171000 
   238.849329    -28.456627    -10.579692      2.171000 
   238.849340    -28.446978    -10.642727      2.153000 
   238.849363    -28.437320    -10.705762      2.141000 
   238.849375    -28.427660    -10.768796      2.137000 
   238.849387    -28.417992    -10.831828      2.141000 
   238.849398    -28.408320    -10.894860      2.160000 
   238.849410    -28.398640    -10.957890      2.185000 
   238.849421    -28.388954    -11.020919      2.216000 
   238.849433    -28.379263    -11.083947      2.245000 
   238.849444    -28.369564    -11.146974      2.267000 
   238.849456    -28.359861    -11.210000      2.278000 
   238.849479    -28.350151    -11.273025      2.281000 
   238.849491    -28.340437    -11.336048      2.278000 
   238.849502    -28.330713    -11.399070      2.269000 
   238.849514    -28.320986    -11.462091      2.257000 
   238.849525    -28.311250    -11.525112      2.244000 
   238.849537    -28.301510    -11.588130      2.230000 
   238.849549    -28.291761    -11.651148      2.219000 
   238.849560    -28.282010    -11.714164      2.209000 
   238.849572    -28.272247    -11.777180      2.202000 
   238.849583    -28.262482    -11.840194      2.198000 
   238.849606    -28.252708    -11.903206      2.197000 
   238.849618    -28.242930    -11.966218      2.197000 
   239.849178    -31.308224     -8.029371      2.283000 
   239.849190    -31.298779     -8.092446      2.296000 
   239.849201    -31.289328     -8.155521      2.299000 
   239.849213    -31.279873     -8.218594      2.299000 
   239.849225    -31.270412     -8.281667      2.297000 
   239.849236    -31.260948     -8.344739      2.296000 
   239.849248    -31.251480     -8.407809      2.299000 
   239.849271    -31.242008     -8.470879      2.302000 
   239.849282    -31.232530     -8.533948      2.305000 
   239.849294    -31.223050     -8.597017      2.310000 
   239.849306    -31.213564     -8.660084      2.315000 
   239.849317    -31.204073     -8.723150      2.322000 
   239.849329    -31.194576     -8.786216      2.333000 
   239.849340    -31.185076     -8.849280      2.345000 
   239.849352    -31.175571     -8.912344      2.359000 
   239.849363    -31.166061     -8.975406      2.374000 
   239.849375    -31.156546     -9.038468      2.387000 
   239.849398    -31.147026     -9.101529      2.396000 
   239.849410    -31.137503     -9.164589      2.410000 
   239.849421    -31.127974     -9.227647      2.429000 
   239.849433    -31.118439     -9.290705      2.451000 
   239.849444    -31.108898     -9.353762      2.461000 
   239.849456    -31.099354     -9.416818      2.470000 
   239.849468    -31.089806     -9.479873      2.474000 
   239.849479    -31.080250     -9.542927      2.467000 
   239.849491    -31.070690     -9.605980      2.453000 
   239.849502    -31.061125     -9.669032      2.433000 
   239.849525    -31.051556     -9.732083      2.418000 
   239.849537    -31.041980     -9.795133      2.406000 
   239.849549    -31.032398     -9.858182      2.392000 
   239.849560    -31.022814     -9.921229      2.380000 
   239.849572    -31.013222     -9.984276      2.365000 
   239.849583    -31.003624    -10.047322      2.347000 
   239.849595    -30.994022    -10.110367      2.328000 
   239.849606    -30.984413    -10.173411      2.306000 
   239.849618    -30.974800    -10.236453      2.293000 
   239.849641    -30.965181    -10.299495      2.261000 
   239.849653    -30.955557    -10.362536      2.227000 
   239.849664    -30.945927    -10.425575      2.208000 
   239.849676    -30.936290    -10.488614      2.196000 
   239.849688    -30.926650    -10.551651      2.179000 
   239.849699    -30.917002    -10.614687      2.162000 
   239.849711    -30.907349    -10.677723      2.143000 
   239.849722    -30.897690    -10.740757      2.125000 
   239.849734    -30.888025    -10.803790      2.118000 
   239.849745    -30.878355    -10.866821      2.114000 
   239.849769    -30.868677    -10.929852      2.107000 
   239.849780    -30.858995    -10.992882      2.096000 
   239.849792    -30.849306    -11.055910      2.084000 
   239.849803    -30.839611    -11.118938      2.079000 
   239.849815    -30.829912    -11.181964      2.077000 
   239.849826    -30.820206    -11.244989      2.075000 
   239.849838    -30.810492    -11.308013      2.078000 
   239.849850    -30.800774    -11.371036      2.083000 
   239.849861    -30.791046    -11.434057      2.092000 
   239.849873    -30.781317    -11.497078      2.104000 
   239.849896    -30.771578    -11.560097      2.122000 
   239.849907    -30.761833    -11.623115      2.137000 
   239.849919    -30.752083    -11.686132      2.146000 
   239.849931    -30.742325    -11.749148      2.165000 
   239.849942    -30.732561    -11.812163      2.187000 
   239.849954    -30.722792    -11.875176      2.213000 
   239.849965    -30.713015    -11.938188      2.242000 
   243.310706    -29.973160    -11.998102      1.790000 
   243.310718    -29.963375    -11.935087      1.779000 
   243.310729    -29.953600    -11.872071      1.764000 
   243.310741    -29.943830    -11.809053      1.751000 
   243.310752    -29.934067    -11.746034      1.735000 
   243.310764    -29.924310    -11.683014      1.732000 
   243.310787    -29.914560    -11.619993      1.730000 
   243.310799    -29.904818    -11.556970      1.728000 
   243.310810    -29.895079    -11.493947      1.728000 
   243.310822    -29.885347    -11.430922      1.726000 
   243.310833    -29.875624    -11.367896      1.723000 
   243.310845    -29.865904    -11.304869      1.719000 
   243.310856    -29.856192    -11.241841      1.718000 
   243.310868    -29.846485    -11.178811      1.726000 
   243.310880    -29.836784    -11.115781      1.743000 
   243.310903    -29.827091    -11.052749      1.760000 
   243.310914    -29.817404    -10.989716      1.768000 
   243.310926    -29.807720    -10.926682      1.777000 
   243.310937    -29.798044    -10.863647      1.794000 
   243.310949    -29.788376    -10.800611      1.815000 
   243.310961    -29.778710    -10.737573      1.832000 
   243.310972    -29.769053    -10.674535      1.847000 
   243.310984    -29.759400    -10.611495      1.862000 
   243.310995    -29.749754    -10.548455      1.875000 
   243.311007    -29.740112    -10.485413      1.888000 
   243.311030    -29.730476    -10.422371      1.901000 
   243.311042    -29.720846    -10.359327      1.922000 
   243.311053    -29.711222    -10.296282      1.933000 
   243.311065    -29.701605    -10.233236      1.927000 
   243.311076    -29.691992    -10.170189      1.902000 
   243.311088    -29.682384    -10.107141      1.895000 
   243.311100    -29.672783    -10.044091      1.929000 
   243.311111    -29.663185     -9.981041      1.995000 
   243.311123    -29.653593     -9.917990      2.022000 
   243.311134    -29.644009     -9.854938      1.988000 
   243.311157    -29.634428     -9.791885      1.948000 
   243.311169    -29.624853     -9.728831      1.904000 
   243.311181    -29.615282     -9.665775      1.895000 
   243.311192    -29.605719     -9.602719      1.927000 
   243.311204    -29.596159     -9.539662      1.999000 
   243.311215    -29.586605     -9.476603      2.075000 
   243.311227    -29.577057     -9.413544      2.092000 
   243.311238    -29.567513     -9.350484      2.049000 
   243.311250    -29.557974     -9.287423      1.988000 
   243.311262    -29.548439     -9.224360      1.954000 
   243.311285    -29.538910     -9.161297      1.958000 
   243.311296    -29.529387     -9.098233      1.994000 
   243.311308    -29.519867     -9.035168      2.032000 
   243.311319    -29.510351     -8.972102      2.058000 
   243.311331    -29.500843     -8.909035      2.063000 
   243.311343    -29.491339     -8.845967      2.045000 
   243.311354    -29.481838     -8.782899      2.047000 
   243.311366    -29.472343     -8.719829      2.007000 
   243.311377    -29.462852     -8.656758      1.943000 
   243.311389    -29.453365     -8.593687      1.906000 
   243.311412    -29.443886     -8.530614      1.921000 
   243.311424    -29.434408     -8.467541      1.970000 
   243.311435    -29.424936     -8.404466      1.989000 
   243.311447    -29.415468     -8.341391      1.973000 
   243.311458    -29.406006     -8.278315      1.942000 
   243.311470    -29.396545     -8.215238      1.910000 
   243.311481    -29.387093     -8.152161      1.877000 
   243.311493    -29.377642     -8.089082      1.849000 
   243.311505    -29.368196     -8.026002      1.840000 
   244.311644    -31.997711     -9.114957      2.101000 
   244.311655    -31.988192     -9.051892      2.085000 
   244.311678    -31.978676     -8.988826      2.066000 
   244.311690    -31.969164     -8.925759      2.048000 
   244.311701    -31.959658     -8.862691      2.034000 
   244.311713    -31.950157     -8.799623      2.023000 
   244.311725    -31.940660     -8.736553      2.017000 
   244.311736    -31.931170     -8.673482      2.015000 
   244.311748    -31.921680     -8.610411      2.014000 
   244.311759    -31.912199     -8.547339      2.015000 
   244.311771    -31.902721     -8.484265      2.014000 
   244.311794    -31.893248     -8.421191      2.009000 
   244.311806    -31.883778     -8.358116      2.000000 
   244.311817    -31.874313     -8.295040      1.997000 
   244.311829    -31.864855     -8.231963      1.992000 
   244.311840    -31.855398     -8.168886      1.985000 
   244.311852    -31.845947     -8.105807      1.976000 
   244.311863    -31.836500     -8.042728      1.966000 
