    30.654294    -30.529778     -3.056333      1.720000 
    30.654306    -30.535734     -3.113695      1.725000 
    30.654306    -30.541695     -3.171057      1.727000 
    30.654317    -30.547653     -3.228419      1.724000 
    30.654329    -30.553612     -3.285781      1.689000 
    30.654340    -30.559570     -3.343142      1.652000 
    30.654352    -30.565530     -3.400503      1.662000 
    30.654363    -30.571490     -3.457864      1.700000 
    30.654375    -30.577450     -3.515225      1.751000 
    30.654387    -30.583410     -3.572585      1.769000 
    30.654398    -30.589370     -3.629945      1.740000 
    30.654410    -30.595331     -3.687305      1.682000 
    30.654421    -30.601294     -3.744665      1.625000 
    30.654433    -30.607254     -3.802025      1.589000 
    30.654444    -30.613216     -3.859384      1.581000 
    30.654456    -30.619177     -3.916743      1.596000 
    30.654468    -30.625140     -3.974102      1.620000 
    30.654479    -30.631102     -4.031460      1.631000 
    30.654491    -30.637064     -4.088819      1.635000 
    30.654491    -30.643026     -4.146177      1.647000 
    30.654502    -30.648990     -4.203535      1.652000 
    30.654514    -30.654955     -4.260892      1.652000 
    30.654525    -30.660917     -4.318250      1.647000 
    30.654537    -30.666882     -4.375607      1.639000 
    30.654549    -30.672846     -4.432964      1.628000 
    30.654560    -30.678810     -4.490320      1.615000 
    30.654572    -30.684774     -4.547677      1.603000 
    30.654583    -30.690740     -4.605033      1.589000 
    30.654595    -30.696707     -4.662389      1.577000 
    30.654606    -30.702671     -4.719744      1.564000 
    30.654618    -30.708637     -4.777100      1.552000 
    30.654630    -30.714605     -4.834455      1.541000 
    30.654641    -30.720572     -4.891810      1.530000 
    30.654653    -30.726540     -4.949164      1.520000 
    30.654664    -30.732506     -5.006519      1.512000 
    30.654676    -30.738474     -5.063873      1.509000 
    30.654687    -30.744444     -5.121226      1.508000 
    30.654687    -30.750410     -5.178580      1.509000 
    30.654699    -30.756380     -5.235933      1.510000 
    30.654711    -30.762348     -5.293286      1.511000 
    30.654722    -30.768318     -5.350639      1.510000 
    30.654734    -30.774288     -5.407991      1.510000 
    30.654745    -30.780260     -5.465343      1.511000 
    30.654757    -30.786230     -5.522695      1.515000 
    30.654769    -30.792202     -5.580047      1.527000 
    30.654780    -30.798174     -5.637398      1.547000 
    30.654792    -30.804146     -5.694749      1.562000 
    30.654803    -30.810118     -5.752100      1.572000 
    30.654815    -30.816092     -5.809450      1.578000 
    30.654826    -30.822063     -5.866800      1.586000 
    30.654838    -30.828037     -5.924150      1.594000 
    30.654850    -30.834011     -5.981500      1.605000 
    30.654861    -30.839987     -6.038849      1.613000 
    30.654873    -30.845960     -6.096198      1.614000 
    30.654884    -30.851936     -6.153547      1.611000 
    30.654884    -30.857912     -6.210895      1.604000 
    30.654896    -30.863888     -6.268244      1.595000 
    30.654907    -30.869864     -6.325591      1.585000 
    30.654919    -30.875841     -6.382939      1.567000 
    30.654931    -30.881819     -6.440286      1.541000 
    30.654942    -30.887796     -6.497633      1.522000 
    30.654954    -30.893776     -6.554980      1.515000 
    30.654965    -30.899754     -6.612326      1.505000 
    30.654977    -30.905733     -6.669672      1.486000 
    30.654988    -30.911713     -6.727018      1.467000 
    30.655000    -30.917692     -6.784363      1.457000 
    30.655012    -30.923674     -6.841708      1.459000 
    30.655023    -30.929655     -6.899053      1.466000 
    30.655035    -30.935637     -6.956398      1.470000 
    32.652963    -31.541330     -3.046473      1.913000 
    32.652975    -31.547289     -3.103837      1.883000 
    32.652986    -31.553247     -3.161200      1.875000 
    32.652998    -31.559206     -3.218564      1.897000 
    32.653009    -31.565165     -3.275927      1.937000 
    32.653021    -31.571123     -3.333290      1.968000 
    32.653032    -31.577084     -3.390653      1.975000 
    32.653044    -31.583042     -3.448015      1.966000 
    32.653056    -31.589003     -3.505377      1.953000 
    32.653067    -31.594961     -3.562740      1.953000 
    32.653079    -31.600922     -3.620101      1.956000 
    32.653090    -31.606882     -3.677463      1.960000 
    32.653102    -31.612843     -3.734824      1.965000 
    32.653113    -31.618805     -3.792185      1.970000 
    32.653125    -31.624765     -3.849546      1.976000 
    32.653125    -31.630726     -3.906907      1.981000 
    32.653137    -31.636688     -3.964268      1.986000 
    32.653148    -31.642650     -4.021628      1.991000 
    32.653160    -31.648611     -4.078988      1.994000 
    32.653171    -31.654573     -4.136347      1.997000 
    32.653183    -31.660538     -4.193707      1.998000 
    32.653194    -31.666500     -4.251066      1.998000 
    32.653206    -31.672462     -4.308425      1.996000 
    32.653218    -31.678427     -4.365784      1.992000 
    32.653229    -31.684391     -4.423142      1.988000 
    32.653241    -31.690355     -4.480501      1.981000 
    32.653252    -31.696320     -4.537859      1.974000 
    32.653264    -31.702286     -4.595216      1.965000 
    32.653275    -31.708250     -4.652574      1.957000 
    32.653287    -31.714214     -4.709931      1.949000 
    32.653299    -31.720180     -4.767288      1.944000 
    32.653310    -31.726147     -4.824645      1.941000 
    32.653322    -31.732115     -4.882001      1.935000 
    32.653322    -31.738081     -4.939357      1.918000 
    32.653333    -31.744047     -4.996713      1.890000 
    32.653345    -31.750015     -5.054069      1.879000 
    32.653356    -31.755983     -5.111424      1.900000 
    32.653368    -31.761951     -5.168779      1.947000 
    32.653380    -31.767920     -5.226134      1.994000 
    32.653391    -31.773890     -5.283489      2.014000 
    32.653403    -31.779858     -5.340843      1.998000 
    32.653414    -31.785828     -5.398197      1.954000 
    32.653426    -31.791798     -5.455551      1.899000 
    32.653438    -31.797768     -5.512904      1.863000 
    32.653449    -31.803740     -5.570257      1.860000 
    32.653461    -31.809710     -5.627610      1.892000 
    32.653472    -31.815681     -5.684963      1.940000 
    32.653484    -31.821653     -5.742315      1.969000 
    32.653495    -31.827625     -5.799667      1.978000 
    32.653507    -31.833600     -5.857019      1.974000 
    32.653507    -31.839573     -5.914370      1.964000 
    32.653519    -31.845547     -5.971721      1.952000 
    32.653530    -31.851520     -6.029072      1.943000 
    32.653542    -31.857494     -6.086423      1.931000 
    32.653553    -31.863468     -6.143773      1.918000 
    32.653565    -31.869444     -6.201123      1.900000 
    32.653576    -31.875420     -6.258473      1.878000 
    32.653588    -31.881395     -6.315822      1.853000 
    32.653600    -31.887373     -6.373171      1.825000 
    32.653611    -31.893350     -6.430520      1.798000 
    32.653623    -31.899326     -6.487868      1.772000 
    32.653634    -31.905306     -6.545217      1.742000 
    32.653646    -31.911283     -6.602565      1.722000 
    32.653657    -31.917263     -6.659912      1.714000 
    32.653669    -31.923243     -6.717259      1.708000 
    32.653681    -31.929222     -6.774606      1.696000 
    32.653692    -31.935202     -6.831953      1.687000 
    32.653704    -31.947165     -6.946645      1.687000 
    32.653704    -31.941183     -6.889299      1.686000 
    40.128912    -28.091354     -6.980416      1.760000 
    40.128924    -28.097336     -6.923102      1.766000 
    40.128935    -28.103315     -6.865788      1.773000 
    40.128935    -28.109295     -6.808474      1.779000 
    40.128947    -28.115274     -6.751159      1.782000 
    40.128958    -28.121252     -6.693844      1.778000 
    40.128970    -28.127232     -6.636529      1.769000 
    40.128981    -28.133210     -6.579213      1.766000 
    40.128993    -28.139187     -6.521897      1.775000 
    40.129005    -28.145164     -6.464581      1.784000 
    40.129016    -28.151140     -6.407265      1.790000 
    40.129028    -28.157118     -6.349948      1.795000 
    40.129039    -28.163092     -6.292631      1.800000 
    40.129051    -28.169067     -6.235313      1.806000 
    40.129062    -28.175041     -6.177995      1.813000 
    40.129074    -28.181017     -6.120677      1.819000 
    40.129086    -28.186990     -6.063359      1.826000 
    40.129097    -28.192965     -6.006040      1.833000 
    40.129109    -28.198936     -5.948721      1.839000 
    40.129120    -28.204910     -5.891402      1.844000 
    40.129132    -28.210882     -5.834082      1.849000 
    40.129132    -28.216854     -5.776762      1.855000 
    40.129144    -28.222824     -5.719442      1.863000 
    40.129155    -28.228796     -5.662122      1.865000 
    40.129167    -28.234768     -5.604801      1.862000 
    40.129178    -28.240738     -5.547480      1.856000 
    40.129190    -28.246708     -5.490158      1.849000 
    40.129201    -28.252676     -5.432837      1.847000 
    40.129213    -28.258644     -5.375515      1.847000 
    40.129225    -28.264614     -5.318193      1.847000 
    40.129236    -28.270582     -5.260870      1.844000 
    40.129248    -28.276550     -5.203547      1.840000 
    40.129259    -28.282518     -5.146224      1.835000 
    40.129271    -28.288485     -5.088901      1.830000 
    40.129282    -28.294453     -5.031577      1.827000 
    40.129294    -28.300419     -4.974254      1.817000 
    40.129306    -28.306385     -4.916929      1.801000 
    40.129317    -28.312351     -4.859605      1.785000 
    40.129317    -28.318316     -4.802280      1.773000 
    40.129329    -28.324282     -4.744955      1.761000 
    40.129340    -28.330246     -4.687630      1.748000 
    40.129352    -28.336210     -4.630305      1.744000 
    40.129363    -28.342175     -4.572979      1.754000 
    40.129375    -28.348139     -4.515653      1.780000 
    40.129387    -28.354103     -4.458327      1.813000 
    40.129398    -28.360065     -4.401000      1.836000 
    40.129410    -28.366030     -4.343673      1.831000 
    40.129421    -28.371992     -4.286346      1.795000 
    40.129433    -28.377954     -4.229019      1.748000 
    40.129444    -28.383917     -4.171691      1.724000 
    40.129456    -28.389877     -4.114363      1.731000 
    40.129468    -28.395840     -4.057035      1.772000 
    40.129479    -28.401800     -3.999707      1.825000 
    40.129491    -28.407763     -3.942379      1.855000 
    40.129502    -28.413723     -3.885050      1.852000 
    40.129514    -28.419683     -3.827721      1.832000 
    40.129514    -28.425644     -3.770391      1.818000 
    40.129525    -28.431602     -3.713062      1.814000 
    40.129537    -28.437563     -3.655732      1.814000 
    40.129549    -28.443523     -3.598402      1.815000 
    40.129560    -28.449482     -3.541072      1.815000 
    40.129572    -28.455440     -3.483741      1.815000 
    40.129583    -28.461400     -3.426411      1.815000 
    40.129595    -28.467358     -3.369080      1.813000 
    40.129606    -28.473316     -3.311748      1.809000 
    40.129618    -28.479275     -3.254417      1.803000 
    40.129630    -28.485231     -3.197085      1.799000 
    40.129641    -28.491188     -3.139753      1.800000 
    40.129653    -28.497147     -3.082421      1.806000 
    40.129664    -28.503103     -3.025089      1.813000 
    42.127581    -29.103819     -6.957095      2.040000 
    42.127593    -29.109798     -6.899782      2.043000 
    42.127604    -29.115780     -6.842468      2.021000 
    42.127616    -29.121760     -6.785154      2.015000 
    42.127627    -29.127740     -6.727840      2.030000 
    42.127639    -29.133718     -6.670525      2.058000 
    42.127650    -29.139698     -6.613210      2.089000 
    42.127662    -29.145676     -6.555895      2.116000 
    42.127674    -29.151653     -6.498579      2.140000 
    42.127685    -29.157630     -6.441264      2.158000 
    42.127697    -29.163609     -6.383947      2.172000 
    42.127708    -29.169584     -6.326631      2.182000 
    42.127720    -29.175562     -6.269314      2.190000 
    42.127731    -29.181536     -6.211997      2.196000 
    42.127743    -29.187511     -6.154680      2.202000 
    42.127755    -29.193485     -6.097362      2.204000 
    42.127755    -29.199461     -6.040044      2.201000 
    42.127766    -29.205435     -5.982726      2.197000 
    42.127778    -29.211409     -5.925407      2.193000 
    42.127789    -29.217380     -5.868088      2.189000 
    42.127801    -29.223354     -5.810769      2.186000 
    42.127812    -29.229326     -5.753449      2.183000 
    42.127824    -29.235298     -5.696130      2.182000 
    42.127836    -29.241268     -5.638810      2.182000 
    42.127847    -29.247240     -5.581489      2.183000 
    42.127859    -29.253210     -5.524168      2.184000 
    42.127870    -29.259180     -5.466847      2.184000 
    42.127882    -29.265150     -5.409526      2.181000 
    42.127894    -29.271120     -5.352205      2.171000 
    42.127905    -29.277090     -5.294883      2.177000 
    42.127917    -29.283058     -5.237561      2.180000 
    42.127928    -29.289026     -5.180238      2.173000 
    42.127940    -29.294994     -5.122916      2.148000 
    42.127951    -29.300962     -5.065593      2.121000 
    42.127951    -29.306930     -5.008269      2.143000 
    42.128032    -29.348694     -4.606999      2.240000 
    42.128044    -29.354658     -4.549674      2.298000 
    42.128056    -29.360622     -4.492348      2.337000 
    42.128067    -29.366587     -4.435022      2.342000 
    42.128079    -29.372550     -4.377696      2.297000 
    42.128090    -29.378513     -4.320369      2.210000 
    42.128102    -29.384476     -4.263043      2.111000 
    42.128113    -29.390438     -4.205716      2.018000 
    42.128125    -29.396402     -4.148388      1.950000 
    42.128137    -29.402365     -4.091061      1.976000 
    42.128148    -29.408325     -4.033733      2.034000 
    42.128148    -29.414288     -3.976405      2.026000 
    42.128160    -29.420250     -3.919077      1.953000 
    42.128171    -29.426210     -3.861749      1.862000 
    42.128183    -29.432173     -3.804420      1.819000 
    42.128194    -29.438133     -3.747091      1.803000 
    42.128206    -29.444094     -3.689762      1.792000 
    42.128218    -29.450052     -3.632432      1.786000 
    42.128229    -29.456013     -3.575102      1.778000 
    42.128252    -29.467932     -3.460442      1.769000 
    42.128264    -29.473892     -3.403112      1.758000 
    42.128275    -29.479850     -3.345781      1.780000 
    42.128287    -29.485810     -3.288450      1.761000 
    42.128299    -29.491768     -3.231119      1.722000 
    42.128310    -29.497726     -3.173788      1.688000 
    42.128322    -29.503683     -3.116456      1.719000 
    42.128333    -29.509642     -3.059125      1.748000 
    42.128345    -29.515600     -3.001793      1.754000 
    44.126273    -30.119762     -6.951224      1.514000 
    44.126285    -30.125744     -6.893911      1.516000 
    44.126296    -30.131725     -6.836597      1.515000 
    44.126308    -30.137705     -6.779284      1.513000 
    44.126319    -30.143684     -6.721970      1.511000 
    44.126331    -30.149666     -6.664656      1.507000 
    44.126343    -30.155643     -6.607341      1.505000 
    44.126354    -30.161621     -6.550026      1.499000 
    44.126366    -30.167600     -6.492711      1.495000 
    44.126377    -30.173578     -6.435396      1.499000 
    44.126389    -30.179556     -6.378080      1.521000 
    44.126389    -30.185532     -6.320764      1.554000 
    44.126400    -30.191507     -6.263447      1.584000 
    44.126412    -30.197483     -6.206131      1.579000 
    44.126424    -30.203459     -6.148814      1.568000 
    44.126435    -30.209435     -6.091496      1.569000 
    44.126447    -30.215408     -6.034179      1.571000 
    44.126458    -30.221382     -5.976861      1.576000 
    44.126470    -30.227356     -5.919543      1.583000 
    44.126481    -30.233330     -5.862224      1.591000 
    44.126493    -30.239302     -5.804905      1.600000 
    44.126505    -30.245275     -5.747586      1.613000 
    44.126516    -30.251247     -5.690267      1.626000 
    44.126528    -30.257217     -5.632947      1.638000 
    44.126539    -30.263190     -5.575627      1.645000 
    44.126551    -30.269161     -5.518307      1.645000 
    44.126563    -30.275131     -5.460986      1.642000 
    44.126574    -30.281101     -5.403665      1.637000 
    44.126586    -30.287071     -5.346344      1.636000 
    44.126586    -30.293040     -5.289022      1.639000 
    44.126597    -30.299010     -5.231701      1.645000 
    44.126609    -30.304977     -5.174379      1.655000 
    44.126620    -30.310946     -5.117056      1.665000 
    44.126632    -30.316914     -5.059734      1.673000 
    44.126644    -30.322882     -5.002411      1.683000 
    44.126655    -30.328850     -4.945088      1.695000 
    44.126667    -30.334816     -4.887764      1.706000 
    44.126678    -30.340782     -4.830441      1.717000 
    44.126690    -30.346748     -4.773117      1.727000 
    44.126701    -30.352715     -4.715792      1.736000 
    44.126713    -30.358680     -4.658468      1.748000 
    44.126725    -30.364645     -4.601143      1.752000 
    44.126736    -30.370610     -4.543818      1.752000 
    44.126748    -30.376575     -4.486493      1.750000 
    44.126759    -30.382540     -4.429167      1.754000 
    44.126771    -30.388502     -4.371841      1.760000 
    44.126782    -30.394466     -4.314515      1.763000 
    44.126782    -30.400430     -4.257188      1.762000 
    44.126794    -30.406393     -4.199862      1.755000 
    44.126806    -30.412355     -4.142535      1.752000 
    44.126817    -30.418320     -4.085208      1.747000 
    44.126829    -30.424280     -4.027880      1.747000 
    44.126840    -30.430243     -3.970553      1.728000 
    44.126852    -30.436205     -3.913225      1.740000 
    44.126863    -30.442165     -3.855896      1.744000 
    44.126875    -30.448128     -3.798568      1.746000 
    44.126887    -30.454088     -3.741239      1.750000 
    44.126898    -30.460049     -3.683911      1.756000 
    44.126910    -30.466010     -3.626581      1.762000 
    44.126921    -30.471970     -3.569252      1.768000 
    44.126933    -30.477928     -3.511923      1.774000 
    44.126944    -30.483889     -3.454593      1.780000 
    44.126956    -30.489847     -3.397263      1.785000 
    44.126968    -30.495808     -3.339932      1.791000 
    44.126968    -30.501766     -3.282602      1.782000 
    44.126979    -30.507725     -3.225271      1.788000 
    44.126991    -30.513683     -3.167940      1.795000 
    44.127002    -30.519642     -3.110609      1.807000 
    44.127014    -30.525600     -3.053277      1.811000 
    46.124954    -31.130379     -6.986730      1.831000 
    46.124965    -31.136358     -6.929417      1.808000 
    46.124977    -31.142340     -6.872105      1.801000 
    46.124988    -31.148321     -6.814791      1.811000 
    46.125000    -31.154300     -6.757478      1.802000 
    46.125012    -31.160280     -6.700164      1.793000 
    46.125023    -31.166260     -6.642850      1.793000 
    46.125023    -31.172237     -6.585535      1.797000 
    46.125035    -31.178217     -6.528221      1.798000 
    46.125046    -31.184193     -6.470906      1.819000 
    46.125058    -31.190170     -6.413590      1.817000 
    46.125069    -31.196148     -6.356274      1.803000 
    46.125081    -31.202124     -6.298958      1.798000 
    46.125093    -31.208100     -6.241642      1.793000 
    46.125104    -31.214075     -6.184325      1.799000 
    46.125116    -31.220050     -6.127008      1.816000 
    46.125127    -31.226025     -6.069691      1.826000 
    46.125139    -31.231998     -6.012374      1.816000 
    46.125150    -31.237972     -5.955056      1.801000 
    46.125162    -31.243946     -5.897738      1.781000 
    46.125174    -31.249920     -5.840419      1.770000 
    46.125185    -31.255892     -5.783100      1.761000 
    46.125197    -31.261864     -5.725781      1.754000 
    46.125208    -31.267836     -5.668462      1.748000 
    46.125220    -31.273806     -5.611142      1.741000 
    46.125220    -31.279778     -5.553822      1.734000 
    46.125231    -31.285748     -5.496502      1.736000 
    46.125243    -31.291718     -5.439181      1.737000 
    46.125255    -31.297688     -5.381860      1.738000 
    46.125266    -31.303658     -5.324539      1.733000 
    46.125278    -31.309626     -5.267218      1.731000 
    46.125289    -31.315596     -5.209896      1.718000 
    46.125301    -31.321564     -5.152574      1.717000 
    46.125313    -31.327532     -5.095252      1.718000 
    46.125324    -31.333500     -5.037929      1.724000 
    46.125336    -31.339466     -4.980607      1.731000 
    46.125347    -31.345432     -4.923284      1.733000 
    46.125359    -31.351398     -4.865960      1.729000 
    46.125370    -31.357367     -4.808637      1.728000 
    46.125382    -31.363330     -4.751313      1.731000 
    46.125394    -31.369297     -4.693988      1.735000 
    46.125405    -31.375261     -4.636664      1.740000 
    46.125417    -31.381227     -4.579339      1.745000 
    46.125417    -31.387192     -4.522014      1.750000 
    46.125428    -31.393156     -4.464689      1.756000 
    46.125440    -31.399120     -4.407363      1.762000 
    46.125451    -31.405085     -4.350038      1.768000 
    46.125463    -31.411047     -4.292711      1.776000 
    46.125475    -31.417010     -4.235385      1.782000 
    46.125486    -31.422974     -4.178058      1.787000 
    46.125498    -31.428936     -4.120732      1.791000 
    46.125509    -31.434898     -4.063404      1.794000 
    46.125521    -31.440860     -4.006077      1.795000 
    46.125532    -31.446821     -3.948749      1.794000 
    46.125544    -31.452784     -3.891421      1.791000 
    46.125556    -31.458744     -3.834093      1.786000 
    46.125567    -31.464705     -3.776765      1.779000 
    46.125579    -31.470665     -3.719436      1.775000 
    46.125590    -31.476625     -3.662107      1.772000 
    46.125602    -31.482586     -3.604778      1.771000 
    46.125602    -31.488546     -3.547449      1.771000 
    46.125613    -31.494505     -3.490119      1.774000 
    46.125625    -31.500465     -3.432789      1.776000 
    46.125637    -31.506424     -3.375459      1.779000 
    46.125648    -31.512383     -3.318129      1.781000 
    46.125660    -31.518341     -3.260798      1.787000 
    46.125671    -31.524300     -3.203467      1.790000 
    46.125683    -31.530258     -3.146136      1.780000 
    46.125694    -31.536217     -3.088805      1.769000 
    46.125706    -31.542173     -3.031473      1.766000 
    49.607812    -28.004847     -5.897212      2.659000 
    49.607812    -28.010818     -5.954565      2.654000 
    49.607824    -28.016792     -6.011917      2.652000 
    49.607836    -28.022766     -6.069269      2.656000 
    49.607847    -28.028742     -6.126621      2.619000 
    49.607859    -28.034718     -6.183972      2.564000 
    49.607870    -28.040691     -6.241323      2.509000 
    49.607882    -28.046667     -6.298673      2.469000 
    49.607894    -28.052645     -6.356024      2.448000 
    49.607905    -28.058622     -6.413374      2.470000 
    49.607917    -28.064598     -6.470724      2.534000 
    49.607928    -28.070578     -6.528073      2.615000 
    49.607940    -28.076555     -6.585422      2.655000 
    49.607951    -28.082535     -6.642771      2.636000 
    49.607963    -28.088512     -6.700119      2.584000 
    49.607975    -28.094492     -6.757467      2.551000 
    49.607986    -28.100473     -6.814815      2.558000 
    49.607998    -28.106453     -6.872163      2.601000 
    49.608009    -28.112434     -6.929510      2.646000 
    49.608009    -28.118416     -6.986856      2.659000 
    51.605938    -28.718752     -3.044688      2.561000 
    51.605949    -28.724709     -3.102054      2.571000 
    51.605961    -28.730667     -3.159419      2.581000 
    51.605972    -28.736626     -3.216784      2.588000 
    51.605984    -28.742584     -3.274149      2.593000 
    51.605995    -28.748543     -3.331513      2.596000 
    51.606007    -28.754501     -3.388878      2.595000 
    51.606019    -28.760462     -3.446242      2.594000 
    51.606030    -28.766420     -3.503606      2.592000 
    51.606042    -28.772380     -3.560969      2.591000 
    51.606065    -28.790260     -3.733058      2.455000 
    51.606076    -28.796220     -3.790421      2.457000 
    51.606088    -28.802181     -3.847783      2.474000 
    51.606100    -28.808144     -3.905145      2.487000 
    51.606111    -28.814104     -3.962507      2.471000 
    51.606123    -28.820066     -4.019868      2.447000 
    51.606134    -28.826029     -4.077230      2.416000 
    51.606146    -28.831991     -4.134591      2.420000 
    51.606157    -28.837954     -4.191952      2.423000 
    51.606169    -28.843916     -4.249312      2.431000 
    51.606181    -28.849878     -4.306672      2.446000 
    51.606192    -28.855843     -4.364032      2.450000 
    51.606204    -28.861807     -4.421392      2.445000 
    51.606215    -28.867770     -4.478751      2.434000 
    51.606227    -28.873735     -4.536111      2.419000 
    51.606238    -28.879700     -4.593470      2.408000 
    51.606250    -28.885664     -4.650828      2.396000 
    51.606250    -28.891628     -4.708187      2.384000 
    51.606262    -28.897594     -4.765545      2.374000 
    51.606273    -28.903560     -4.822902      2.369000 
    51.606285    -28.909527     -4.880260      2.373000 
    51.606296    -28.915495     -4.937617      2.381000 
    51.606308    -28.921461     -4.994974      2.380000 
    51.606319    -28.927427     -5.052331      2.370000 
    51.606331    -28.933395     -5.109687      2.362000 
    51.606343    -28.939363     -5.167043      2.362000 
    51.606354    -28.945332     -5.224399      2.373000 
    51.606366    -28.951302     -5.281755      2.394000 
    51.606377    -28.957270     -5.339110      2.419000 
    51.606389    -28.963240     -5.396465      2.438000 
    51.606400    -28.969210     -5.453819      2.449000 
    51.606412    -28.975180     -5.511174      2.466000 
    51.606424    -28.981150     -5.568528      2.454000 
    51.606435    -28.987122     -5.625882      2.435000 
    51.606447    -28.993092     -5.683235      2.436000 
    51.606447    -28.999063     -5.740588      2.426000 
    51.606458    -29.005035     -5.797941      2.416000 
    51.606470    -29.011007     -5.855294      2.405000 
    51.606481    -29.016981     -5.912646      2.400000 
    51.606493    -29.022955     -5.969998      2.408000 
    51.606505    -29.028929     -6.027349      2.422000 
    51.606516    -29.034903     -6.084701      2.426000 
    51.606528    -29.040876     -6.142052      2.427000 
    51.606539    -29.046852     -6.199402      2.422000 
    51.606551    -29.052828     -6.256753      2.408000 
    51.606563    -29.058804     -6.314103      2.396000 
    51.606574    -29.064780     -6.371452      2.397000 
    51.606586    -29.070757     -6.428802      2.410000 
    51.606597    -29.076735     -6.486151      2.431000 
    51.606609    -29.082712     -6.543500      2.469000 
    51.606620    -29.088690     -6.600848      2.516000 
    51.606632    -29.094670     -6.658196      2.543000 
    51.606644    -29.100649     -6.715544      2.528000 
    51.606644    -29.106627     -6.772891      2.489000 
    51.606655    -29.112606     -6.830239      2.457000 
    51.606667    -29.118587     -6.887585      2.427000 
    51.606678    -29.124569     -6.944932      2.393000 
    53.604606    -29.725376     -3.016747      2.375000 
    53.604618    -29.731335     -3.074111      2.410000 
    53.604630    -29.737291     -3.131476      2.453000 
    53.604641    -29.743252     -3.188841      2.522000 
    53.604653    -29.749208     -3.246205      2.528000 
    53.604664    -29.755169     -3.303569      2.307000 
    53.604676    -29.761127     -3.360933      2.090000 
    53.604688    -29.767086     -3.418296      2.137000 
    53.604699    -29.779005     -3.533022      2.236000 
    53.604711    -29.784966     -3.590385      2.187000 
    53.604722    -29.790926     -3.647748      2.100000 
    53.604734    -29.796886     -3.705110      2.129000 
    53.604745    -29.802847     -3.762472      2.184000 
    53.604757    -29.808807     -3.819834      2.174000 
    53.604769    -29.814770     -3.877195      2.157000 
    53.604780    -29.820730     -3.934556      2.165000 
    53.604792    -29.826693     -3.991917      2.205000 
    53.604803    -29.832655     -4.049278      2.242000 
    53.604815    -29.838617     -4.106639      2.265000 
    53.604826    -29.844580     -4.163999      2.279000 
    53.604838    -29.850542     -4.221359      2.292000 
    53.604850    -29.856504     -4.278718      2.302000 
    53.604861    -29.862469     -4.336078      2.313000 
    53.604873    -29.868433     -4.393437      2.335000 
    53.604884    -29.874397     -4.450796      2.357000 
    53.604884    -29.880362     -4.508154      2.349000 
    53.604896    -29.886326     -4.565513      2.316000 
    53.604907    -29.892290     -4.622871      2.276000 
    53.604919    -29.898256     -4.680229      2.222000 
    53.604931    -29.904222     -4.737586      2.184000 
    53.604942    -29.910189     -4.794943      2.160000 
    53.604954    -29.916155     -4.852300      2.156000 
    53.604965    -29.922120     -4.909657      2.233000 
    53.604977    -29.928087     -4.967013      2.231000 
    53.604988    -29.934055     -5.024369      2.224000 
    53.605000    -29.940022     -5.081725      2.277000 
    53.605012    -29.945990     -5.139081      2.342000 
    53.605023    -29.951960     -5.196436      2.320000 
    53.605035    -29.957928     -5.253791      2.283000 
    53.605046    -29.963896     -5.311145      2.259000 
    53.605058    -29.969866     -5.368500      2.253000 
    53.605069    -29.975836     -5.425854      2.243000 
    53.605081    -29.981806     -5.483207      2.239000 
    53.605081    -29.987776     -5.540561      2.239000 
    53.605093    -29.993748     -5.597914      2.242000 
    53.605104    -29.999720     -5.655267      2.246000 
    53.605116    -30.005690     -5.712619      2.252000 
    53.605127    -30.011663     -5.769972      2.256000 
    53.605139    -30.017635     -5.827324      2.263000 
    53.605150    -30.023607     -5.884675      2.269000 
    53.605162    -30.029581     -5.942027      2.262000 
    53.605174    -30.035555     -5.999378      2.245000 
    53.605185    -30.041529     -6.056728      2.223000 
    53.605197    -30.047504     -6.114079      2.249000 
    53.605208    -30.053478     -6.171429      2.297000 
    53.605220    -30.059454     -6.228779      2.327000 
    53.605231    -30.065430     -6.286128      2.315000 
    53.605243    -30.071407     -6.343477      2.247000 
    53.605255    -30.077383     -6.400826      2.149000 
    53.605266    -30.083360     -6.458175      2.081000 
    53.605278    -30.089338     -6.515523      2.058000 
    53.605278    -30.095316     -6.572870      2.078000 
    53.605289    -30.101295     -6.630218      2.116000 
    53.605301    -30.107273     -6.687565      2.137000 
    53.605313    -30.113253     -6.744912      2.139000 
    53.605324    -30.119232     -6.802259      2.124000 
    53.605336    -30.125214     -6.859605      2.090000 
    53.605347    -30.131195     -6.916951      2.059000 
    53.605359    -30.137177     -6.974296      2.033000 
    55.603275    -30.732600     -3.004430      1.807000 
    55.603287    -30.738560     -3.061794      1.808000 
    55.603299    -30.744516     -3.119158      1.822000 
    55.603310    -30.750477     -3.176522      1.843000 
    55.603322    -30.756435     -3.233885      1.859000 
    55.603322    -30.762394     -3.291248      1.869000 
    55.603333    -30.768354     -3.348611      1.865000 
    55.603345    -30.774313     -3.405974      1.844000 
    55.603356    -30.780273     -3.463336      1.815000 
    55.603368    -30.786234     -3.520698      1.796000 
    55.603380    -30.792194     -3.578060      1.797000 
    55.603391    -30.798155     -3.635422      1.820000 
    55.603403    -30.804115     -3.692784      1.857000 
    55.603414    -30.810076     -3.750145      1.885000 
    55.603426    -30.816036     -3.807506      1.884000 
    55.603437    -30.821999     -3.864866      1.879000 
    55.603565    -30.893560     -4.553174      1.886000 
    55.603576    -30.899527     -4.610531      1.879000 
    55.603588    -30.905490     -4.667888      1.871000 
    55.603600    -30.911457     -4.725245      1.868000 
    55.603611    -30.917423     -4.782601      1.872000 
    55.603623    -30.923390     -4.839957      1.881000 
    55.603634    -30.929358     -4.897313      1.894000 
    55.603646    -30.935326     -4.954669      1.913000 
    55.603657    -30.941292     -5.012024      1.933000 
    55.603669    -30.947260     -5.069379      1.949000 
    55.603681    -30.953230     -5.126734      1.955000 
    55.603692    -30.959196     -5.184088      1.951000 
    55.603704    -30.965166     -5.241442      1.946000 
    55.603715    -30.971136     -5.298796      1.942000 
    55.603715    -30.977106     -5.356149      1.940000 
    55.603773    -31.006960     -5.642912      1.892000 
    55.603785    -31.012932     -5.700264      1.900000 
    55.603796    -31.018906     -5.757615      1.895000 
    55.603808    -31.024878     -5.814966      1.887000 
    55.603819    -31.030851     -5.872317      1.886000 
    55.603831    -31.036825     -5.929668      1.884000 
    55.603843    -31.042799     -5.987018      1.879000 
    55.603854    -31.048773     -6.044368      1.870000 
    55.603866    -31.054749     -6.101717      1.859000 
    55.603877    -31.060724     -6.159066      1.845000 
    55.603889    -31.066698     -6.216415      1.830000 
    55.603900    -31.072676     -6.273764      1.813000 
    55.603900    -31.078651     -6.331112      1.795000 
    55.603912    -31.084630     -6.388460      1.779000 
    55.603924    -31.090607     -6.445808      1.763000 
    55.603935    -31.096584     -6.503155      1.747000 
    55.603947    -31.102564     -6.560502      1.733000 
    55.603958    -31.108541     -6.617848      1.725000 
    55.603970    -31.114523     -6.675195      1.723000 
    55.603981    -31.120502     -6.732541      1.729000 
    55.603993    -31.126482     -6.789886      1.743000 
    55.604005    -31.132463     -6.847232      1.766000 
    55.604016    -31.138445     -6.904577      1.804000 
    55.604028    -31.144426     -6.961921      1.839000 
    57.601944    -31.740562     -3.008998      1.831000 
    57.601956    -31.746521     -3.066361      1.837000 
    57.601968    -31.758438     -3.181087      1.845000 
    57.601979    -31.764399     -3.238449      1.854000 
    57.601991    -31.770357     -3.295811      1.863000 
    57.602002    -31.776318     -3.353173      1.872000 
    57.602014    -31.782278     -3.410535      1.881000 
    57.602025    -31.788239     -3.467896      1.889000 
    57.602037    -31.794197     -3.525257      1.896000 
    57.602049    -31.800160     -3.582618      1.902000 
    57.602060    -31.806120     -3.639979      1.907000 
    57.602072    -31.812080     -3.697339      1.910000 
    57.602083    -31.818043     -3.754699      1.910000 
    57.602095    -31.824003     -3.812059      1.908000 
    57.602106    -31.829966     -3.869419      1.906000 
    57.602118    -31.835928     -3.926778      1.904000 
    57.602130    -31.841890     -3.984137      1.903000 
    57.602141    -31.847853     -4.041496      1.905000 
    57.602153    -31.853815     -4.098855      1.905000 
    57.602153    -31.859780     -4.156213      1.906000 
    57.602164    -31.865744     -4.213571      1.905000 
    57.602176    -31.871708     -4.270929      1.903000 
    57.602211    -31.889600     -4.443001      1.889000 
    57.602222    -31.895565     -4.500357      1.870000 
    57.602234    -31.901530     -4.557714      1.861000 
    57.602245    -31.907495     -4.615070      1.882000 
    57.602257    -31.913462     -4.672426      1.917000 
    57.602269    -31.919428     -4.729781      1.948000 
    57.602280    -31.925394     -4.787136      1.975000 
    57.602292    -31.931362     -4.844491      1.997000 
    57.602303    -31.937328     -4.901846      2.010000 
    57.602315    -31.943296     -4.959201      2.014000 
    57.602326    -31.949265     -5.016555      2.010000 
    57.602338    -31.955233     -5.073909      2.000000 
    57.602350    -31.961200     -5.131262      1.988000 
    57.602350    -31.967170     -5.188616      1.979000 
    57.602361    -31.973140     -5.245969      1.975000 
    57.602373    -31.979110     -5.303321      1.973000 
    57.602384    -31.985080     -5.360674      1.972000 
    57.602396    -31.991050     -5.418026      1.977000 
    57.602407    -31.997020     -5.475377      1.983000 
   210.775463    -28.000310     -6.668774      1.883000 
   210.775475    -28.006280     -6.611440      1.888000 
   210.775486    -28.012250     -6.554106      1.884000 
   210.775498    -28.018220     -6.496772      1.865000 
   210.775509    -28.024189     -6.439438      1.834000 
   210.775521    -28.030157     -6.382103      1.807000 
   210.775532    -28.036125     -6.324768      1.795000 
   210.775544    -28.042093     -6.267433      1.799000 
   210.775556    -28.048060     -6.210097      1.810000 
   210.775567    -28.054028     -6.152761      1.809000 
   210.775579    -28.059994     -6.095424      1.805000 
   210.775590    -28.065960     -6.038088      1.802000 
   210.775602    -28.071924     -5.980751      1.798000 
   210.775613    -28.077888     -5.923414      1.800000 
   210.775625    -28.083855     -5.866076      1.795000 
   210.775625    -28.089817     -5.808738      1.788000 
   210.775637    -28.095781     -5.751400      1.787000 
   210.775648    -28.101746     -5.694062      1.790000 
   210.775660    -28.107708     -5.636723      1.796000 
   210.775671    -28.113670     -5.579384      1.803000 
   210.775683    -28.119633     -5.522045      1.808000 
   210.775694    -28.125595     -5.464705      1.813000 
   210.775706    -28.131557     -5.407365      1.815000 
   210.775718    -28.137518     -5.350025      1.809000 
   210.775729    -28.143478     -5.292685      1.799000 
   210.775741    -28.149439     -5.235344      1.787000 
   210.775752    -28.155400     -5.178003      1.780000 
   210.775764    -28.161358     -5.120662      1.777000 
   210.775775    -28.167318     -5.063320      1.777000 
   210.775787    -28.173277     -5.005978      1.781000 
   210.775799    -28.179235     -4.948636      1.787000 
   210.775810    -28.185194     -4.891294      1.782000 
   210.775822    -28.191153     -4.833951      1.753000 
   210.775822    -28.197110     -4.776608      1.714000 
   210.775833    -28.203066     -4.719265      1.689000 
   210.775845    -28.209023     -4.661921      1.686000 
   210.775856    -28.214980     -4.604577      1.695000 
   210.775868    -28.220936     -4.547233      1.697000 
   210.775880    -28.226892     -4.489889      1.700000 
   210.775891    -28.232847     -4.432544      1.703000 
   210.775903    -28.238804     -4.375199      1.708000 
   210.775914    -28.244759     -4.317854      1.715000 
   210.775926    -28.250713     -4.260509      1.722000 
   210.775937    -28.256668     -4.203163      1.731000 
   210.775949    -28.262623     -4.145817      1.741000 
   210.775961    -28.268576     -4.088471      1.748000 
   210.775972    -28.274529     -4.031125      1.748000 
   210.775984    -28.280483     -3.973778      1.755000 
   210.775995    -28.286436     -3.916431      1.785000 
   210.776007    -28.292389     -3.859084      1.791000 
   210.776007    -28.298342     -3.801737      1.793000 
   210.776019    -28.304293     -3.744389      1.759000 
   210.776030    -28.310246     -3.687041      1.752000 
   210.776042    -28.316196     -3.629693      1.769000 
   210.776053    -28.322150     -3.572344      1.800000 
   210.776065    -28.328100     -3.514996      1.830000 
   210.776076    -28.334051     -3.457647      1.832000 
   210.776088    -28.340002     -3.400298      1.799000 
   210.776100    -28.345953     -3.342948      1.753000 
   210.776111    -28.351904     -3.285599      1.714000 
   210.776123    -28.357853     -3.228249      1.686000 
   210.776134    -28.363804     -3.170899      1.673000 
   210.776146    -28.369753     -3.113549      1.697000 
   210.776157    -28.375702     -3.056198      1.711000 
   212.774074    -28.979286     -6.984995      2.697000 
   212.774086    -28.985260     -6.927663      2.703000 
   212.774097    -28.991234     -6.870332      2.710000 
   212.774109    -28.997206     -6.813000      2.712000 
   212.774120    -29.003176     -6.755668      2.714000 
   212.774132    -29.009148     -6.698335      2.723000 
   212.774144    -29.015118     -6.641002      2.741000 
   212.774155    -29.021088     -6.583669      2.762000 
   212.774167    -29.027058     -6.526335      2.779000 
   212.774178    -29.033028     -6.469001      2.785000 
   212.774190    -29.038996     -6.411667      2.781000 
   212.774201    -29.044964     -6.354333      2.769000 
   212.774213    -29.050932     -6.296998      2.742000 
   212.774225    -29.056900     -6.239663      2.723000 
   212.774236    -29.062866     -6.182327      2.725000 
   212.774248    -29.068832     -6.124991      2.743000 
   212.774259    -29.074800     -6.067655      2.768000 
   212.774259    -29.080765     -6.010319      2.782000 
   212.774271    -29.086731     -5.952982      2.775000 
   212.774282    -29.092695     -5.895645      2.744000 
   212.774294    -29.098660     -5.838308      2.704000 
   212.774306    -29.104624     -5.780970      2.670000 
   212.774317    -29.110588     -5.723632      2.643000 
   212.774329    -29.116550     -5.666294      2.628000 
   212.774340    -29.122515     -5.608955      2.643000 
   212.774352    -29.128477     -5.551617      2.672000 
   212.774363    -29.134440     -5.494278      2.665000 
   212.774375    -29.140402     -5.436938      2.609000 
   212.774387    -29.146362     -5.379599      2.515000 
   212.774398    -29.152323     -5.322259      2.426000 
   212.774410    -29.158283     -5.264918      2.370000 
   212.774421    -29.164244     -5.207578      2.331000 
   212.774433    -29.170204     -5.150237      2.307000 
   212.774444    -29.176165     -5.092896      2.272000 
   212.774444    -29.182123     -5.035555      2.250000 
   212.774456    -29.188082     -4.978213      2.245000 
   212.774468    -29.194040     -4.920871      2.245000 
   212.774479    -29.199999     -4.863529      2.243000 
   212.774491    -29.205957     -4.806187      2.246000 
   212.774502    -29.211914     -4.748844      2.254000 
   212.774514    -29.217870     -4.691501      2.257000 
   212.774525    -29.223827     -4.634158      2.269000 
   212.774537    -29.229786     -4.576814      2.294000 
   212.774549    -29.235740     -4.519470      2.323000 
   212.774560    -29.241697     -4.462126      2.354000 
   212.774572    -29.247652     -4.404782      2.377000 
   212.774583    -29.253609     -4.347437      2.386000 
   212.774595    -29.259563     -4.290092      2.379000 
   212.774606    -29.265518     -4.232747      2.360000 
   212.774618    -29.271473     -4.175402      2.332000 
   212.774630    -29.277426     -4.118056      2.296000 
   212.774641    -29.283380     -4.060710      2.255000 
   212.774641    -29.289333     -4.003364      2.226000 
   212.774653    -29.295286     -3.946018      2.209000 
   212.774664    -29.301240     -3.888671      2.198000 
   212.774676    -29.307194     -3.831324      2.191000 
   212.774687    -29.313147     -3.773977      2.187000 
   212.774699    -29.319098     -3.716629      2.177000 
   212.774711    -29.325050     -3.659282      2.155000 
   212.774722    -29.331001     -3.601934      2.124000 
   212.774734    -29.336952     -3.544586      2.092000 
   212.774745    -29.342905     -3.487237      2.064000 
   212.774757    -29.348856     -3.429889      2.035000 
   212.774769    -29.354807     -3.372540      2.007000 
   212.774780    -29.360758     -3.315191      1.980000 
   212.774792    -29.366709     -3.257841      1.964000 
   212.774803    -29.372658     -3.200492      1.952000 
   212.774815    -29.378609     -3.143142      1.917000 
   212.774826    -29.384558     -3.085792      1.868000 
   212.774838    -29.390507     -3.028442      1.832000 
   214.772755    -29.994267     -6.948768      2.369000 
   214.772766    -30.000238     -6.891437      2.369000 
   214.772778    -30.006210     -6.834106      2.366000 
   214.772789    -30.012182     -6.776774      2.369000 
   214.772801    -30.018152     -6.719442      2.366000 
   214.772813    -30.024124     -6.662110      2.339000 
   214.772824    -30.030094     -6.604777      2.299000 
   214.772836    -30.036064     -6.547444      2.257000 
   214.772847    -30.042032     -6.490110      2.216000 
   214.772859    -30.048002     -6.432777      2.191000 
   214.772870    -30.053970     -6.375443      2.189000 
   214.772882    -30.059938     -6.318108      2.197000 
   214.772894    -30.065907     -6.260774      2.198000 
   214.772894    -30.071873     -6.203439      2.185000 
   214.772905    -30.077839     -6.146103      2.160000 
   214.772917    -30.083805     -6.088768      2.145000 
   214.772928    -30.089771     -6.031432      2.144000 
   214.772940    -30.095737     -5.974096      2.152000 
   214.772951    -30.101702     -5.916759      2.158000 
   214.772963    -30.107666     -5.859422      2.164000 
   214.772975    -30.113630     -5.802085      2.170000 
   214.772986    -30.119595     -5.744748      2.177000 
   214.772998    -30.125557     -5.687410      2.184000 
   214.773009    -30.131520     -5.630072      2.190000 
   214.773021    -30.137484     -5.572734      2.194000 
   214.773032    -30.143444     -5.515396      2.196000 
   214.773044    -30.149406     -5.458057      2.197000 
   214.773056    -30.155369     -5.400718      2.196000 
   214.773067    -30.161330     -5.343378      2.193000 
   214.773079    -30.167290     -5.286038      2.187000 
   214.773079    -30.173250     -5.228698      2.176000 
   214.773090    -30.179210     -5.171358      2.165000 
   214.773102    -30.185170     -5.114017      2.152000 
   214.773113    -30.191130     -5.056677      2.139000 
   214.773125    -30.197086     -4.999335      2.124000 
   214.773137    -30.203047     -4.941994      2.112000 
   214.773148    -30.209003     -4.884652      2.104000 
   214.773160    -30.214962     -4.827310      2.098000 
   214.773171    -30.220919     -4.769968      2.086000 
   214.773183    -30.226877     -4.712625      2.076000 
   214.773194    -30.232834     -4.655283      2.079000 
   214.773206    -30.238790     -4.597940      2.095000 
   214.773218    -30.244745     -4.540596      2.111000 
   214.773229    -30.250702     -4.483253      2.119000 
   214.773241    -30.256659     -4.425909      2.124000 
   214.773252    -30.262613     -4.368565      2.128000 
   214.773264    -30.268568     -4.311220      2.134000 
   214.773275    -30.274523     -4.253876      2.143000 
   214.773275    -30.280478     -4.196531      2.150000 
   214.773287    -30.286430     -4.139186      2.155000 
   214.773299    -30.292385     -4.081840      2.153000 
   214.773310    -30.298340     -4.024494      2.157000 
   214.773322    -30.304293     -3.967149      2.153000 
   214.773333    -30.310246     -3.909802      2.120000 
   214.773345    -30.316198     -3.852456      2.108000 
   214.773356    -30.322150     -3.795109      2.111000 
   214.773368    -30.328102     -3.737762      2.112000 
   214.773380    -30.334055     -3.680415      2.093000 
   214.773391    -30.340006     -3.623068      2.071000 
   214.773403    -30.345957     -3.565720      2.057000 
   214.773414    -30.351910     -3.508372      2.045000 
   214.773426    -30.357860     -3.451024      2.033000 
   214.773438    -30.363810     -3.393676      2.023000 
   214.773449    -30.369760     -3.336327      2.014000 
   214.773461    -30.375711     -3.278978      2.006000 
   214.773472    -30.381660     -3.221629      1.999000 
   214.773484    -30.393560     -3.106930      1.994000 
   214.773495    -30.399510     -3.049580      1.989000 
   216.771424    -31.003393     -6.961970      2.101000 
   216.771435    -31.009365     -6.904640      2.105000 
   216.771447    -31.015339     -6.847309      2.108000 
   216.771458    -31.021309     -6.789977      2.112000 
   216.771470    -31.027280     -6.732646      2.117000 
   216.771481    -31.033250     -6.675314      2.123000 
   216.771493    -31.039220     -6.617981      2.130000 
   216.771505    -31.045190     -6.560649      2.139000 
   216.771516    -31.051160     -6.503316      2.149000 
   216.771516    -31.057129     -6.445983      2.160000 
   216.771528    -31.063097     -6.388649      2.174000 
   216.771539    -31.069065     -6.331315      2.189000 
   216.771551    -31.075031     -6.273981      2.200000 
   216.771563    -31.081000     -6.216646      2.207000 
   216.771574    -31.086966     -6.159312      2.212000 
   216.771586    -31.092932     -6.101977      2.214000 
   216.771597    -31.098898     -6.044641      2.217000 
   216.771609    -31.104862     -5.987305      2.219000 
   216.771620    -31.110826     -5.929969      2.219000 
   216.771632    -31.116793     -5.872633      2.217000 
   216.771644    -31.122755     -5.815297      2.215000 
   216.771655    -31.128720     -5.757960      2.211000 
   216.771667    -31.134684     -5.700622      2.207000 
   216.771678    -31.140646     -5.643285      2.203000 
   216.771690    -31.146608     -5.585947      2.198000 
   216.771701    -31.152570     -5.528609      2.193000 
   216.771713    -31.158531     -5.471271      2.189000 
   216.771713    -31.164494     -5.413932      2.183000 
   216.771725    -31.170454     -5.356593      2.176000 
   216.771736    -31.176414     -5.299254      2.169000 
   216.771748    -31.182375     -5.241914      2.160000 
   216.771759    -31.188335     -5.184574      2.149000 
   216.771771    -31.194294     -5.127234      2.138000 
   216.771782    -31.200253     -5.069894      2.126000 
   216.771794    -31.206211     -5.012553      2.115000 
   216.771806    -31.212170     -4.955212      2.104000 
   216.771817    -31.218128     -4.897871      2.095000 
   216.771829    -31.224087     -4.840530      2.088000 
   216.771840    -31.230043     -4.783188      2.082000 
   216.771852    -31.236000     -4.725846      2.078000 
   216.771863    -31.241957     -4.668503      2.075000 
   216.771875    -31.247913     -4.611161      2.072000 
   216.771887    -31.253870     -4.553818      2.068000 
   216.771898    -31.259827     -4.496475      2.069000 
   216.771910    -31.265781     -4.439131      2.073000 
   216.771910    -31.271736     -4.381788      2.078000 
   216.771921    -31.277690     -4.324444      2.085000 
   216.771933    -31.283646     -4.267100      2.093000 
   216.771944    -31.289600     -4.209755      2.101000 
   216.771956    -31.295553     -4.152411      2.110000 
   216.771968    -31.301508     -4.095065      2.118000 
   216.771979    -31.307460     -4.037720      2.127000 
   216.771991    -31.313414     -3.980375      2.134000 
   216.772002    -31.319366     -3.923029      2.140000 
   216.772014    -31.325320     -3.865683      2.144000 
   216.772025    -31.331272     -3.808337      2.146000 
   216.772037    -31.337223     -3.750991      2.148000 
   216.772049    -31.343176     -3.693644      2.150000 
   216.772060    -31.349129     -3.636297      2.136000 
   216.772072    -31.355080     -3.578950      2.121000 
   216.772083    -31.361030     -3.521602      2.106000 
   216.772095    -31.366982     -3.464255      2.090000 
   216.772095    -31.372932     -3.406907      2.082000 
   216.772106    -31.378881     -3.349559      2.086000 
   216.772118    -31.384832     -3.292210      2.074000 
   216.772130    -31.390781     -3.234862      2.036000 
   216.772141    -31.396732     -3.177513      1.986000 
   216.772153    -31.402681     -3.120164      1.939000 
   216.772164    -31.408630     -3.062814      1.906000 
   216.772176    -31.414580     -3.005465      1.896000 
   222.252373    -28.582302     -3.045158      1.937000 
   222.252384    -28.588253     -3.102510      1.942000 
   222.252396    -28.594204     -3.159861      1.952000 
   222.252407    -28.600155     -3.217212      1.971000 
   222.252419    -28.606106     -3.274563      1.992000 
   222.252431    -28.612057     -3.331913      1.993000 
   222.252442    -28.618008     -3.389263      1.966000 
   222.252454    -28.623960     -3.446613      1.919000 
   222.252465    -28.629911     -3.503963      1.875000 
   222.252477    -28.635864     -3.561313      1.849000 
   222.252488    -28.641815     -3.618662      1.849000 
   222.252500    -28.647770     -3.676011      1.875000 
   222.252512    -28.653723     -3.733360      1.899000 
   222.252523    -28.659676     -3.790709      1.907000 
   222.252535    -28.665628     -3.848057      1.890000 
   222.252546    -28.671581     -3.905405      1.853000 
   222.252558    -28.677536     -3.962753      1.843000 
   222.252558    -28.683490     -4.020101      1.846000 
   222.252569    -28.689445     -4.077448      1.858000 
   222.252581    -28.695400     -4.134796      1.876000 
   222.252593    -28.701355     -4.192142      1.896000 
   222.252604    -28.707310     -4.249489      1.914000 
   222.252616    -28.713266     -4.306836      1.932000 
   222.252627    -28.719221     -4.364182      1.951000 
   222.252639    -28.725178     -4.421528      1.971000 
   222.252650    -28.731134     -4.478873      1.991000 
   222.252662    -28.737091     -4.536218      2.010000 
   222.252674    -28.743050     -4.593564      2.024000 
   222.252685    -28.749006     -4.650908      2.035000 
   222.252697    -28.754965     -4.708253      2.044000 
   222.252708    -28.760921     -4.765597      2.051000 
   222.252720    -28.766882     -4.822941      2.059000 
   222.252731    -28.772839     -4.880285      2.072000 
   222.252743    -28.778797     -4.937628      2.084000 
   222.252755    -28.784758     -4.994972      2.091000 
   222.252755    -28.790718     -5.052315      2.090000 
   222.252766    -28.796679     -5.109657      2.080000 
   222.252778    -28.802637     -5.167000      2.070000 
   222.252789    -28.808600     -5.224342      2.059000 
   222.252801    -28.814560     -5.281684      2.046000 
   222.252812    -28.820522     -5.339025      2.033000 
   222.252824    -28.826485     -5.396366      2.018000 
   222.252836    -28.832445     -5.453707      2.004000 
   222.252847    -28.838410     -5.511048      1.991000 
   222.252859    -28.844372     -5.568389      1.978000 
   222.252870    -28.850336     -5.625729      1.967000 
   222.252882    -28.856298     -5.683068      1.957000 
   222.252894    -28.862265     -5.740408      1.950000 
   222.252905    -28.868229     -5.797747      1.944000 
   222.252917    -28.874193     -5.855086      1.941000 
   222.252928    -28.880160     -5.912425      1.941000 
   222.252940    -28.886126     -5.969763      1.942000 
   222.252940    -28.892092     -6.027101      1.945000 
   222.252951    -28.898058     -6.084439      1.950000 
   222.252963    -28.904024     -6.141776      1.957000 
   222.252975    -28.909992     -6.199113      1.964000 
   222.252986    -28.915960     -6.256450      1.973000 
   222.252998    -28.921928     -6.313787      1.983000 
   222.253009    -28.927896     -6.371123      1.999000 
   222.253021    -28.933867     -6.428459      2.014000 
   222.253032    -28.939837     -6.485794      2.020000 
   222.253044    -28.945807     -6.543130      2.017000 
   222.253056    -28.951777     -6.600465      2.014000 
   222.253067    -28.957748     -6.657799      2.009000 
   222.253079    -28.963720     -6.715134      2.012000 
   222.253090    -28.969692     -6.772468      2.028000 
   222.253102    -28.975664     -6.829801      2.052000 
   222.253113    -28.981636     -6.887135      2.077000 
   222.253125    -28.987612     -6.944468      2.094000 
   224.251042    -29.592237     -3.054547      1.411000 
   224.251053    -29.598188     -3.111899      1.413000 
   224.251065    -29.604140     -3.169251      1.414000 
   224.251076    -29.610090     -3.226602      1.414000 
   224.251088    -29.616043     -3.283954      1.408000 
   224.251100    -29.621996     -3.341305      1.397000 
   224.251111    -29.627949     -3.398655      1.397000 
   224.251123    -29.633900     -3.456006      1.407000 
   224.251134    -29.639853     -3.513356      1.413000 
   224.251146    -29.645805     -3.570706      1.409000 
   224.251157    -29.651758     -3.628056      1.395000 
   224.251169    -29.657713     -3.685406      1.370000 
   224.251181    -29.663668     -3.742755      1.346000 
   224.251192    -29.669620     -3.800104      1.334000 
   224.251192    -29.675575     -3.857453      1.344000 
   224.251204    -29.681528     -3.914802      1.367000 
   224.251215    -29.687485     -3.972150      1.408000 
   224.251227    -29.693440     -4.029498      1.482000 
   224.251238    -29.699394     -4.086846      1.517000 
   224.251250    -29.705350     -4.144194      1.503000 
   224.251262    -29.711306     -4.201541      1.451000 
   224.251273    -29.717262     -4.258888      1.407000 
   224.251285    -29.723219     -4.316235      1.398000 
   224.251296    -29.729176     -4.373582      1.418000 
   224.251308    -29.735132     -4.430928      1.426000 
   224.251319    -29.741090     -4.488274      1.420000 
   224.251331    -29.747047     -4.545620      1.411000 
   224.251343    -29.753006     -4.602966      1.405000 
   224.251354    -29.758965     -4.660311      1.404000 
   224.251366    -29.764923     -4.717656      1.408000 
   224.251377    -29.770882     -4.775001      1.416000 
   224.251377    -29.776840     -4.832345      1.424000 
   224.251389    -29.782800     -4.889689      1.429000 
   224.251400    -29.788761     -4.947033      1.432000 
   224.251412    -29.794722     -5.004377      1.444000 
   224.251424    -29.800680     -5.061721      1.437000 
   224.251435    -29.806643     -5.119064      1.429000 
   224.251447    -29.812605     -5.176406      1.416000 
   224.251458    -29.818565     -5.233749      1.407000 
   224.251470    -29.824528     -5.291091      1.404000 
   224.251481    -29.830490     -5.348433      1.403000 
   224.251493    -29.836452     -5.405775      1.398000 
   224.251505    -29.842417     -5.463117      1.388000 
   224.251516    -29.848380     -5.520458      1.375000 
   224.251528    -29.854343     -5.577799      1.363000 
   224.251539    -29.860308     -5.635139      1.355000 
   224.251551    -29.866274     -5.692479      1.347000 
   224.251563    -29.872238     -5.749819      1.350000 
   224.251574    -29.878202     -5.807159      1.353000 
   224.251574    -29.884169     -5.864498      1.335000 
   224.251586    -29.890135     -5.921838      1.330000 
   224.251597    -29.896103     -5.979176      1.335000 
   224.251609    -29.902070     -6.036515      1.345000 
   224.251620    -29.908037     -6.093853      1.353000 
   224.251632    -29.914005     -6.151191      1.364000 
   224.251644    -29.919973     -6.208529      1.380000 
   224.251655    -29.925941     -6.265866      1.397000 
   224.251667    -29.931911     -6.323203      1.412000 
   224.251678    -29.937881     -6.380540      1.420000 
   224.251690    -29.943851     -6.437876      1.427000 
   224.251701    -29.949821     -6.495212      1.436000 
   224.251713    -29.955793     -6.552548      1.445000 
   224.251725    -29.961763     -6.609883      1.456000 
   224.251736    -29.967735     -6.667218      1.474000 
   224.251748    -29.973710     -6.724553      1.532000 
   224.251759    -29.979683     -6.781888      1.574000 
   224.251771    -29.991629     -6.896555      1.504000 
   224.251771    -29.985655     -6.839222      1.559000 
   224.251782    -29.997602     -6.953889      1.466000 
   226.249711    -30.601340     -3.043912      1.667000 
   226.249722    -30.607292     -3.101264      1.667000 
   226.249734    -30.613243     -3.158616      1.670000 
   226.249745    -30.619196     -3.215967      1.674000 
   226.249757    -30.625147     -3.273318      1.680000 
   226.249769    -30.631100     -3.330669      1.688000 
   226.249780    -30.637053     -3.388019      1.696000 
   226.249792    -30.643003     -3.445370      1.704000 
   226.249803    -30.648956     -3.502720      1.711000 
   226.249815    -30.654911     -3.560070      1.726000 
   226.249826    -30.660864     -3.617419      1.747000 
   226.249826    -30.666819     -3.674769      1.766000 
   226.249838    -30.672771     -3.732118      1.785000 
   226.249850    -30.678726     -3.789467      1.811000 
   226.249861    -30.684680     -3.846816      1.832000 
   226.249873    -30.690636     -3.904164      1.839000 
   226.249884    -30.696590     -3.961512      1.826000 
   226.249896    -30.702545     -4.018860      1.797000 
   226.249907    -30.708502     -4.076208      1.765000 
   226.249919    -30.714457     -4.133555      1.760000 
   226.249931    -30.720411     -4.190903      1.761000 
   226.249942    -30.726370     -4.248249      1.771000 
   226.249954    -30.732325     -4.305596      1.781000 
   226.249965    -30.738281     -4.362942      1.801000 
   226.249977    -30.744240     -4.420289      1.814000 
   226.249988    -30.750196     -4.477635      1.812000 
   226.250000    -30.756155     -4.534980      1.808000 
   226.250012    -30.762114     -4.592326      1.801000 
   226.250012    -30.768072     -4.649671      1.750000 
   226.250023    -30.774030     -4.707015      1.739000 
   226.250035    -30.779990     -4.764360      1.784000 
   226.250046    -30.785950     -4.821704      1.875000 
   226.250058    -30.791908     -4.879048      1.884000 
   226.250069    -30.797869     -4.936392      1.863000 
   226.250081    -30.803830     -4.993736      1.828000 
   226.250093    -30.809790     -5.051079      1.799000 
   226.250104    -30.815750     -5.108422      1.789000 
   226.250116    -30.821712     -5.165764      1.794000 
   226.250127    -30.827675     -5.223107      1.814000 
   226.250139    -30.833637     -5.280449      1.822000 
   226.250150    -30.839600     -5.337791      1.820000 
   226.250162    -30.845562     -5.395132      1.822000 
   226.250174    -30.851526     -5.452474      1.825000 
   226.250185    -30.857489     -5.509815      1.829000 
   226.250197    -30.863453     -5.567155      1.837000 
   226.250208    -30.869417     -5.624496      1.847000 
   226.250208    -30.875383     -5.681836      1.859000 
   226.250220    -30.881348     -5.739176      1.872000 
   226.250231    -30.887314     -5.796515      1.885000 
   226.250243    -30.893280     -5.853854      1.897000 
   226.250255    -30.899246     -5.911193      1.905000 
   226.250266    -30.905212     -5.968532      1.905000 
   226.250278    -30.911180     -6.025870      1.906000 
   226.250289    -30.917149     -6.083208      1.920000 
   226.250301    -30.923117     -6.140546      1.945000 
   226.250313    -30.929085     -6.197883      1.966000 
   226.250324    -30.935055     -6.255220      2.000000 
   226.250336    -30.941023     -6.312557      2.020000 
   226.250347    -30.946993     -6.369894      2.041000 
   226.250359    -30.952963     -6.427230      2.066000 
   226.250370    -30.958935     -6.484566      2.088000 
   226.250382    -30.964905     -6.541901      2.109000 
   226.250394    -30.970877     -6.599237      2.129000 
   226.250405    -30.976849     -6.656571      2.157000 
   226.250405    -30.982820     -6.713906      2.189000 
   226.250417    -30.988794     -6.771240      2.214000 
   226.250428    -30.994768     -6.828574      2.227000 
   226.250440    -31.000742     -6.885908      2.226000 
   226.250451    -31.006716     -6.943241      2.213000 
   228.248391    -31.614344     -3.039389      1.570000 
   228.248403    -31.620295     -3.096741      1.577000 
   228.248414    -31.626247     -3.154093      1.583000 
   228.248426    -31.632198     -3.211445      1.585000 
   228.248437    -31.638150     -3.268796      1.585000 
   228.248449    -31.644102     -3.326148      1.587000 
   228.248461    -31.650055     -3.383499      1.596000 
   228.248461    -31.656006     -3.440850      1.611000 
   228.248472    -31.661959     -3.498200      1.622000 
   228.248495    -31.673864     -3.612901      1.636000 
   228.248507    -31.679817     -3.670251      1.651000 
   228.248519    -31.685772     -3.727601      1.657000 
   228.248530    -31.691727     -3.784950      1.673000 
   228.248553    -31.703634     -3.899648      1.704000 
   228.248565    -31.709589     -3.956997      1.748000 
   228.248576    -31.715544     -4.014345      1.801000 
   228.248588    -31.721498     -4.071694      1.853000 
   228.248600    -31.727455     -4.129042      1.900000 
   228.248611    -31.733410     -4.186389      1.934000 
   228.248623    -31.739367     -4.243737      1.947000 
   228.248634    -31.745323     -4.301084      1.949000 
   228.248646    -31.751280     -4.358431      1.956000 
   228.248646    -31.757236     -4.415778      1.971000 
   228.248657    -31.763193     -4.473124      1.999000 
   228.248669    -31.769152     -4.530470      2.030000 
   228.248681    -31.775108     -4.587816      2.048000 
   228.248692    -31.781067     -4.645162      2.065000 
   228.248704    -31.787025     -4.702507      2.081000 
   228.248715    -31.792984     -4.759852      2.095000 
   228.248727    -31.798944     -4.817197      2.109000 
   228.248738    -31.804903     -4.874541      2.122000 
   228.248750    -31.810863     -4.931886      2.131000 
   228.248762    -31.816822     -4.989230      2.136000 
   228.248773    -31.822784     -5.046573      2.136000 
   228.248785    -31.828745     -5.103917      2.122000 
   228.248796    -31.834705     -5.161260      2.116000 
   228.248808    -31.840668     -5.218603      2.101000 
   228.248819    -31.846628     -5.275946      2.083000 
   228.248831    -31.852590     -5.333288      2.057000 
   228.248843    -31.858555     -5.390630      2.025000 
   228.248843    -31.864517     -5.447972      1.998000 
   228.248854    -31.870480     -5.505313      1.981000 
   228.248866    -31.876444     -5.562654      1.973000 
   228.248877    -31.882408     -5.619995      1.973000 
   228.248889    -31.888372     -5.677336      1.979000 
   228.248900    -31.894339     -5.734676      1.991000 
   228.248912    -31.900303     -5.792016      2.009000 
   228.248924    -31.906270     -5.849356      2.027000 
   228.248935    -31.912235     -5.906695      2.044000 
   228.248947    -31.918201     -5.964034      2.057000 
   228.248958    -31.924168     -6.021373      2.068000 
   228.248970    -31.930136     -6.078712      2.082000 
   228.248981    -31.936104     -6.136050      2.098000 
   228.248993    -31.942072     -6.193388      2.114000 
   228.249005    -31.948040     -6.250726      2.130000 
   228.249016    -31.954008     -6.308063      2.146000 
   228.249028    -31.959978     -6.365400      2.159000 
   228.249039    -31.965948     -6.422737      2.173000 
   228.249039    -31.971918     -6.480073      2.185000 
   228.249051    -31.977890     -6.537409      2.191000 
   228.249062    -31.983862     -6.594745      2.193000 
   228.249074    -31.989834     -6.652080      2.181000 
   228.249086    -31.995806     -6.709415      2.163000 
   235.724352    -28.179483     -6.953409      2.406000 
   235.724363    -28.185460     -6.896082      2.417000 
   235.724375    -28.191435     -6.838754      2.425000 
   235.724387    -28.197410     -6.781426      2.437000 
   235.724398    -28.203384     -6.724098      2.436000 
   235.724410    -28.209358     -6.666769      2.415000 
   235.724421    -28.215330     -6.609440      2.394000 
   235.724433    -28.221304     -6.552111      2.374000 
   235.724444    -28.227278     -6.494781      2.354000 
   235.724456    -28.233250     -6.437451      2.341000 
   235.724456    -28.239222     -6.380121      2.333000 
   235.724468    -28.245192     -6.322790      2.325000 
   235.724479    -28.251162     -6.265459      2.317000 
   235.724491    -28.257133     -6.208128      2.314000 
   235.724502    -28.263103     -6.150797      2.314000 
   235.724514    -28.269072     -6.093465      2.317000 
   235.724525    -28.275042     -6.036133      2.323000 
   235.724537    -28.281010     -5.978800      2.329000 
   235.724549    -28.286978     -5.921468      2.339000 
   235.724560    -28.292946     -5.864135      2.359000 
   235.724572    -28.298912     -5.806801      2.371000 
   235.724583    -28.304880     -5.749468      2.369000 
   235.724595    -28.310846     -5.692134      2.370000 
   235.724606    -28.316813     -5.634799      2.392000 
   235.724618    -28.322779     -5.577465      2.420000 
   235.724630    -28.328745     -5.520130      2.425000 
   235.724641    -28.334710     -5.462795      2.398000 
   235.724653    -28.340673     -5.405459      2.343000 
   235.724653    -28.346638     -5.348124      2.294000 
   235.724664    -28.352602     -5.290788      2.316000 
   235.724676    -28.358564     -5.233451      2.402000 
   235.724688    -28.364529     -5.176115      2.494000 
   235.724699    -28.370491     -5.118778      2.550000 
   235.724711    -28.376453     -5.061441      2.548000 
   235.724722    -28.382416     -5.004103      2.489000 
   235.724734    -28.388378     -4.946766      2.422000 
   235.724745    -28.394339     -4.889428      2.397000 
   235.724757    -28.400300     -4.832090      2.405000 
   235.724769    -28.406261     -4.774751      2.433000 
   235.724780    -28.412222     -4.717412      2.448000 
   235.724792    -28.418180     -4.660073      2.451000 
   235.724803    -28.424140     -4.602734      2.454000 
   235.724815    -28.430101     -4.545394      2.457000 
   235.724826    -28.436060     -4.488054      2.460000 
   235.724838    -28.442019     -4.430714      2.462000 
   235.724838    -28.447977     -4.373374      2.463000 
   235.724850    -28.453936     -4.316033      2.465000 
   235.724861    -28.459892     -4.258692      2.462000 
   235.724873    -28.465850     -4.201351      2.457000 
   235.724884    -28.471807     -4.144010      2.461000 
   235.724896    -28.477764     -4.086668      2.476000 
   235.724907    -28.483723     -4.029326      2.509000 
   235.724919    -28.489680     -3.971984      2.513000 
   235.724931    -28.495634     -3.914641      2.478000 
   235.724942    -28.501590     -3.857299      2.418000 
   235.724954    -28.507547     -3.799956      2.352000 
   235.724965    -28.513502     -3.742612      2.303000 
   235.724977    -28.519457     -3.685269      2.291000 
   235.724988    -28.525412     -3.627925      2.319000 
   235.725000    -28.531366     -3.570581      2.362000 
   235.725012    -28.537321     -3.513237      2.389000 
   235.725023    -28.543276     -3.455892      2.393000 
   235.725035    -28.549230     -3.398548      2.381000 
   235.725035    -28.555183     -3.341203      2.363000 
   235.725046    -28.561136     -3.283858      2.341000 
   235.725058    -28.567090     -3.226512      2.348000 
   235.725069    -28.573044     -3.169167      2.371000 
   235.725081    -28.578997     -3.111821      2.402000 
   235.725093    -28.584950     -3.054474      2.399000 
   239.721701    -30.200916     -6.968104      2.203000 
   239.721713    -30.206894     -6.910777      2.197000 
   239.721725    -30.212870     -6.853450      2.192000 
   239.721725    -30.218845     -6.796123      2.186000 
   239.721736    -30.224821     -6.738795      2.180000 
   239.721748    -30.230797     -6.681467      2.174000 
   239.721759    -30.236773     -6.624138      2.166000 
   239.721771    -30.242746     -6.566809      2.159000 
   239.721782    -30.248720     -6.509480      2.155000 
   239.721794    -30.254694     -6.452151      2.155000 
   239.721806    -30.260668     -6.394821      2.159000 
   239.721817    -30.266640     -6.337491      2.162000 
   239.721829    -30.272612     -6.280160      2.168000 
   239.721840    -30.278584     -6.222829      2.173000 
   239.721852    -30.284554     -6.165498      2.172000 
   239.721863    -30.290525     -6.108167      2.169000 
   239.721875    -30.296495     -6.050835      2.172000 
   239.721887    -30.302465     -5.993503      2.184000 
   239.721898    -30.308435     -5.936171      2.190000 
   239.721910    -30.314404     -5.878838      2.195000 
   239.721910    -30.320374     -5.821505      2.200000 
   239.721921    -30.326342     -5.764172      2.205000 
   239.721933    -30.332310     -5.706839      2.209000 
   239.721944    -30.338278     -5.649505      2.214000 
   239.721956    -30.344244     -5.592171      2.218000 
   239.721968    -30.350210     -5.534837      2.219000 
   239.721979    -30.356176     -5.477502      2.221000 
   239.721991    -30.362143     -5.420167      2.224000 
   239.722002    -30.368109     -5.362832      2.226000 
   239.722014    -30.374075     -5.305496      2.228000 
   239.722025    -30.380040     -5.248160      2.230000 
   239.722037    -30.386003     -5.190824      2.230000 
   239.722049    -30.391968     -5.133488      2.228000 
   239.722060    -30.397930     -5.076151      2.223000 
   239.722072    -30.403894     -5.018814      2.216000 
   239.722083    -30.409859     -4.961477      2.207000 
   239.722095    -30.415820     -4.904139      2.196000 
   239.722106    -30.421783     -4.846801      2.186000 
   239.722106    -30.427746     -4.789463      2.176000 
   239.722118    -30.433706     -4.732125      2.168000 
   239.722130    -30.439669     -4.674786      2.160000 
   239.722141    -30.445630     -4.617447      2.153000 
   239.722153    -30.451590     -4.560108      2.148000 
   239.722164    -30.457550     -4.502769      2.143000 
   239.722176    -30.463510     -4.445429      2.131000 
   239.722187    -30.469470     -4.388089      2.124000 
   239.722199    -30.475430     -4.330749      2.130000 
   239.722211    -30.481388     -4.273408      2.149000 
   239.722222    -30.487349     -4.216067      2.139000 
   239.722234    -30.493307     -4.158726      2.142000 
   239.722245    -30.499266     -4.101385      2.145000 
   239.722257    -30.505222     -4.044043      2.148000 
   239.722269    -30.511180     -3.986702      2.148000 
   239.722280    -30.517140     -3.929359      2.145000 
   239.722292    -30.523096     -3.872017      2.140000 
   239.722303    -30.529053     -3.814674      2.124000 
   239.722303    -30.535010     -3.757332      2.106000 
   239.722315    -30.540966     -3.699989      2.118000 
   239.722326    -30.546923     -3.642645      2.137000 
   239.722338    -30.552880     -3.585302      2.172000 
   239.722350    -30.558834     -3.527958      2.212000 
   239.722361    -30.564790     -3.470614      2.178000 
   239.722373    -30.570745     -3.413269      2.134000 
   239.722384    -30.576700     -3.355925      2.073000 
   239.722396    -30.582655     -3.298580      2.091000 
   239.722407    -30.588610     -3.241235      2.109000 
   239.722419    -30.594564     -3.183890      2.095000 
   239.722431    -30.600517     -3.126544      2.090000 
   239.722442    -30.606472     -3.069199      2.083000 
   239.722454    -30.612427     -3.011853      2.084000 
   241.720359    -31.209036     -6.987571      2.483000 
   241.720370    -31.215014     -6.930244      2.425000 
   241.720382    -31.220991     -6.872917      2.369000 
   241.720394    -31.226967     -6.815590      2.336000 
   241.720405    -31.232943     -6.758262      2.319000 
   241.720417    -31.238918     -6.700934      2.298000 
   241.720428    -31.244894     -6.643606      2.266000 
   241.720440    -31.250868     -6.586277      2.227000 
   241.720451    -31.256842     -6.528948      2.185000 
   241.720463    -31.262815     -6.471619      2.155000 
   241.720475    -31.268790     -6.414289      2.150000 
   241.720486    -31.274761     -6.356959      2.173000 
   241.720498    -31.280733     -6.299629      2.209000 
   241.720509    -31.286707     -6.242299      2.239000 
   241.720521    -31.292679     -6.184968      2.264000 
   241.720532    -31.298649     -6.127637      2.279000 
   241.720544    -31.304619     -6.070305      2.278000 
   241.720544    -31.310589     -6.012974      2.261000 
   241.720556    -31.316559     -5.955641      2.229000 
   241.720567    -31.322529     -5.898309      2.188000 
   241.720579    -31.328497     -5.840976      2.144000 
   241.720590    -31.334467     -5.783643      2.106000 
   241.720602    -31.340433     -5.726310      2.079000 
   241.720613    -31.346401     -5.668977      2.064000 
   241.720625    -31.352370     -5.611643      2.057000 
   241.720637    -31.358335     -5.554309      2.055000 
   241.720648    -31.364302     -5.496974      2.059000 
   241.720660    -31.370270     -5.439639      2.064000 
   241.720671    -31.376234     -5.382304      2.064000 
   241.720683    -31.382200     -5.324969      2.062000 
   241.720694    -31.388165     -5.267633      2.058000 
   241.720706    -31.394130     -5.210297      2.053000 
   241.720718    -31.400093     -5.152961      2.047000 
   241.720729    -31.406057     -5.095625      2.040000 
   241.720741    -31.412022     -5.038288      2.026000 
   241.720741    -31.417986     -4.980951      2.029000 
   241.720752    -31.423948     -4.923613      2.029000 
   241.720764    -31.429910     -4.866276      2.026000 
   241.720775    -31.435873     -4.808938      2.021000 
   241.720787    -31.441833     -4.751600      2.015000 
   241.720799    -31.447796     -4.694261      2.018000 
   241.720810    -31.453756     -4.636923      2.023000 
   241.720822    -31.459719     -4.579584      2.026000 
   241.720833    -31.465680     -4.522244      2.030000 
   241.720845    -31.471640     -4.464905      2.033000 
   241.720856    -31.477598     -4.407565      2.036000 
   241.720868    -31.483559     -4.350225      2.043000 
   241.720880    -31.489517     -4.292885      2.053000 
   241.720891    -31.495478     -4.235544      2.061000 
   241.720903    -31.501436     -4.178203      2.061000 
   241.720914    -31.507395     -4.120862      2.056000 
   241.720926    -31.513353     -4.063521      2.047000 
   241.720938    -31.519312     -4.006179      2.035000 
   241.720938    -31.525269     -3.948837      2.021000 
   241.720949    -31.531225     -3.891495      2.006000 
   241.720961    -31.537184     -3.834153      1.997000 
   241.720972    -31.543140     -3.776810      1.998000 
   241.720984    -31.549097     -3.719467      2.001000 
   241.720995    -31.555054     -3.662124      2.004000 
   241.721007    -31.561008     -3.604781      2.009000 
   241.721019    -31.566965     -3.547437      2.012000 
   241.721030    -31.572922     -3.490093      2.014000 
   241.721042    -31.578876     -3.432749      2.017000 
   241.721053    -31.584831     -3.375405      2.021000 
   241.721065    -31.590788     -3.318060      2.024000 
   241.721076    -31.596740     -3.260715      2.023000 
   241.721088    -31.602695     -3.203370      2.022000 
   241.721100    -31.608650     -3.146025      2.022000 
   241.721111    -31.614605     -3.088679      2.022000 
   241.721123    -31.620558     -3.031334      2.022000 
