    30.851944    -29.736992    -16.973000      1.770000 
    30.851956    -29.749985    -16.909000      1.776000 
    30.851968    -29.764000    -16.844000      1.783000 
    30.851979    -29.776000    -16.781000      1.791000 
    30.851991    -29.788992    -16.716000      1.799000 
    30.852002    -29.803007    -16.653000      1.805000 
    30.852014    -29.816000    -16.595000      1.809000 
    30.852025    -29.827007    -16.538000      1.807000 
    30.852037    -29.840992    -16.473000      1.796000 
    30.852049    -29.854015    -16.410000      1.783000 
    30.852060    -29.865984    -16.345000      1.771000 
    30.852072    -29.879007    -16.282000      1.760000 
    30.852083    -29.892992    -16.217000      1.747000 
    30.852095    -29.907007    -16.153000      1.734000 
    30.852106    -29.920000    -16.090000      1.719000 
    30.852118    -29.932000    -16.025000      1.701000 
    30.852130    -29.944992    -15.962000      1.689000 
    30.852141    -29.958015    -15.903000      1.697000 
    30.852153    -29.968992    -15.846000      1.684000 
    30.852164    -29.983007    -15.782000      1.680000 
    30.852176    -29.996000    -15.719000      1.678000 
    30.852187    -30.008000    -15.655000      1.678000 
    30.852199    -30.020992    -15.591000      1.680000 
    30.852211    -30.035007    -15.527000      1.682000 
    30.852222    -30.049025    -15.462000      1.686000 
    30.852234    -30.062016    -15.398000      1.691000 
    30.852245    -30.074017    -15.334000      1.698000 
    30.852257    -30.087008    -15.271000      1.706000 
    30.852269    -30.100000    -15.212000      1.715000 
    30.852280    -30.110975    -15.155000      1.722000 
    30.852292    -30.124992    -15.091000      1.728000 
    30.852303    -30.136992    -15.028000      1.732000 
    30.852315    -30.149984    -14.964000      1.734000 
    30.852326    -30.164000    -14.900000      1.733000 
    30.852338    -30.176992    -14.836000      1.729000 
    30.852350    -30.188992    -14.771000      1.724000 
    30.852361    -30.201984    -14.707000      1.715000 
    30.852373    -30.216000    -14.643000      1.704000 
    30.852384    -30.228992    -14.580000      1.693000 
    30.852396    -30.240992    -14.516000      1.682000 
    30.852407    -30.253984    -14.457000      1.671000 
    30.852419    -30.264000    -14.400000      1.659000 
    30.852431    -30.278015    -14.337000      1.651000 
    30.852442    -30.291008    -14.273000      1.640000 
    30.852454    -30.303007    -14.209000      1.629000 
    30.852465    -30.316000    -14.145000      1.615000 
    30.852477    -30.329985    -14.080000      1.605000 
    30.852488    -30.342016    -14.016000      1.606000 
    30.852500    -30.355007    -13.952000      1.619000 
    30.852512    -30.368992    -13.888000      1.641000 
    30.852523    -30.381985    -13.825000      1.664000 
    30.852535    -30.392992    -13.766000      1.693000 
    30.852546    -30.406015    -13.709000      1.717000 
    30.852558    -30.417984    -13.646000      1.735000 
    30.852569    -30.431007    -13.582000      1.730000 
    30.852581    -30.444992    -13.518000      1.705000 
    30.852593    -30.458015    -13.454001      1.693000 
    30.852604    -30.470016    -13.389000      1.698000 
    30.852616    -30.483007    -13.325000      1.705000 
    30.852627    -30.496000    -13.261000      1.679000 
    30.852639    -30.508000    -13.197000      1.664000 
    30.852650    -30.520992    -13.134000      1.668000 
    30.852662    -30.535007    -13.070000      1.703000 
    30.852674    -30.545984    -13.011000      1.747000 
    32.341921    -30.101984    -13.004000      1.806000 
    32.341933    -30.114977    -13.066000      1.804000 
    32.341944    -30.128000    -13.131000      1.791000 
    32.341956    -30.140000    -13.193000      1.770000 
    32.341968    -30.153025    -13.257000      1.754000 
    32.341979    -30.166977    -13.320000      1.740000 
    32.341991    -30.178017    -13.384000      1.726000 
    32.342002    -30.191008    -13.447000      1.718000 
    32.342014    -30.204992    -13.511000      1.714000 
    32.342025    -30.217024    -13.575000      1.708000 
    32.342037    -30.228992    -13.631000      1.703000 
    32.342049    -30.240000    -13.688000      1.701000 
    32.342060    -30.253984    -13.752000      1.700000 
    32.342072    -30.267008    -13.815000      1.700000 
    32.342083    -30.278976    -13.879000      1.700000 
    32.342095    -30.292000    -13.943000      1.702000 
    32.342106    -30.304993    -14.006000      1.705000 
    32.342118    -30.316992    -14.068000      1.706000 
    32.342130    -30.329985    -14.132000      1.708000 
    32.342141    -30.344000    -14.195000      1.708000 
    32.342153    -30.356993    -14.259000      1.707000 
    32.342164    -30.368992    -14.322000      1.705000 
    32.342176    -30.381985    -14.386000      1.702000 
    32.342187    -30.396000    -14.450000      1.698000 
    32.342199    -30.408993    -14.513000      1.693000 
    32.342211    -30.420992    -14.577000      1.687000 
    32.342222    -30.433985    -14.641000      1.680000 
    32.342234    -30.445984    -14.705000      1.673000 
    32.342245    -30.458977    -14.768000      1.666000 
    32.342257    -30.472992    -14.832000      1.660000 
    32.342269    -30.485985    -14.895000      1.655000 
    32.342280    -30.497984    -14.959000      1.650000 
    32.342292    -30.510977    -15.021000      1.646000 
    32.342303    -30.524992    -15.086000      1.643000 
    32.342315    -30.536000    -15.143000      1.640000 
    32.342326    -30.548000    -15.200000      1.637000 
    32.342338    -30.560000    -15.263000      1.634000 
    32.342350    -30.572992    -15.327000      1.630000 
    32.342361    -30.587008    -15.389000      1.625000 
    32.342373    -30.600000    -15.454001      1.620000 
    32.342384    -30.612000    -15.516000      1.615000 
    32.342396    -30.624992    -15.580000      1.608000 
    32.342407    -30.639008    -15.645000      1.600000 
    32.342419    -30.651009    -15.707000      1.593000 
    32.342431    -30.666016    -15.771000      1.585000 
    32.342442    -30.678017    -15.834000      1.579000 
    32.342454    -30.691008    -15.898000      1.574000 
    32.342465    -30.704992    -15.962000      1.570000 
    32.342477    -30.717024    -16.025000      1.569000 
    32.342488    -30.730017    -16.088000      1.567000 
    32.342500    -30.744000    -16.153000      1.562000 
    32.342512    -30.756992    -16.216000      1.556000 
    32.342523    -30.769024    -16.278000      1.551000 
    32.342535    -30.782017    -16.342000      1.547000 
    32.342546    -30.796000    -16.406000      1.543000 
    32.342558    -30.808992    -16.469000      1.538000 
    32.342569    -30.820992    -16.532000      1.536000 
    32.342581    -30.833984    -16.591000      1.538000 
    32.342593    -30.844992    -16.647000      1.544000 
    32.342604    -30.858015    -16.710000      1.552000 
    32.342616    -30.872000    -16.775000      1.559000 
    32.342627    -30.885023    -16.837000      1.564000 
    32.342639    -30.896992    -16.901000      1.563000 
    32.342650    -30.911009    -16.965000      1.558000 
    36.856146    -31.333984    -16.965000      1.854000 
    36.856157    -31.348000    -16.900000      1.861000 
    36.856169    -31.360992    -16.837000      1.867000 
    36.856181    -31.375008    -16.772000      1.870000 
    36.856192    -31.387009    -16.709000      1.870000 
    36.856204    -31.400000    -16.650000      1.869000 
    36.856215    -31.411009    -16.592000      1.864000 
    36.856227    -31.424000    -16.528000      1.858000 
    36.856238    -31.437984    -16.465000      1.853000 
    36.856250    -31.450975    -16.400000      1.849000 
    36.856262    -31.464993    -16.337000      1.845000 
    36.856273    -31.476992    -16.272000      1.844000 
    36.856285    -31.489985    -16.209000      1.843000 
    36.856296    -31.504000    -16.143000      1.844000 
    36.856308    -31.516993    -16.080000      1.850000 
    36.856319    -31.528000    -16.022000      1.851000 
    36.856331    -31.541023    -15.964000      1.849000 
    36.856343    -31.553024    -15.900000      1.844000 
    36.856354    -31.566977    -15.836000      1.839000 
    36.856366    -31.580000    -15.771000      1.833000 
    36.856377    -31.593985    -15.707000      1.825000 
    36.856389    -31.607008    -15.643000      1.814000 
    36.856400    -31.618977    -15.580000      1.804000 
    36.856412    -31.632000    -15.516000      1.796000 
    36.856424    -31.645985    -15.452000      1.791000 
    36.856435    -31.660000    -15.388000      1.791000 
    36.856447    -31.670977    -15.330000      1.795000 
    36.856458    -31.682016    -15.273000      1.802000 
    36.856470    -31.695007    -15.209000      1.812000 
    36.856481    -31.708992    -15.145000      1.825000 
    36.856493    -31.721985    -15.080000      1.836000 
    36.856505    -31.736000    -15.016000      1.844000 
    36.856516    -31.748000    -14.952000      1.846000 
    36.856528    -31.760992    -14.888000      1.842000 
    36.856539    -31.775007    -14.825000      1.834000 
    36.856551    -31.788000    -14.761000      1.822000 
    36.856563    -31.799007    -14.702000      1.807000 
    36.856574    -31.809984    -14.645000      1.789000 
    36.856586    -31.823008    -14.580000      1.772000 
    36.856597    -31.836992    -14.516000      1.755000 
    36.856609    -31.850016    -14.452000      1.738000 
    36.856632    -31.875008    -14.325000      1.723000 
    36.856644    -31.888992    -14.261000      1.713000 
    36.856655    -31.903008    -14.197000      1.707000 
    36.856667    -31.916000    -14.132000      1.706000 
    36.856678    -31.928000    -14.068000      1.710000 
    36.856690    -31.939009    -14.011000      1.723000 
    36.856701    -31.952000    -13.954001      1.745000 
    36.856713    -31.964993    -13.888000      1.770000 
    36.856725    -31.976992    -13.825000      1.795000 
    36.856736    -31.989985    -13.761000      1.810000 
    37.846354    -28.006975    -15.646000      1.768000 
    37.846366    -28.020992    -15.582000      1.762000 
    37.846377    -28.033983    -15.518000      1.768000 
    37.846389    -28.048000    -15.455000      1.789000 
    37.846400    -28.060000    -15.391000      1.812000 
    37.846412    -28.072992    -15.327000      1.823000 
    37.846424    -28.087008    -15.263000      1.822000 
    37.846435    -28.100000    -15.198000      1.814000 
    37.846447    -28.112000    -15.134000      1.807000 
    37.846458    -28.124992    -15.077000      1.801000 
    37.846470    -28.136000    -15.018000      1.799000 
    37.846481    -28.149984    -14.955000      1.804000 
    37.846493    -28.163008    -14.891000      1.814000 
    37.846505    -28.174976    -14.827000      1.816000 
    37.846516    -28.188000    -14.763000      1.809000 
    37.846528    -28.201984    -14.698000      1.800000 
    37.846539    -28.215008    -14.634000      1.793000 
    37.846551    -28.226976    -14.570000      1.793000 
    37.846562    -28.240000    -14.506000      1.800000 
    37.846574    -28.253984    -14.443000      1.813000 
    37.846586    -28.265024    -14.384000      1.830000 
    37.846597    -28.278015    -14.327000      1.850000 
    37.846609    -28.291008    -14.263000      1.864000 
    37.846620    -28.303007    -14.198000      1.870000 
    37.846632    -28.316000    -14.134000      1.875000 
    37.846644    -28.329985    -14.070000      1.884000 
    37.846655    -28.342016    -14.006000      1.903000 
    37.846667    -28.355007    -13.943000      1.926000 
    37.846678    -28.368992    -13.879000      1.939000 
    37.846690    -28.381985    -13.815000      1.946000 
    37.846701    -28.394016    -13.750000      1.948000 
    37.846713    -28.406015    -13.693000      1.943000 
    37.846725    -28.416992    -13.636000      1.937000 
    37.846736    -28.431007    -13.572000      1.936000 
    37.846748    -28.444000    -13.507000      1.936000 
    37.846759    -28.456000    -13.443000      1.927000 
    37.846771    -28.468992    -13.379000      1.909000 
    37.846782    -28.483007    -13.315000      1.888000 
    37.846794    -28.496000    -13.252000      1.872000 
    37.846806    -28.508000    -13.188000      1.866000 
    37.846817    -28.520992    -13.124000      1.862000 
    37.846829    -28.535007    -13.060000      1.859000 
    37.846840    -28.545984    -13.002000      1.856000 
    38.346551    -31.856993    -13.021000      1.728000 
    38.346562    -31.868992    -13.086000      1.733000 
    38.346574    -31.881985    -13.150000      1.739000 
    38.346586    -31.894016    -13.212000      1.745000 
    38.346597    -31.907007    -13.277000      1.751000 
    38.346609    -31.920992    -13.341000      1.760000 
    38.346620    -31.933985    -13.405000      1.764000 
    38.346632    -31.945984    -13.468000      1.760000 
    38.346644    -31.958015    -13.525000      1.752000 
    38.346655    -31.968992    -13.582000      1.750000 
    38.346667    -31.983007    -13.646000      1.752000 
    38.346678    -31.996000    -13.711000      1.758000 
    39.336505    -28.255009    -13.037000      1.478000 
    39.336516    -28.268000    -13.101000      1.481000 
    39.336528    -28.282017    -13.164000      1.490000 
    39.336539    -28.295008    -13.228000      1.503000 
    39.336551    -28.307009    -13.292000      1.516000 
    39.336562    -28.320000    -13.355000      1.533000 
    39.336574    -28.333984    -13.419000      1.554000 
    39.336586    -28.344992    -13.483000      1.571000 
    39.336597    -28.358015    -13.546000      1.581000 
    39.336609    -28.372000    -13.610000      1.583000 
    39.336620    -28.385023    -13.674000      1.576000 
    39.336632    -28.396992    -13.738000      1.572000 
    39.336644    -28.410015    -13.796000      1.573000 
    39.336655    -28.420992    -13.853000      1.581000 
    39.336667    -28.433985    -13.917000      1.591000 
    39.336678    -28.445984    -13.980000      1.591000 
    39.336690    -28.458977    -14.044000      1.582000 
    39.336701    -28.472992    -14.108000      1.562000 
    39.336713    -28.485985    -14.171000      1.546000 
    39.336725    -28.497984    -14.235000      1.535000 
    39.336736    -28.510977    -14.299000      1.534000 
    39.336748    -28.524992    -14.363000      1.527000 
    39.336759    -28.537985    -14.426000      1.519000 
    39.336771    -28.549984    -14.490000      1.513000 
    39.336782    -28.562977    -14.554000      1.513000 
    39.336794    -28.576992    -14.617000      1.530000 
    39.336806    -28.589985    -14.681000      1.554000 
    39.336817    -28.601025    -14.740000      1.575000 
    39.336829    -28.612000    -14.796000      1.584000 
    39.336840    -28.624992    -14.860000      1.587000 
    39.336852    -28.639008    -14.924000      1.585000 
    39.336863    -28.651009    -14.988000      1.580000 
    39.336875    -28.664000    -15.051000      1.577000 
    39.336887    -28.678017    -15.115000      1.576000 
    39.336898    -28.691008    -15.179000      1.577000 
    39.336910    -28.704992    -15.244000      1.581000 
    39.336921    -28.717024    -15.308000      1.586000 
    39.336933    -28.730017    -15.372000      1.591000 
    39.336944    -28.744000    -15.435000      1.596000 
    39.336956    -28.756992    -15.499000      1.602000 
    39.336968    -28.769024    -15.563000      1.608000 
    39.336979    -28.782017    -15.620000      1.609000 
    39.336991    -28.792000    -15.678000      1.605000 
    39.337002    -28.805984    -15.742000      1.596000 
    39.337014    -28.820000    -15.806000      1.580000 
    39.337025    -28.832993    -15.869000      1.557000 
    39.337037    -28.844992    -15.933000      1.530000 
    39.337049    -28.858015    -15.997000      1.502000 
    39.337060    -28.872000    -16.060000      1.480000 
    39.337072    -28.885023    -16.125000      1.475000 
    39.337083    -28.896992    -16.188000      1.488000 
    39.337095    -28.910015    -16.251000      1.507000 
    39.337106    -28.924000    -16.316000      1.516000 
    39.337118    -28.937984    -16.379000      1.514000 
    39.337130    -28.948992    -16.437000      1.505000 
    39.337141    -28.960000    -16.494000      1.494000 
    39.337153    -28.975008    -16.559000      1.486000 
    39.337164    -28.987007    -16.622000      1.488000 
    39.337176    -29.000000    -16.685000      1.501000 
    39.337187    -29.014015    -16.750000      1.524000 
    39.337199    -29.026016    -16.813000      1.546000 
    39.337211    -29.041023    -16.878000      1.562000 
    39.337222    -29.053024    -16.941000      1.578000 
    43.851701    -29.840000    -16.952000      1.764000 
    43.851713    -29.852000    -16.887000      1.778000 
    43.851725    -29.864992    -16.823000      1.781000 
    43.851736    -29.879007    -16.760000      1.775000 
    43.851748    -29.892992    -16.695000      1.765000 
    43.851759    -29.906015    -16.632000      1.750000 
    43.851771    -29.917984    -16.567000      1.730000 
    43.851782    -29.932000    -16.503000      1.717000 
    43.851794    -29.944992    -16.445000      1.714000 
    43.851806    -29.954975    -16.387000      1.731000 
    43.851817    -29.968992    -16.323000      1.774000 
    43.851829    -29.983007    -16.260000      1.810000 
    43.851840    -29.996000    -16.195000      1.829000 
    43.851852    -30.008000    -16.130000      1.834000 
    43.851863    -30.020992    -16.066000      1.826000 
    43.851875    -30.035007    -16.003000      1.803000 
    43.851887    -30.049025    -15.938000      1.771000 
    43.851898    -30.062016    -15.874000      1.734000 
    43.851910    -30.072992    -15.818000      1.692000 
    43.851921    -30.084991    -15.759000      1.653000 
    43.851933    -30.097984    -15.695000      1.635000 
    43.851944    -30.112000    -15.631000      1.664000 
    43.851956    -30.124992    -15.568000      1.709000 
    43.851968    -30.136992    -15.504000      1.755000 
    43.851979    -30.149984    -15.440000      1.777000 
    43.851991    -30.164000    -15.375000      1.789000 
    43.852002    -30.178017    -15.311000      1.785000 
    43.852014    -30.191008    -15.247000      1.767000 
    43.852025    -30.203009    -15.183000      1.741000 
    43.852037    -30.215008    -15.125000      1.713000 
    43.852049    -30.226015    -15.068000      1.694000 
    43.852060    -30.240000    -15.004000      1.693000 
    43.852072    -30.252993    -14.940000      1.725000 
    43.852083    -30.267008    -14.875000      1.784000 
    43.852095    -30.278976    -14.811000      1.832000 
    43.852106    -30.292000    -14.747000      1.837000 
    43.852118    -30.305984    -14.683000      1.783000 
    43.852130    -30.319008    -14.620000      1.747000 
    43.852141    -30.331009    -14.556000      1.724000 
    43.852153    -30.344000    -14.492000      1.720000 
    43.852164    -30.356993    -14.433000      1.712000 
    43.852176    -30.368000    -14.377000      1.703000 
    43.852187    -30.380000    -14.313000      1.693000 
    43.852199    -30.392992    -14.249000      1.684000 
    43.852211    -30.407007    -14.183000      1.674000 
    43.852222    -30.420000    -14.120000      1.664000 
    43.852234    -30.432000    -14.056000      1.655000 
    43.852245    -30.444992    -13.992000      1.646000 
    43.852257    -30.458977    -13.928000      1.639000 
    43.852269    -30.472000    -13.863000      1.632000 
    43.852280    -30.484000    -13.799000      1.626000 
    43.852292    -30.497025    -13.742000      1.622000 
    43.852303    -30.508000    -13.685000      1.620000 
    43.852315    -30.520992    -13.620000      1.620000 
    43.852326    -30.535007    -13.556000      1.621000 
    43.852338    -30.548000    -13.492000      1.623000 
    43.852350    -30.560000    -13.429000      1.642000 
    43.852361    -30.572992    -13.365000      1.656000 
    43.852373    -30.584991    -13.301000      1.662000 
    43.852384    -30.597984    -13.237000      1.677000 
    43.852396    -30.612000    -13.172000      1.696000 
    43.852407    -30.624992    -13.108000      1.699000 
    43.852419    -30.636992    -13.044000      1.705000 
    45.342002    -30.323008    -13.030000      1.746000 
    45.342014    -30.334976    -13.094000      1.750000 
    45.342025    -30.348000    -13.158000      1.753000 
    45.342037    -30.360992    -13.216000      1.754000 
    45.342049    -30.372000    -13.273000      1.755000 
    45.342060    -30.385023    -13.337000      1.756000 
    45.342072    -30.396992    -13.400000      1.757000 
    45.342083    -30.410015    -13.464000      1.758000 
    45.342095    -30.424000    -13.528000      1.761000 
    45.342106    -30.437023    -13.591000      1.766000 
    45.342118    -30.448992    -13.655000      1.773000 
    45.342130    -30.462015    -13.719000      1.783000 
    45.342141    -30.475008    -13.782000      1.793000 
    45.342153    -30.487007    -13.846000      1.805000 
    45.342164    -30.500000    -13.910000      1.822000 
    45.342176    -30.514015    -13.973000      1.842000 
    45.342187    -30.526016    -14.037000      1.867000 
    45.342199    -30.539007    -14.101000      1.893000 
    45.342211    -30.553024    -14.165000      1.923000 
    45.342222    -30.564000    -14.223000      1.953000 
    45.342234    -30.576000    -14.280000      1.980000 
    45.342245    -30.588000    -14.344000      1.999000 
    45.342257    -30.601025    -14.407000      2.010000 
    45.342269    -30.614977    -14.471000      2.024000 
    45.342280    -30.628000    -14.535000      2.038000 
    45.342292    -30.640000    -14.598000      2.034000 
    45.342303    -30.653025    -14.662000      2.023000 
    45.342315    -30.666977    -14.726000      2.026000 
    45.342326    -30.680000    -14.789000      2.031000 
    45.342338    -30.692000    -14.853000      2.045000 
    45.342350    -30.704992    -14.917000      2.040000 
    45.342361    -30.719007    -14.980000      2.023000 
    45.342373    -30.732000    -15.044000      2.008000 
    45.342384    -30.744000    -15.108000      2.001000 
    45.342396    -30.756992    -15.165000      2.009000 
    45.342407    -30.768000    -15.223000      2.033000 
    45.342419    -30.782017    -15.287000      2.061000 
    45.342431    -30.795008    -15.351000      2.108000 
    45.342442    -30.807009    -15.414000      2.153000 
    45.342454    -30.820000    -15.478000      2.154000 
    45.342465    -30.833984    -15.542000      2.102000 
    45.342477    -30.846975    -15.606000      2.036000 
    45.342488    -30.859009    -15.671000      2.002000 
    45.342500    -30.872000    -15.733000      2.006000 
    45.342512    -30.885984    -15.797000      2.030000 
    45.342523    -30.898975    -15.862001      2.050000 
    45.342535    -30.912992    -15.926000      2.059000 
    45.342546    -30.924992    -15.990000      2.064000 
    45.342558    -30.937984    -16.046000      2.067000 
    45.342569    -30.948000    -16.105000      2.070000 
    45.342581    -30.962015    -16.167000      2.077000 
    45.342593    -30.976000    -16.232000      2.082000 
    45.342604    -30.989023    -16.296000      2.084000 
    45.342616    -31.000992    -16.359000      2.083000 
    45.342627    -31.014015    -16.424000      2.079000 
    45.342639    -31.028000    -16.487000      2.071000 
    45.342650    -31.041023    -16.550000      2.061000 
    45.342662    -31.054976    -16.615000      2.049000 
    45.342674    -31.066977    -16.678000      2.029000 
    45.342685    -31.080000    -16.743000      2.009000 
    45.342697    -31.093985    -16.806000      1.997000 
    45.342708    -31.107008    -16.869000      1.986000 
    45.342720    -31.118977    -16.928000      1.975000 
    45.342731    -31.130016    -16.984000      1.962000 
    49.856921    -31.804993    -16.949000      1.863000 
    49.856933    -31.819008    -16.885000      1.878000 
    49.856944    -31.831009    -16.820000      1.893000 
    49.856956    -31.844000    -16.757000      1.906000 
    49.856968    -31.858015    -16.692000      1.916000 
    49.856979    -31.872000    -16.629000      1.924000 
    49.856991    -31.883007    -16.571000      1.928000 
    49.857002    -31.894016    -16.514000      1.929000 
    49.857014    -31.908993    -16.449000      1.928000 
    49.857025    -31.920992    -16.386000      1.926000 
    49.857037    -31.935007    -16.321000      1.924000 
    49.857049    -31.948000    -16.257000      1.924000 
    49.857060    -31.960000    -16.194000      1.929000 
    49.857072    -31.975008    -16.129000      1.939000 
    49.857083    -31.987007    -16.066000      1.950000 
    50.846748    -28.153984    -16.966000      2.109000 
    50.846759    -28.166977    -16.909000      2.124000 
    50.846771    -28.178017    -16.851000      2.133000 
    50.846782    -28.191008    -16.788000      2.140000 
    50.846794    -28.204992    -16.723000      2.158000 
    50.846806    -28.217024    -16.660000      2.166000 
    50.846817    -28.230017    -16.595000      2.142000 
    50.846829    -28.244000    -16.532000      2.108000 
    50.846840    -28.256992    -16.467000      2.090000 
    50.846852    -28.271008    -16.403000      2.078000 
    50.846863    -28.284000    -16.340000      2.087000 
    50.846875    -28.298016    -16.275000      2.096000 
    50.846887    -28.308992    -16.217000      2.101000 
    50.846898    -28.320000    -16.160000      2.101000 
    50.846910    -28.333984    -16.095000      2.095000 
    50.846921    -28.348000    -16.032000      2.078000 
    50.846933    -28.360992    -15.968000      2.057000 
    50.846944    -28.372992    -15.903000      2.039000 
    50.846956    -28.385984    -15.839000      2.023000 
    50.846968    -28.400000    -15.775000      2.016000 
    50.846979    -28.412992    -15.712000      2.023000 
    50.846991    -28.427008    -15.648000      2.037000 
    50.847002    -28.439009    -15.584000      2.051000 
    50.847014    -28.450975    -15.525000      2.062000 
    50.847025    -28.462015    -15.469000      2.064000 
    50.847037    -28.476000    -15.405000      2.052000 
    50.847049    -28.489985    -15.341000      2.040000 
    50.847060    -28.502975    -15.277000      2.030000 
    50.847072    -28.515009    -15.212000      2.026000 
    50.847083    -28.528000    -15.148000      2.024000 
    50.847095    -28.541985    -15.084000      2.019000 
    50.847106    -28.554976    -15.021000      2.016000 
    50.847118    -28.566977    -14.957000      2.011000 
    50.847130    -28.580000    -14.893000      2.000000 
    50.847141    -28.592000    -14.834000      1.982000 
    50.847153    -28.605024    -14.778000      1.968000 
    50.847164    -28.618015    -14.714000      1.958000 
    50.847176    -28.630016    -14.650000      1.955000 
    50.847187    -28.643007    -14.586000      1.972000 
    50.847199    -28.657024    -14.521000      1.968000 
    50.847211    -28.670015    -14.457000      1.954000 
    50.847222    -28.682016    -14.393000      1.952000 
    50.847234    -28.695007    -14.330000      1.942000 
    50.847245    -28.708992    -14.266000      1.942000 
    50.847257    -28.721985    -14.202000      1.956000 
    50.847269    -28.732992    -14.143000      1.979000 
    50.847280    -28.744000    -14.087000      2.004000 
    50.847292    -28.756992    -14.023000      2.018000 
    50.847303    -28.771008    -13.959000      2.020000 
    50.847315    -28.784000    -13.895000      2.020000 
    50.847326    -28.796000    -13.830000      2.022000 
    50.847338    -28.809984    -13.766000      2.031000 
    50.847350    -28.823008    -13.702000      2.043000 
    50.847361    -28.834976    -13.638000      2.056000 
    50.847373    -28.848000    -13.575000      2.066000 
    50.847384    -28.861984    -13.511000      2.071000 
    50.847396    -28.875008    -13.447000      2.073000 
    50.847407    -28.885984    -13.388000      2.078000 
    50.847419    -28.896992    -13.330000      2.081000 
    50.847431    -28.910015    -13.266000      2.082000 
    50.847442    -28.924000    -13.202000      2.085000 
    50.847454    -28.937023    -13.138000      2.087000 
    50.847465    -28.948992    -13.075000      2.086000 
    50.847477    -28.962015    -13.011000      2.081000 
    52.336933    -28.600000    -13.046000      2.204000 
    52.336944    -28.612000    -13.110000      2.211000 
    52.336956    -28.624992    -13.174000      2.214000 
    52.336968    -28.639008    -13.238000      2.219000 
    52.336979    -28.651009    -13.301000      2.229000 
    52.336991    -28.663008    -13.358000      2.240000 
    52.337002    -28.674017    -13.417000      2.251000 
    52.337014    -28.688000    -13.480000      2.263000 
    52.337025    -28.700993    -13.544000      2.275000 
    52.337037    -28.713024    -13.608000      2.287000 
    52.337049    -28.726015    -13.671000      2.291000 
    52.337060    -28.739008    -13.735000      2.299000 
    52.337072    -28.751007    -13.799000      2.319000 
    52.337083    -28.764000    -13.863000      2.351000 
    52.337095    -28.778015    -13.926000      2.355000 
    52.337106    -28.791008    -13.990000      2.340000 
    52.337118    -28.803007    -14.054000      2.303000 
    52.337130    -28.816000    -14.117000      2.331000 
    52.337141    -28.829985    -14.181000      2.367000 
    52.337153    -28.842016    -14.245000      2.386000 
    52.337164    -28.855007    -14.308000      2.368000 
    52.337176    -28.868000    -14.365000      2.328000 
    52.337187    -28.879007    -14.424000      2.326000 
    52.337199    -28.892000    -14.487001      2.363000 
    52.337211    -28.904000    -14.551000      2.423000 
    52.337222    -28.916992    -14.615000      2.478000 
    52.337234    -28.931007    -14.679000      2.494000 
    52.337245    -28.944000    -14.742000      2.469000 
    52.337257    -28.956000    -14.806000      2.428000 
    52.337269    -28.968992    -14.870000      2.400000 
    52.337280    -28.983007    -14.933000      2.371000 
    52.337292    -28.996000    -14.997000      2.349000 
    52.337303    -29.008000    -15.061000      2.335000 
    52.337315    -29.020992    -15.124000      2.328000 
    52.337326    -29.035007    -15.188000      2.322000 
    52.337338    -29.048000    -15.252000      2.321000 
    52.337350    -29.060000    -15.315000      2.325000 
    52.337361    -29.072992    -15.372000      2.338000 
    52.337373    -29.083967    -15.431000      2.356000 
    52.337384    -29.097984    -15.495000      2.372000 
    52.337396    -29.110975    -15.558000      2.378000 
    52.337407    -29.122976    -15.622000      2.365000 
    52.337419    -29.136000    -15.686000      2.349000 
    52.337431    -29.149984    -15.749000      2.345000 
    52.337442    -29.163008    -15.813000      2.341000 
    52.337454    -29.174976    -15.877000      2.337000 
    52.337465    -29.188992    -15.940000      2.332000 
    52.337477    -29.201984    -16.004000      2.326000 
    52.337488    -29.216000    -16.069000      2.319000 
    52.337500    -29.228992    -16.132000      2.312000 
    52.337512    -29.240000    -16.189000      2.304000 
    52.337523    -29.252993    -16.247000      2.296000 
    52.337535    -29.265024    -16.310000      2.287000 
    52.337546    -29.278015    -16.375000      2.279000 
    52.337558    -29.292000    -16.438000      2.272000 
    52.337569    -29.304993    -16.503000      2.265000 
    52.337581    -29.316992    -16.566000      2.259000 
    52.337593    -29.331009    -16.629000      2.257000 
    52.337604    -29.344000    -16.694000      2.263000 
    52.337616    -29.358015    -16.757000      2.273000 
    52.337627    -29.371008    -16.821000      2.284000 
    52.337639    -29.383007    -16.886000      2.292000 
    52.337650    -29.396000    -16.949000      2.301000 
    56.851470    -29.937984    -16.984000      1.876000 
    56.851481    -29.950975    -16.928000      1.850000 
    56.851493    -29.962015    -16.869000      1.815000 
    56.851505    -29.976000    -16.806000      1.792000 
    56.851516    -29.989023    -16.741000      1.782000 
    56.851528    -30.000992    -16.678000      1.785000 
    56.851539    -30.015009    -16.614000      1.804000 
    56.851551    -30.028000    -16.549000      1.821000 
    56.851562    -30.041985    -16.486000      1.817000 
    56.851574    -30.054976    -16.421000      1.814000 
    56.851586    -30.066977    -16.358000      1.810000 
    56.851597    -30.080992    -16.293000      1.800000 
    56.851609    -30.092000    -16.237000      1.788000 
    56.851620    -30.105024    -16.178000      1.773000 
    56.851632    -30.118015    -16.115000      1.751000 
    56.851644    -30.132000    -16.050000      1.732000 
    56.851655    -30.144000    -15.987001      1.720000 
    56.851667    -30.157024    -15.922000      1.718000 
    56.851678    -30.170977    -15.858000      1.709000 
    56.851690    -30.184000    -15.794000      1.697000 
    56.851701    -30.195969    -15.730000      1.699000 
    56.851713    -30.208992    -15.667000      1.741000 
    56.851725    -30.222977    -15.603000      1.777000 
    56.851736    -30.234016    -15.546000      1.799000 
    56.851748    -30.247007    -15.488000      1.809000 
    56.851759    -30.260000    -15.424000      1.806000 
    56.851771    -30.272000    -15.360000      1.796000 
    56.851782    -30.284992    -15.296000      1.787000 
    56.851794    -30.299007    -15.231000      1.783000 
    56.851806    -30.312992    -15.167000      1.783000 
    56.851817    -30.325983    -15.103000      1.781000 
    56.851829    -30.338017    -15.039000      1.780000 
    56.851840    -30.351007    -14.976000      1.783000 
    56.851852    -30.364992    -14.912000      1.792000 
    56.851863    -30.377983    -14.848000      1.798000 
    56.851875    -30.388992    -14.790000      1.798000 
    56.851887    -30.400000    -14.733000      1.797000 
    56.851898    -30.414017    -14.669000      1.794000 
    56.851910    -30.428000    -14.605000      1.786000 
    56.851921    -30.441025    -14.540000      1.777000 
    56.851933    -30.452991    -14.476000      1.772000 
    56.851944    -30.466017    -14.412000      1.772000 
    56.851956    -30.480000    -14.348000      1.779000 
    56.851968    -30.493025    -14.285000      1.788000 
    56.851979    -30.504992    -14.221000      1.794000 
    56.851991    -30.518017    -14.157000      1.796000 
    56.852002    -30.528992    -14.099000      1.798000 
    56.852014    -30.541985    -14.042000      1.802000 
    56.852025    -30.554976    -13.978000      1.810000 
    56.852037    -30.566977    -13.914000      1.821000 
    56.852049    -30.580000    -13.849000      1.834000 
    56.852060    -30.593985    -13.785000      1.847000 
    56.852072    -30.607008    -13.723000      1.858000 
    56.852083    -30.618977    -13.658000      1.866000 
    56.852095    -30.632000    -13.594000      1.871000 
    56.852106    -30.645985    -13.530000      1.866000 
    56.852118    -30.659008    -13.466000      1.875000 
    56.852130    -30.670977    -13.403000      1.872000 
    56.852141    -30.684000    -13.339000      1.868000 
    56.852153    -30.695007    -13.282000      1.865000 
    56.852164    -30.708000    -13.223000      1.860000 
    56.852176    -30.720000    -13.160000      1.852000 
    56.852187    -30.732992    -13.096000      1.852000 
    56.852199    -30.746016    -13.032000      1.853000 
    58.341539    -30.340992    -13.030000      1.921000 
    58.341551    -30.355007    -13.094000      1.922000 
    58.341562    -30.365984    -13.157000      1.926000 
    58.341574    -30.379007    -13.221000      1.930000 
    58.341586    -30.392992    -13.285000      1.933000 
    58.341597    -30.406015    -13.348000      1.925000 
    58.341609    -30.417984    -13.412000      1.884000 
    58.341620    -30.431007    -13.476000      1.821000 
    58.341632    -30.444992    -13.539000      1.800000 
    58.341644    -30.458015    -13.603000      1.849000 
    58.341655    -30.470016    -13.667000      1.947000 
    58.341667    -30.483007    -13.731000      2.007000 
    58.341678    -30.496000    -13.794000      1.980000 
    58.341690    -30.508000    -13.858000      1.872000 
    58.341701    -30.520992    -13.915000      1.801000 
    58.341713    -30.532000    -13.973000      1.764000 
    58.341725    -30.545984    -14.037000      1.785000 
    58.341736    -30.556992    -14.101000      1.855000 
    58.341748    -30.570017    -14.164000      1.922000 
    58.341759    -30.583967    -14.228000      1.874000 
    58.341771    -30.596992    -14.292000      1.819000 
    58.341782    -30.608992    -14.355000      1.806000 
    58.341794    -30.622017    -14.419000      1.824000 
    58.341806    -30.636000    -14.483000      1.850000 
    58.341817    -30.648993    -14.546000      1.872000 
    58.341829    -30.661024    -14.610000      1.883000 
    58.341840    -30.674017    -14.674000      1.884000 
    58.341852    -30.688000    -14.738000      1.879000 
    58.341863    -30.700993    -14.801000      1.887000 
    58.341875    -30.712000    -14.860000      1.894000 
    58.341887    -30.724993    -14.917000      1.902000 
    58.341898    -30.736992    -14.980000      1.909000 
    58.341910    -30.749985    -15.044000      1.916000 
    58.341921    -30.764000    -15.108000      1.922000 
    58.341933    -30.776000    -15.171000      1.927000 
    58.341944    -30.788992    -15.235000      1.931000 
    58.341956    -30.803007    -15.299000      1.934000 
    58.341968    -30.816000    -15.363000      1.937000 
    58.341979    -30.828000    -15.426000      1.939000 
    58.341991    -30.840992    -15.490000      1.940000 
    58.342002    -30.855007    -15.554000      1.941000 
    58.342014    -30.868000    -15.617000      1.940000 
    58.342025    -30.880000    -15.681000      1.941000 
    58.342037    -30.892992    -15.745000      1.935000 
    58.342049    -30.906015    -15.803000      1.931000 
    58.342060    -30.916992    -15.860000      1.927000 
    58.342072    -30.931007    -15.924000      1.928000 
    58.342083    -30.944000    -15.988000      1.923000 
    58.342095    -30.956000    -16.052000      1.918000 
    58.342106    -30.968992    -16.115000      1.913000 
    58.342118    -30.983007    -16.180000      1.907000 
    58.342130    -30.996000    -16.244000      1.901000 
    58.342141    -31.010015    -16.307000      1.894000 
    58.342153    -31.022017    -16.371000      1.885000 
    58.342164    -31.035007    -16.435000      1.873000 
    58.342176    -31.049025    -16.498000      1.861000 
    58.342187    -31.062016    -16.563000      1.855000 
    58.342199    -31.074017    -16.626000      1.855000 
    58.342211    -31.087008    -16.684000      1.860000 
    58.342222    -31.097984    -16.740000      1.868000 
    58.342234    -31.112000    -16.805000      1.877000 
    58.342245    -31.124992    -16.869000      1.888000 
    58.342257    -31.139008    -16.932000      1.898000 
    58.342269    -31.151009    -16.997000      1.905000 
   212.843796    -29.458015    -16.984000      2.827000 
   212.843808    -29.472000    -16.921000      2.867000 
   212.843819    -29.484000    -16.857000      2.887000 
   212.843831    -29.497025    -16.792000      2.890000 
   212.843843    -29.510977    -16.729000      2.883000 
   212.843854    -29.524992    -16.664000      2.884000 
   212.843866    -29.537985    -16.601000      2.870000 
   212.843877    -29.549984    -16.536000      2.852000 
   212.843889    -29.562977    -16.473000      2.825000 
   212.843900    -29.576992    -16.410000      2.833000 
   212.843912    -29.589985    -16.345000      2.844000 
   212.843924    -29.601025    -16.288000      2.859000 
   212.843935    -29.614016    -16.230000      2.879000 
   212.843947    -29.626017    -16.167000      2.902000 
   212.843958    -29.639008    -16.102000      2.922000 
   212.843970    -29.653025    -16.039000      2.922000 
   212.843981    -29.666977    -15.974000      2.904000 
   212.843993    -29.680000    -15.910000      2.876000 
   212.844005    -29.692000    -15.846000      2.863000 
   212.844016    -29.704992    -15.783000      2.924000 
   212.844028    -29.719007    -15.719000      2.947000 
   212.844039    -29.732000    -15.655000      2.845000 
   212.844051    -29.744000    -15.591000      2.654000 
   212.844063    -29.756992    -15.528000      2.567000 
   212.844074    -29.769024    -15.471000      2.622000 
   212.844086    -29.782017    -15.412000      2.709000 
   212.844097    -29.795008    -15.348000      2.773000 
   212.844109    -29.807009    -15.285000      2.761000 
   212.844120    -29.820000    -15.221000      2.710000 
   212.844132    -29.833984    -15.157000      2.699000 
   212.844144    -29.846975    -15.094000      2.704000 
   212.844155    -29.859009    -15.030000      2.718000 
   212.844167    -29.872000    -14.966000      2.736000 
   212.844178    -29.885984    -14.902000      2.752000 
   212.844190    -29.898975    -14.837000      2.775000 
   212.844201    -29.911009    -14.773000      2.797000 
   212.844213    -29.924000    -14.709000      2.822000 
   212.844225    -29.937023    -14.653000      2.847000 
   212.844236    -29.948000    -14.594000      2.872000 
   212.844248    -29.962015    -14.532000      2.896000 
   212.844259    -29.975008    -14.468000      2.921000 
   212.844271    -29.987007    -14.403000      2.949000 
   212.844282    -30.000000    -14.339000      2.977000 
   212.844294    -30.014015    -14.275000      3.002000 
   212.844306    -30.026016    -14.212000      3.006000 
   212.844317    -30.039007    -14.148000      2.964000 
   212.844329    -30.053024    -14.084000      2.943000 
   212.844340    -30.066015    -14.021000      2.985000 
   212.844352    -30.078016    -13.957000      3.062000 
   212.844363    -30.091007    -13.893000      3.126000 
   212.844375    -30.101984    -13.836000      3.104000 
   212.844387    -30.114977    -13.778000      2.987000 
   212.844398    -30.128000    -13.714000      2.796000 
   212.844410    -30.140000    -13.650000      2.599000 
   212.844421    -30.153025    -13.587000      2.460000 
   212.844433    -30.166016    -13.523000      2.453000 
   212.844444    -30.178017    -13.459000      2.537000 
   212.844456    -30.191008    -13.395000      2.650000 
   212.844468    -30.204992    -13.332000      2.707000 
   212.844479    -30.217024    -13.268000      2.659000 
   212.844491    -30.230017    -13.204001      2.581000 
   212.844502    -30.244000    -13.139000      2.539000 
   212.844514    -30.256992    -13.075000      2.506000 
   212.844525    -30.269024    -13.011000      2.496000 
   214.334051    -29.928000    -13.035000      2.896000 
   214.334063    -29.941025    -13.098000      2.890000 
   214.334074    -29.952991    -13.162000      2.887000 
   214.334086    -29.966017    -13.226000      2.883000 
   214.334097    -29.980000    -13.290000      2.879000 
   214.334109    -29.991009    -13.348000      2.874000 
   214.334120    -30.002975    -13.405000      2.865000 
   214.334132    -30.015009    -13.469000      2.843000 
   214.334144    -30.028000    -13.533000      2.825000 
   214.334155    -30.041985    -13.598000      2.817000 
   214.334167    -30.054976    -13.662000      2.811000 
   214.334178    -30.066977    -13.724000      2.807000 
   214.334190    -30.080000    -13.789000      2.807000 
   214.334201    -30.093985    -13.853000      2.810000 
   214.334213    -30.107008    -13.917000      2.816000 
   214.334225    -30.118977    -13.980000      2.825000 
   214.334236    -30.132000    -14.044000      2.836000 
   214.334248    -30.145985    -14.108000      2.848000 
   214.334259    -30.157024    -14.165000      2.861000 
   214.334271    -30.168000    -14.223000      2.874000 
   214.334282    -30.180992    -14.287000      2.885000 
   214.334294    -30.195007    -14.351000      2.893000 
   214.334306    -30.208000    -14.414000      2.898000 
   214.334317    -30.220000    -14.478000      2.900000 
   214.334329    -30.232992    -14.542000      2.898000 
   214.334340    -30.247007    -14.606000      2.894000 
   214.334352    -30.260000    -14.671000      2.886000 
   214.334363    -30.272000    -14.735000      2.872000 
   214.334375    -30.284992    -14.799000      2.852000 
   214.334387    -30.299007    -14.863000      2.834000 
   214.334398    -30.312000    -14.926000      2.822000 
   214.334410    -30.323008    -14.983000      2.815000 
   214.334421    -30.334976    -15.042000      2.817000 
   214.334433    -30.348000    -15.105000      2.822000 
   214.334444    -30.361984    -15.169000      2.831000 
   214.334456    -30.375008    -15.233000      2.846000 
   214.334468    -30.387009    -15.297000      2.858000 
   214.334479    -30.400000    -15.362001      2.861000 
   214.334491    -30.414017    -15.426000      2.870000 
   214.334502    -30.427008    -15.490000      2.886000 
   214.334514    -30.439009    -15.554000      2.908000 
   214.334525    -30.452000    -15.617000      2.924000 
   214.334537    -30.466017    -15.681000      2.921000 
   214.334549    -30.476992    -15.738000      2.902000 
   214.334560    -30.489985    -15.796000      2.874000 
   214.334572    -30.502975    -15.860000      2.842000 
   214.334583    -30.515009    -15.924000      2.808000 
   214.334595    -30.528992    -15.988000      2.776000 
   214.334606    -30.541985    -16.053000      2.750000 
   214.334618    -30.556000    -16.116000      2.735000 
   214.334630    -30.568993    -16.181000      2.733000 
   214.334641    -30.580992    -16.244000      2.736000 
   214.334653    -30.593985    -16.309000      2.733000 
   214.334664    -30.608000    -16.372000      2.722000 
   214.334676    -30.618977    -16.430000      2.705000 
   214.334688    -30.632000    -16.487000      2.723000 
   214.334699    -30.644000    -16.552000      2.765000 
   214.334711    -30.659008    -16.615000      2.813000 
   214.334722    -30.670977    -16.680000      2.820000 
   214.334734    -30.684992    -16.744000      2.794000 
   214.334745    -30.697985    -16.806000      2.752000 
   214.334757    -30.712000    -16.871000      2.723000 
   214.334769    -30.724993    -16.935000      2.721000 
   214.334780    -30.736992    -16.998000      2.726000 
   218.849039    -31.441025    -16.939000      2.671000 
   218.849051    -31.454975    -16.875000      2.664000 
   218.849063    -31.468992    -16.812000      2.678000 
   218.849074    -31.481983    -16.747000      2.715000 
   218.849086    -31.493984    -16.691000      2.728000 
   218.849097    -31.504992    -16.632000      2.714000 
   218.849109    -31.518017    -16.569000      2.678000 
   218.849120    -31.532000    -16.504000      2.628000 
   218.849132    -31.545025    -16.441000      2.570000 
   218.849144    -31.558975    -16.376000      2.549000 
   218.849155    -31.570976    -16.313000      2.546000 
   218.849167    -31.583967    -16.248000      2.524000 
   218.849178    -31.597984    -16.185000      2.487000 
   218.849190    -31.610975    -16.122000      2.466000 
   218.849201    -31.622976    -16.057000      2.459000 
   218.849213    -31.636992    -15.994000      2.454000 
   218.849225    -31.648993    -15.936000      2.447000 
   218.849236    -31.660000    -15.879000      2.399000 
   218.849248    -31.674017    -15.815000      2.390000 
   218.849259    -31.687008    -15.750000      2.374000 
   218.849271    -31.699009    -15.686000      2.370000 
   218.849282    -31.713024    -15.622000      2.369000 
   218.849294    -31.726015    -15.560000      2.367000 
   218.849306    -31.740000    -15.495000      2.364000 
   218.849317    -31.752993    -15.431000      2.361000 
   218.849329    -31.765024    -15.367000      2.360000 
   218.849340    -31.778015    -15.304000      2.363000 
   218.849352    -31.792000    -15.240000      2.372000 
   218.849363    -31.804993    -15.176000      2.380000 
   218.849375    -31.816000    -15.119000      2.389000 
   218.849387    -31.828000    -15.061000      2.395000 
   218.849398    -31.840992    -14.997000      2.394000 
   218.849410    -31.855007    -14.933000      2.395000 
   218.849421    -31.868000    -14.870000      2.404000 
   218.849433    -31.880000    -14.806000      2.423000 
   218.849444    -31.892992    -14.742000      2.441000 
   218.849456    -31.907007    -14.678000      2.445000 
   218.849468    -31.920000    -14.613000      2.441000 
   218.849479    -31.932000    -14.549000      2.433000 
   218.849491    -31.944992    -14.485000      2.423000 
   218.849502    -31.958977    -14.421000      2.409000 
   218.849514    -31.972000    -14.358000      2.392000 
   218.849525    -31.983007    -14.301000      2.373000 
   218.849537    -31.993984    -14.242000      2.347000 
   219.839120    -28.014015    -16.018000      2.634000 
   219.839132    -28.028000    -15.955000      2.607000 
   219.839144    -28.041023    -15.891000      2.583000 
   219.839155    -28.053024    -15.827000      2.644000 
   219.839167    -28.066015    -15.763000      2.738000 
   219.839178    -28.080000    -15.700000      2.739000 
   219.839190    -28.092000    -15.636000      2.673000 
   219.839201    -28.105024    -15.572000      2.631000 
   219.839213    -28.118977    -15.507000      2.620000 
   219.839225    -28.132000    -15.443000      2.635000 
   219.839236    -28.145985    -15.379000      2.666000 
   219.839248    -28.157024    -15.322000      2.700000 
   219.839259    -28.168000    -15.264000      2.733000 
   219.839271    -28.180992    -15.200000      2.751000 
   219.839282    -28.195007    -15.136000      2.768000 
   219.839294    -28.208000    -15.073000      2.792000 
   219.839306    -28.220000    -15.009000      2.834000 
   219.839317    -28.232992    -14.945000      2.859000 
   219.839329    -28.247007    -14.881000      2.812000 
   219.839340    -28.260000    -14.818000      2.693000 
   219.839352    -28.272000    -14.754000      2.736000 
   219.839363    -28.284992    -14.690000      2.818000 
   219.839375    -28.299007    -14.625000      2.940000 
   219.839387    -28.312000    -14.561000      2.989000 
   219.839398    -28.323008    -14.504000      2.977000 
   219.839410    -28.334976    -14.447000      2.909000 
   219.839421    -28.348000    -14.384000      2.834000 
   219.839433    -28.361984    -14.320000      2.775000 
   219.839444    -28.375008    -14.256000      2.754000 
   219.839456    -28.387009    -14.191000      2.752000 
   219.839468    -28.400000    -14.127000      2.763000 
   219.839479    -28.414017    -14.063000      2.787000 
   219.839491    -28.427008    -14.000000      2.831000 
   219.839502    -28.439009    -13.936000      2.893000 
   219.839514    -28.452000    -13.872000      2.930000 
   219.839525    -28.464993    -13.808000      2.932000 
   219.839537    -28.476992    -13.745000      2.900000 
   219.839549    -28.489985    -13.681000      2.843000 
   219.839560    -28.502975    -13.624000      2.766000 
   219.839572    -28.514015    -13.565000      2.710000 
   219.839583    -28.526016    -13.502000      2.750000 
   219.839595    -28.539007    -13.438000      2.822000 
   219.839606    -28.553024    -13.374000      2.909000 
   219.839618    -28.566015    -13.311000      2.951000 
   219.839630    -28.578016    -13.247000      2.961000 
   219.839641    -28.591007    -13.183000      2.859000 
   219.839653    -28.605024    -13.120000      2.740000 
   219.839664    -28.618015    -13.056000      2.674000 
   220.339363    -31.931007    -13.054000      2.342000 
   220.339375    -31.944992    -13.117000      2.329000 
   220.339387    -31.958015    -13.181000      2.316000 
   220.339398    -31.970016    -13.245000      2.305000 
   220.339410    -31.983007    -13.308000      2.297000 
   220.339421    -31.997025    -13.372000      2.290000 
   221.329259    -28.305984    -13.035000      2.061000 
   221.329271    -28.320000    -13.098000      2.054000 
   221.329282    -28.332993    -13.162000      2.047000 
   221.329294    -28.344992    -13.226000      2.041000 
   221.329306    -28.358015    -13.290000      2.036000 
   221.329317    -28.372000    -13.355000      2.030000 
   221.329329    -28.381985    -13.412000      2.025000 
   221.329340    -28.394016    -13.469000      2.020000 
   221.329352    -28.407007    -13.533000      2.015000 
   221.329363    -28.420992    -13.596000      2.009000 
   221.329375    -28.433985    -13.660000      2.002000 
   221.329387    -28.445984    -13.724000      1.990000 
   221.329398    -28.458977    -13.789000      1.976000 
   221.329410    -28.472992    -13.853000      1.963000 
   221.329421    -28.484000    -13.917000      1.953000 
   221.329433    -28.497025    -13.980000      1.947000 
   221.329444    -28.510977    -14.044000      1.945000 
   221.329456    -28.524000    -14.108000      1.946000 
   221.329468    -28.536000    -14.172000      1.950000 
   221.329479    -28.549025    -14.230000      1.964000 
   221.329491    -28.560000    -14.287000      1.987000 
   221.329502    -28.572992    -14.351000      1.983000 
   221.329514    -28.587008    -14.414000      1.946000 
   221.329525    -28.600000    -14.478000      1.925000 
   221.329537    -28.612000    -14.542000      1.913000 
   221.329549    -28.624992    -14.606000      1.896000 
   221.329560    -28.639008    -14.671000      1.875000 
   221.329572    -28.651009    -14.735000      1.858000 
   221.329583    -28.664000    -14.799000      1.842000 
   221.329595    -28.678017    -14.863000      1.826000 
   221.329606    -28.691008    -14.926000      1.809000 
   221.329618    -28.703009    -14.990000      1.790000 
   221.329630    -28.716000    -15.047000      1.767000 
   221.329641    -28.726015    -15.105000      1.743000 
   221.329653    -28.740000    -15.169000      1.732000 
   221.329664    -28.752993    -15.233000      1.737000 
   221.329676    -28.767008    -15.296000      1.757000 
   221.329688    -28.778976    -15.360000      1.787000 
   221.329699    -28.792000    -15.424000      1.820000 
   221.329711    -28.805984    -15.488000      1.850000 
   221.329722    -28.819008    -15.553000      1.858000 
   221.329734    -28.831009    -15.617000      1.843000 
   221.329745    -28.844000    -15.681000      1.824000 
   221.329757    -28.858015    -15.745000      1.803000 
   221.329769    -28.868992    -15.803000      1.780000 
   221.329780    -28.881985    -15.860000      1.759000 
   221.329792    -28.894016    -15.924000      1.744000 
   221.329803    -28.907007    -15.988000      1.731000 
   221.329815    -28.920992    -16.052000      1.723000 
   221.329826    -28.935007    -16.115000      1.716000 
   221.329838    -28.948000    -16.180000      1.709000 
   221.329850    -28.960000    -16.244000      1.698000 
   221.329861    -28.972992    -16.307000      1.687000 
   221.329873    -28.987007    -16.372000      1.678000 
   221.329884    -29.000000    -16.435000      1.671000 
   221.329896    -29.010977    -16.494000      1.666000 
   221.329907    -29.024000    -16.550000      1.663000 
   221.329919    -29.036000    -16.615000      1.661000 
   221.329931    -29.049984    -16.678000      1.660000 
   221.329942    -29.062977    -16.743000      1.659000 
   221.329954    -29.076992    -16.806000      1.659000 
   221.329965    -29.089985    -16.871000      1.659000 
   221.329977    -29.101984    -16.935000      1.658000 
   221.329988    -29.116000    -16.998000      1.650000 
   225.844282    -29.833984    -16.942000      1.699000 
   225.844294    -29.846975    -16.879000      1.691000 
   225.844306    -29.859009    -16.814000      1.688000 
   225.844317    -29.872000    -16.750000      1.686000 
   225.844329    -29.885984    -16.687000      1.686000 
   225.844340    -29.896992    -16.629000      1.688000 
   225.844352    -29.910015    -16.571000      1.690000 
   225.844363    -29.923008    -16.507000      1.694000 
   225.844375    -29.937023    -16.444000      1.698000 
   225.844387    -29.948992    -16.380000      1.704000 
   225.844398    -29.962015    -16.316000      1.709000 
   225.844410    -29.976000    -16.253000      1.715000 
   225.844421    -29.989023    -16.188000      1.715000 
   225.844433    -30.000992    -16.125000      1.714000 
   225.844444    -30.014015    -16.060000      1.721000 
   225.844456    -30.028000    -15.997000      1.722000 
   225.844468    -30.041985    -15.933000      1.718000 
   225.844479    -30.054976    -15.870000      1.711000 
   225.844491    -30.066015    -15.811000      1.701000 
   225.844502    -30.076992    -15.754000      1.686000 
   225.844514    -30.091007    -15.690000      1.669000 
   225.844525    -30.105024    -15.627000      1.658000 
   225.844537    -30.118015    -15.563000      1.657000 
   225.844549    -30.130016    -15.499000      1.666000 
   225.844560    -30.143007    -15.435000      1.680000 
   225.844572    -30.157024    -15.370000      1.700000 
   225.844583    -30.170015    -15.308000      1.719000 
   225.844595    -30.182016    -15.244000      1.732000 
   225.844606    -30.195007    -15.179000      1.739000 
   225.844618    -30.208992    -15.115000      1.740000 
   225.844630    -30.221985    -15.051000      1.744000 
   225.844641    -30.232992    -14.994000      1.746000 
   225.844653    -30.246016    -14.936000      1.746000 
   225.844664    -30.257984    -14.872000      1.748000 
   225.844676    -30.271008    -14.808000      1.756000 
   225.844688    -30.284992    -14.745000      1.768000 
   225.844699    -30.298016    -14.681000      1.779000 
   225.844711    -30.309984    -14.617000      1.789000 
   225.844722    -30.323008    -14.554000      1.797000 
   225.844734    -30.336992    -14.490000      1.808000 
   225.844745    -30.350016    -14.426000      1.818000 
   225.844757    -30.361984    -14.362001      1.828000 
   225.844769    -30.375008    -14.299000      1.837000 
   225.844780    -30.388992    -14.235000      1.844000 
   225.844792    -30.400000    -14.176000      1.850000 
   225.844803    -30.411009    -14.120000      1.855000 
   225.844815    -30.424000    -14.056000      1.860000 
   225.844826    -30.437984    -13.992000      1.867000 
   225.844838    -30.450975    -13.928000      1.875000 
   225.844850    -30.463009    -13.863000      1.876000 
   225.844861    -30.476000    -13.801000      1.865000 
   225.844873    -30.489985    -13.737001      1.849000 
   225.844884    -30.502975    -13.672000      1.855000 
   225.844896    -30.514015    -13.608000      1.879000 
   225.844907    -30.528000    -13.544000      1.902000 
   225.844919    -30.541023    -13.480000      1.922000 
   225.844931    -30.553024    -13.417000      1.935000 
   225.844942    -30.566015    -13.353000      1.942000 
   225.844954    -30.578016    -13.296000      1.942000 
   225.844965    -30.589985    -13.238000      1.938000 
   225.844977    -30.601984    -13.174000      1.933000 
   225.844988    -30.614977    -13.110000      1.932000 
   225.845000    -30.628992    -13.046000      1.933000 
   227.334549    -30.302015    -13.039000      1.773000 
   227.334560    -30.313984    -13.103000      1.770000 
   227.334572    -30.327007    -13.167000      1.771000 
   227.334583    -30.340992    -13.230000      1.777000 
   227.334595    -30.354015    -13.294000      1.786000 
   227.334606    -30.365984    -13.358000      1.792000 
   227.334618    -30.379007    -13.421000      1.792000 
   227.334630    -30.392000    -13.485000      1.785000 
   227.334641    -30.404000    -13.549000      1.775000 
   227.334653    -30.416992    -13.606000      1.766000 
   227.334664    -30.428000    -13.664000      1.759000 
   227.334676    -30.441025    -13.728000      1.755000 
   227.334688    -30.452991    -13.792000      1.754000 
   227.334699    -30.466017    -13.855000      1.750000 
   227.334711    -30.480000    -13.919000      1.745000 
   227.334722    -30.493025    -13.983000      1.732000 
   227.334734    -30.504992    -14.047000      1.709000 
   227.334745    -30.518017    -14.112001      1.688000 
   227.334757    -30.532000    -14.176000      1.673000 
   227.334769    -30.545025    -14.240000      1.660000 
   227.334780    -30.556992    -14.304000      1.647000 
   227.334792    -30.570017    -14.367000      1.636000 
   227.334803    -30.583008    -14.424000      1.629000 
   227.334815    -30.593985    -14.483000      1.624000 
   227.334826    -30.608000    -14.546000      1.621000 
   227.334838    -30.620993    -14.610000      1.619000 
   227.334850    -30.632992    -14.674000      1.616000 
   227.334861    -30.645985    -14.738000      1.612000 
   227.334873    -30.660000    -14.801000      1.608000 
   227.334884    -30.672993    -14.865000      1.606000 
   227.334896    -30.684992    -14.929000      1.605000 
   227.334907    -30.697985    -14.994000      1.604000 
   227.334919    -30.712000    -15.058000      1.602000 
   227.334931    -30.724993    -15.120000      1.599000 
   227.334942    -30.736992    -15.179000      1.596000 
   227.334954    -30.747007    -15.235000      1.592000 
   227.334965    -30.760992    -15.299000      1.587000 
   227.334977    -30.773985    -15.363000      1.582000 
   227.334988    -30.786016    -15.428000      1.576000 
   227.335000    -30.800000    -15.492000      1.569000 
   227.335012    -30.812992    -15.556000      1.562000 
   227.335023    -30.827007    -15.620000      1.555000 
   227.335035    -30.840000    -15.683000      1.548000 
   227.335046    -30.852000    -15.747000      1.541000 
   227.335058    -30.864992    -15.811000      1.536000 
   227.335069    -30.879007    -15.874000      1.531000 
   227.335081    -30.892000    -15.938000      1.527000 
   227.335093    -30.903008    -15.997000      1.528000 
   227.335104    -30.916000    -16.053000      1.530000 
   227.335116    -30.928000    -16.118000      1.530000 
   231.849433    -31.768000    -16.996000      2.174000 
   231.849444    -31.782017    -16.931000      2.192000 
   231.849456    -31.795008    -16.868000      2.216000 
   231.849468    -31.808992    -16.803000      2.237000 
   231.849479    -31.820992    -16.740000      2.254000 
   231.849491    -31.833984    -16.677000      2.268000 
   231.849502    -31.848000    -16.612000      2.277000 
   231.849514    -31.860992    -16.549000      2.278000 
   231.849525    -31.875008    -16.484000      2.282000 
   231.849537    -31.887009    -16.421000      2.294000 
   231.849549    -31.900000    -16.364000      2.320000 
   231.849560    -31.910015    -16.306000      2.349000 
   231.849572    -31.924000    -16.241000      2.373000 
   231.849583    -31.937984    -16.178000      2.380000 
   231.849595    -31.950975    -16.115000      2.363000 
   231.849606    -31.963009    -16.050000      2.328000 
   231.849618    -31.976000    -15.987001      2.288000 
   231.849630    -31.989985    -15.922000      2.248000 
   232.839282    -28.132000    -16.973000      2.061000 
   232.839294    -28.145985    -16.910000      2.051000 
   232.839306    -28.159008    -16.845000      2.046000 
   232.839317    -28.170977    -16.782000      2.045000 
   232.839329    -28.184000    -16.725000      2.047000 
   232.839340    -28.195007    -16.667000      2.052000 
   232.839352    -28.208992    -16.604000      2.061000 
   232.839363    -28.221985    -16.539000      2.070000 
   232.839375    -28.234016    -16.476000      2.079000 
   232.839387    -28.248000    -16.411000      2.087000 
   232.839398    -28.260992    -16.348000      2.094000 
   232.839410    -28.275007    -16.284000      2.096000 
   232.839421    -28.288000    -16.219000      2.085000 
   232.839433    -28.300000    -16.156000      2.064000 
   232.839444    -28.312992    -16.092000      2.057000 
   232.839456    -28.327007    -16.028000      2.086000 
   232.839468    -28.340992    -15.964000      2.131000 
   232.839479    -28.351007    -15.907000      2.173000 
   232.839491    -28.364000    -15.849000      2.163000 
   232.839502    -28.376000    -15.785000      2.159000 
   232.839514    -28.388992    -15.721000      2.167000 
   232.839525    -28.403008    -15.657000      2.167000 
   232.839537    -28.416992    -15.594000      2.153000 
   232.839549    -28.429983    -15.530000      2.127000 
   232.839560    -28.441984    -15.466000      2.090000 
   232.839572    -28.454975    -15.403000      2.051000 
   232.839583    -28.468992    -15.339000      2.017000 
   232.839595    -28.481983    -15.275000      1.994000 
   232.839606    -28.493984    -15.211000      1.984000 
   232.839618    -28.506975    -15.153000      1.984000 
   232.839630    -28.518017    -15.096000      2.002000 
   232.839641    -28.532000    -15.032000      2.051000 
   232.839653    -28.545025    -14.968000      2.090000 
   232.839664    -28.556992    -14.905000      2.102000 
   232.839676    -28.570017    -14.841000      2.085000 
   232.839688    -28.583967    -14.777000      2.053000 
   232.839699    -28.596992    -14.712000      2.022000 
   232.839711    -28.608992    -14.648000      2.002000 
   232.839722    -28.622017    -14.584000      1.994000 
   232.839734    -28.636000    -14.521000      1.988000 
   232.839745    -28.648993    -14.457000      1.987000 
   232.839757    -28.661024    -14.393000      1.990000 
   232.839769    -28.674017    -14.330000      1.998000 
   232.839780    -28.684992    -14.273000      2.006000 
   232.839792    -28.697985    -14.214000      2.013000 
   232.839803    -28.709984    -14.150000      2.017000 
   232.839815    -28.722977    -14.087000      2.022000 
   232.839826    -28.736992    -14.023000      2.031000 
   232.839838    -28.749985    -13.959000      2.054000 
   232.839850    -28.761984    -13.896000      2.070000 
   232.839861    -28.775007    -13.832000      2.062000 
   232.839873    -28.788992    -13.768000      2.042000 
   232.839884    -28.802015    -13.704001      2.028000 
   232.839896    -28.813984    -13.641000      2.023000 
   232.839907    -28.827007    -13.577000      2.030000 
   232.839919    -28.840000    -13.513000      2.045000 
   232.839931    -28.852000    -13.448000      2.062000 
   232.839942    -28.864992    -13.391000      2.076000 
   232.839954    -28.876000    -13.334000      2.082000 
   232.839965    -28.888992    -13.270000      2.080000 
   232.839977    -28.900991    -13.205000      2.083000 
   232.839988    -28.914017    -13.143000      2.087000 
   232.840000    -28.928000    -13.079001      2.091000 
   232.840012    -28.941025    -13.014000      2.090000 
   234.329502    -28.583008    -13.002000      2.512000 
   234.329514    -28.595009    -13.066000      2.544000 
   234.329525    -28.608000    -13.131000      2.578000 
   234.329537    -28.622017    -13.193000      2.612000 
   234.329549    -28.635008    -13.257000      2.641000 
   234.329560    -28.645985    -13.322000      2.665000 
   234.329572    -28.660000    -13.386000      2.681000 
   234.329583    -28.672993    -13.450000      2.692000 
   234.329595    -28.684992    -13.513000      2.697000 
   234.329606    -28.697985    -13.570000      2.697000 
   234.329618    -28.708992    -13.629000      2.691000 
   234.329630    -28.721985    -13.691000      2.681000 
   234.329641    -28.734016    -13.756000      2.667000 
   234.329653    -28.747007    -13.820000      2.650000 
   234.329664    -28.760992    -13.884000      2.631000 
   234.329676    -28.773985    -13.947000      2.609000 
   234.329688    -28.786016    -14.011000      2.575000 
   234.329699    -28.799007    -14.075000      2.546000 
   234.329711    -28.812992    -14.138000      2.563000 
   234.329722    -28.825983    -14.202000      2.595000 
   234.329734    -28.838017    -14.266000      2.629000 
   234.329745    -28.851007    -14.330000      2.671000 
   234.329757    -28.864992    -14.395000      2.739000 
   234.329769    -28.876000    -14.452000      2.806000 
   234.329780    -28.887009    -14.509000      2.865000 
   234.329792    -28.900000    -14.572000      2.864000 
   234.329803    -28.914017    -14.636000      2.826000 
   234.329815    -28.927008    -14.700000      2.813000 
   234.329826    -28.939009    -14.764000      2.877000 
   234.329838    -28.952000    -14.829001      2.933000 
   234.329850    -28.966017    -14.893000      2.875000 
   234.329861    -28.979008    -14.955000      2.764000 
   234.329873    -28.991009    -15.020000      2.665000 
   234.329884    -29.004000    -15.084000      2.620000 
   234.329896    -29.018017    -15.148000      2.593000 
   234.329907    -29.032000    -15.212000      2.581000 
   234.329919    -29.041985    -15.268000      2.566000 
   234.329931    -29.054976    -15.327000      2.547000 
   234.329942    -29.066977    -15.391000      2.533000 
   234.329954    -29.080000    -15.455000      2.526000 
   234.329965    -29.093985    -15.518000      2.529000 
   234.329977    -29.107008    -15.582000      2.537000 
   234.329988    -29.118977    -15.646000      2.549000 
   234.330000    -29.132992    -15.709000      2.563000 
   234.330012    -29.145985    -15.773000      2.586000 
   234.330023    -29.160000    -15.837000      2.611000 
   234.330035    -29.172993    -15.902000      2.635000 
   234.330046    -29.184992    -15.966000      2.618000 
   234.330058    -29.197985    -16.029000      2.583000 
   234.330069    -29.209984    -16.087000      2.563000 
   234.330081    -29.222977    -16.144000      2.569000 
   234.330093    -29.236000    -16.208000      2.584000 
   234.330104    -29.248000    -16.271000      2.595000 
   234.330116    -29.260992    -16.335000      2.581000 
   234.330127    -29.275007    -16.400000      2.557000 
   234.330139    -29.288000    -16.463000      2.526000 
   234.330150    -29.302015    -16.528000      2.512000 
   234.330162    -29.313984    -16.591000      2.510000 
   234.330174    -29.327007    -16.654000      2.519000 
   234.330185    -29.340992    -16.719000      2.508000 
   234.330197    -29.354015    -16.782000      2.494000 
   234.330208    -29.364992    -16.841000      2.484000 
   234.330220    -29.377983    -16.897000      2.468000 
   234.330231    -29.390017    -16.962000      2.448000 
   238.844259    -30.014015    -16.953000      2.216000 
   238.844271    -30.028000    -16.889000      2.194000 
   238.844282    -30.041985    -16.826000      2.165000 
   238.844294    -30.054976    -16.761000      2.132000 
   238.844306    -30.066977    -16.698000      2.102000 
   238.844317    -30.080000    -16.633000      2.085000 
   238.844329    -30.093985    -16.570000      2.083000 
   238.844340    -30.108000    -16.507000      2.093000 
   238.844352    -30.120993    -16.442000      2.110000 
   238.844363    -30.132992    -16.379000      2.126000 
   238.844375    -30.145985    -16.321000      2.138000 
   238.844387    -30.157024    -16.264000      2.121000 
   238.844398    -30.170977    -16.199000      2.082000 
   238.844410    -30.184000    -16.136000      2.033000 
   238.844421    -30.195969    -16.071000      2.004000 
   238.844433    -30.208992    -16.008000      2.000000 
   238.844444    -30.222977    -15.945000      2.011000 
   238.844456    -30.236000    -15.881000      2.031000 
   238.844468    -30.248000    -15.816000      2.057000 
   238.844479    -30.261984    -15.752000      2.082000 
   238.844491    -30.275007    -15.688000      2.109000 
   238.844502    -30.288992    -15.624000      2.133000 
   238.844514    -30.302015    -15.561000      2.154000 
   238.844525    -30.312992    -15.504000      2.175000 
   238.844537    -30.324000    -15.445000      2.195000 
   238.844549    -30.338017    -15.382000      2.213000 
   238.844560    -30.351007    -15.318000      2.230000 
   238.844572    -30.364992    -15.254000      2.248000 
   238.844583    -30.377983    -15.190000      2.265000 
   238.844595    -30.390017    -15.127000      2.282000 
   238.844606    -30.403008    -15.063000      2.296000 
   238.844618    -30.416992    -14.999000      2.308000 
   238.844630    -30.429983    -14.935000      2.319000 
   238.844641    -30.441984    -14.872000      2.326000 
   238.844653    -30.454975    -14.808000      2.331000 
   238.844664    -30.468992    -14.744000      2.332000 
   238.844676    -30.480000    -14.686000      2.331000 
   238.844688    -30.491009    -14.629000      2.324000 
   238.844699    -30.504000    -14.565000      2.312000 
   238.844711    -30.518017    -14.500000      2.296000 
   238.844722    -30.531008    -14.438000      2.276000 
   238.844734    -30.543009    -14.374000      2.251000 
   238.844745    -30.556000    -14.310000      2.225000 
   238.844757    -30.570017    -14.245000      2.200000 
   238.844769    -30.583008    -14.181000      2.185000 
   238.844780    -30.595009    -14.117000      2.203000 
   238.844792    -30.608000    -14.054000      2.256000 
   238.844803    -30.622017    -13.990000      2.295000 
   238.844815    -30.635008    -13.926000      2.304000 
   238.844826    -30.647009    -13.863000      2.288000 
   238.844838    -30.660000    -13.806000      2.263000 
   238.844850    -30.670977    -13.747000      2.239000 
   238.844861    -30.684000    -13.683000      2.218000 
   238.844873    -30.695969    -13.620000      2.194000 
   238.844884    -30.708992    -13.556000      2.174000 
   238.844896    -30.722977    -13.492000      2.160000 
   238.844907    -30.736000    -13.429000      2.149000 
   238.844919    -30.748000    -13.365000      2.143000 
   238.844931    -30.760992    -13.301000      2.135000 
   238.844942    -30.775007    -13.237000      2.129000 
   238.844954    -30.786016    -13.174000      2.127000 
   238.844965    -30.799007    -13.110000      2.129000 
   238.844977    -30.812992    -13.046000      2.134000 
   240.334433    -30.450975    -13.035000      2.188000 
   240.334444    -30.463009    -13.098000      2.187000 
   240.334456    -30.476000    -13.162000      2.170000 
   240.334468    -30.489985    -13.226000      2.138000 
   240.334479    -30.502975    -13.289000      2.125000 
   240.334491    -30.515009    -13.353000      2.127000 
   240.334502    -30.528000    -13.417000      2.144000 
   240.334514    -30.541985    -13.481000      2.168000 
   240.334525    -30.554976    -13.546000      2.199000 
   240.334537    -30.566977    -13.610000      2.233000 
   240.334549    -30.580000    -13.672000      2.266000 
   240.334560    -30.591007    -13.730000      2.294000 
   240.334572    -30.604000    -13.787000      2.319000 
   240.334583    -30.616000    -13.851000      2.339000 
   240.334595    -30.628992    -13.915000      2.352000 
   240.334606    -30.643007    -13.980000      2.358000 
   240.334618    -30.656000    -14.044000      2.361000 
   240.334630    -30.666977    -14.106000      2.362000 
   240.334641    -30.680992    -14.171000      2.364000 
   240.334653    -30.693983    -14.235000      2.363000 
   240.334664    -30.705984    -14.299000      2.362000 
   240.334676    -30.719007    -14.363000      2.363000 
   240.334688    -30.732992    -14.426000      2.371000 
   240.334699    -30.746016    -14.490000      2.383000 
   240.334711    -30.757984    -14.554000      2.384000 
   240.334722    -30.771008    -14.612001      2.355000 
   240.334734    -30.782017    -14.669000      2.333000 
   240.334745    -30.796000    -14.733000      2.331000 
   240.334757    -30.808992    -14.796000      2.335000 
   240.334769    -30.820992    -14.860000      2.333000 
   240.334780    -30.833984    -14.924000      2.330000 
   240.334792    -30.848000    -14.988000      2.325000 
   240.334803    -30.860992    -15.051000      2.316000 
   240.334815    -30.872992    -15.115000      2.308000 
   240.334826    -30.885984    -15.179000      2.303000 
   240.334838    -30.900000    -15.244000      2.297000 
   240.334850    -30.912992    -15.306000      2.291000 
   240.334861    -30.924992    -15.370000      2.284000 
   240.334873    -30.937984    -15.429000      2.278000 
   240.334884    -30.948992    -15.485000      2.268000 
   240.334896    -30.962015    -15.549000      2.253000 
   240.334907    -30.976000    -15.613000      2.239000 
   240.334919    -30.989023    -15.678000      2.229000 
   240.334931    -31.000992    -15.740000      2.219000 
   240.334942    -31.014015    -15.804000      2.221000 
   240.334954    -31.028000    -15.869000      2.234000 
   240.334965    -31.041023    -15.933000      2.233000 
   240.334977    -31.053024    -15.997000      2.203000 
   240.334988    -31.066015    -16.060000      2.165000 
   240.335000    -31.080000    -16.125000      2.150000 
   240.335012    -31.093985    -16.188000      2.159000 
   240.335023    -31.107008    -16.251000      2.170000 
   240.335035    -31.118977    -16.310000      2.167000 
   240.335046    -31.130016    -16.366000      2.160000 
   240.335058    -31.143007    -16.431000      2.152000 
   240.335069    -31.157024    -16.494000      2.144000 
   240.335081    -31.170015    -16.559000      2.133000 
   240.335093    -31.182016    -16.622000      2.126000 
   240.335104    -31.195007    -16.687000      2.126000 
   240.335116    -31.208992    -16.750000      2.141000 
   240.335127    -31.222977    -16.813000      2.164000 
   240.335139    -31.236000    -16.878000      2.180000 
   240.335150    -31.248000    -16.941000      2.186000 
   244.848981    -31.799007    -16.983000      3.815000 
   244.848993    -31.812992    -16.918000      3.858000 
   244.849005    -31.825983    -16.855000      3.880000 
   244.849016    -31.838017    -16.791000      3.830000 
   244.849028    -31.851007    -16.733000      3.762000 
   244.849039    -31.861984    -16.675000      3.721000 
   244.849051    -31.875008    -16.612000      3.679000 
   244.849063    -31.888992    -16.548000      3.644000 
   244.849074    -31.900991    -16.484000      3.608000 
   244.849086    -31.916000    -16.421000      3.568000 
   244.849097    -31.928000    -16.357000      3.533000 
   244.849109    -31.941025    -16.292000      3.501000 
   244.849120    -31.954975    -16.229000      3.476000 
   244.849132    -31.967009    -16.164000      3.460000 
   244.849144    -31.980000    -16.101000      3.452000 
   244.849155    -31.993984    -16.038000      3.451000 
