    33.488368    -26.211092     -3.040616      2.050000 
    33.488380    -26.224201     -3.099712      2.048000 
    33.488391    -26.237314     -3.158808      2.048000 
    33.488403    -26.250427     -3.217903      2.048000 
    33.488414    -26.263540     -3.276998      2.050000 
    33.488426    -26.276655     -3.336093      2.053000 
    33.488437    -26.289772     -3.395187      2.052000 
    33.488449    -26.302889     -3.454281      2.048000 
    33.488461    -26.316008     -3.513375      2.043000 
    33.488472    -26.329126     -3.572468      2.039000 
    33.488484    -26.342247     -3.631561      2.035000 
    33.488495    -26.355368     -3.690654      2.027000 
    33.488507    -26.368490     -3.749747      2.011000 
    33.488519    -26.381615     -3.808839      1.987000 
    33.488530    -26.394740     -3.867931      1.957000 
    33.488542    -26.407866     -3.927022      1.933000 
    33.488553    -26.420994     -3.986113      1.925000 
    33.488565    -26.434122     -4.045204      1.912000 
    33.488576    -26.447252     -4.104295      1.896000 
    33.488588    -26.460382     -4.163385      1.879000 
    33.488600    -26.473516     -4.222475      1.858000 
    33.488611    -26.486649     -4.281564      1.850000 
    33.488623    -26.499784     -4.340653      1.848000 
    33.488634    -26.512920     -4.399742      1.854000 
    33.488646    -26.526058     -4.458830      1.860000 
    33.488657    -26.539200     -4.517918      1.862000 
    33.488669    -26.552340     -4.577006      1.861000 
    33.488681    -26.565481     -4.636093      1.860000 
    33.488692    -26.578625     -4.695180      1.860000 
    33.488704    -26.591770     -4.754267      1.860000 
    33.488715    -26.604918     -4.813353      1.864000 
    33.488727    -26.618065     -4.872439      1.873000 
    33.488738    -26.631214     -4.931524      1.885000 
    33.488750    -26.644365     -4.990609      1.901000 
    33.488762    -26.657518     -5.049694      1.918000 
    33.488773    -26.670673     -5.108778      1.936000 
    33.488785    -26.683830     -5.167862      1.955000 
    33.488796    -26.696987     -5.226945      1.969000 
    33.488808    -26.710148     -5.286028      1.985000 
    33.488819    -26.723309     -5.345111      2.000000 
    33.488831    -26.736471     -5.404193      2.013000 
    33.488843    -26.749636     -5.463275      2.022000 
    33.488854    -26.762800     -5.522356      2.030000 
    33.488866    -26.775969     -5.581437      2.039000 
    33.488877    -26.789139     -5.640517      2.046000 
    33.488889    -26.802310     -5.699598      2.049000 
    33.488900    -26.815483     -5.758677      2.049000 
    33.488912    -26.828660     -5.817756      2.044000 
    33.488924    -26.841837     -5.876835      2.032000 
    33.488935    -26.855015     -5.935914      2.017000 
    33.488947    -26.868196     -5.994992      2.005000 
    33.488958    -26.881378     -6.054069      1.997000 
    33.488970    -26.894564     -6.113146      1.989000 
    33.488981    -26.907750     -6.172223      1.982000 
    33.488993    -26.920938     -6.231299      1.977000 
    33.489005    -26.934128     -6.290375      1.979000 
    33.489016    -26.947320     -6.349450      1.987000 
    33.489028    -26.960514     -6.408525      1.991000 
    33.489039    -26.973713     -6.467599      1.985000 
    33.489051    -26.986912     -6.526673      1.982000 
    34.994248    -26.809174     -6.980683      2.528000 
    34.994259    -26.822388     -6.921622      2.525000 
    34.994271    -26.835600     -6.862560      2.520000 
    34.994282    -26.848808     -6.803498      2.515000 
    34.994294    -26.862017     -6.744435      2.510000 
    34.994306    -26.875221     -6.685372      2.504000 
    34.994317    -26.888424     -6.626309      2.497000 
    34.994329    -26.901625     -6.567245      2.489000 
    34.994340    -26.914824     -6.508180      2.481000 
    34.994352    -26.928020     -6.449115      2.473000 
    34.994363    -26.941216     -6.390050      2.464000 
    34.994375    -26.954409     -6.330984      2.453000 
    34.994387    -26.967600     -6.271917      2.442000 
    34.994398    -26.980787     -6.212850      2.435000 
    34.994410    -26.993975     -6.153783      2.434000 
    37.485775    -25.277780     -3.045906      1.932000 
    37.485787    -25.290892     -3.105001      1.940000 
    37.485799    -25.304005     -3.164096      1.947000 
    37.485810    -25.317118     -3.223190      1.955000 
    37.485822    -25.330233     -3.282285      1.963000 
    37.485833    -25.343348     -3.341379      1.969000 
    37.485845    -25.356462     -3.400472      1.976000 
    37.485856    -25.369580     -3.459566      1.981000 
    37.485868    -25.382698     -3.518659      1.993000 
    37.485880    -25.395819     -3.577752      2.003000 
    37.485891    -25.408940     -3.636844      2.005000 
    37.485903    -25.422060     -3.695936      1.999000 
    37.485914    -25.435183     -3.755028      1.986000 
    37.485926    -25.448307     -3.814119      1.981000 
    37.485938    -25.461433     -3.873211      1.988000 
    37.485949    -25.474560     -3.932301      2.002000 
    37.485961    -25.487686     -3.991392      2.009000 
    37.485972    -25.500816     -4.050482      2.006000 
    37.485984    -25.513947     -4.109572      1.996000 
    37.485995    -25.527079     -4.168661      1.993000 
    37.486007    -25.540210     -4.227750      1.990000 
    37.486019    -25.553345     -4.286839      1.987000 
    37.486030    -25.566480     -4.345927      1.984000 
    37.486042    -25.579617     -4.405015      1.980000 
    37.486053    -25.592754     -4.464103      1.977000 
    37.486065    -25.605894     -4.523190      1.974000 
    37.486076    -25.619036     -4.582277      1.971000 
    37.486088    -25.632177     -4.641364      1.968000 
    37.486100    -25.645323     -4.700450      1.965000 
    37.486111    -25.658468     -4.759536      1.963000 
    37.486123    -25.671616     -4.818621      1.960000 
    37.486134    -25.684763     -4.877706      1.956000 
    37.486146    -25.697912     -4.936791      1.951000 
    37.486157    -25.711065     -4.995875      1.945000 
    37.486169    -25.724218     -5.054959      1.941000 
    37.486181    -25.737373     -5.114043      1.939000 
    37.486192    -25.750528     -5.173126      1.938000 
    37.486204    -25.763687     -5.232208      1.937000 
    37.486215    -25.776848     -5.291291      1.935000 
    37.486227    -25.790009     -5.350373      1.930000 
    37.486238    -25.803171     -5.409454      1.923000 
    37.486250    -25.816336     -5.468535      1.915000 
    37.486262    -25.829502     -5.527616      1.907000 
    37.486273    -25.842670     -5.586696      1.899000 
    37.486285    -25.855840     -5.645776      1.895000 
    37.486296    -25.869013     -5.704855      1.892000 
    37.486308    -25.882187     -5.763934      1.891000 
    37.486319    -25.895363     -5.823013      1.896000 
    37.486331    -25.908539     -5.882091      1.899000 
    37.486343    -25.921719     -5.941168      1.900000 
    37.486354    -25.934900     -6.000246      1.902000 
    37.486366    -25.948084     -6.059322      1.908000 
    37.486377    -25.961267     -6.118399      1.914000 
    37.486389    -25.974455     -6.177475      1.921000 
    37.486400    -25.987642     -6.236550      1.927000 
    37.486412    -26.000834     -6.295625      1.933000 
    37.486424    -26.014027     -6.354699      1.938000 
    37.486435    -26.027222     -6.413774      1.938000 
    37.486447    -26.040419     -6.472847      1.942000 
    37.486458    -26.053617     -6.531920      1.948000 
    37.486470    -26.066818     -6.590993      1.955000 
    37.486481    -26.080023     -6.650065      1.956000 
    37.486493    -26.093227     -6.709137      1.949000 
    37.486505    -26.106436     -6.768208      1.943000 
    37.486516    -26.119644     -6.827279      1.941000 
    37.486528    -26.132856     -6.886349      1.943000 
    37.486539    -26.146070     -6.945419      1.940000 
    38.991667    -25.883644     -6.953084      1.841000 
    38.991678    -25.896856     -6.894022      1.865000 
    38.991690    -25.910069     -6.834961      1.874000 
    38.991701    -25.923277     -6.775898      1.861000 
    38.991713    -25.936483     -6.716836      1.839000 
    38.991725    -25.949686     -6.657772      1.829000 
    38.991736    -25.962890     -6.598709      1.835000 
    38.991748    -25.976090     -6.539644      1.850000 
    38.991759    -25.989288     -6.480580      1.858000 
    38.991771    -26.002483     -6.421515      1.853000 
    38.991782    -26.015678     -6.362449      1.835000 
    38.991794    -26.028870     -6.303383      1.840000 
    38.991806    -26.042060     -6.244317      1.845000 
    38.991817    -26.055248     -6.185250      1.833000 
    38.991829    -26.068434     -6.126182      1.825000 
    38.991840    -26.081617     -6.067114      1.817000 
    38.991852    -26.094800     -6.008046      1.809000 
    38.991863    -26.107980     -5.948977      1.802000 
    38.991875    -26.121159     -5.889908      1.797000 
    38.991887    -26.134335     -5.830838      1.797000 
    38.991898    -26.147509     -5.771768      1.801000 
    38.991910    -26.160683     -5.712698      1.798000 
    38.991921    -26.173853     -5.653627      1.786000 
    38.991933    -26.187021     -5.594555      1.781000 
    38.991944    -26.200190     -5.535484      1.777000 
    38.991956    -26.213354     -5.476411      1.777000 
    38.991968    -26.226519     -5.417339      1.789000 
    38.991979    -26.239681     -5.358266      1.794000 
    38.991991    -26.252842     -5.299192      1.799000 
    38.992002    -26.266000     -5.240118      1.804000 
    38.992014    -26.279158     -5.181044      1.807000 
    38.992025    -26.292313     -5.121969      1.805000 
    38.992037    -26.305468     -5.062894      1.797000 
    38.992049    -26.318619     -5.003819      1.793000 
    38.992060    -26.331770     -4.944743      1.786000 
    38.992072    -26.344920     -4.885667      1.777000 
    38.992083    -26.358067     -4.826590      1.769000 
    38.992095    -26.371212     -4.767513      1.764000 
    38.992106    -26.384357     -4.708436      1.761000 
    38.992118    -26.397500     -4.649358      1.760000 
    38.992130    -26.410640     -4.590280      1.761000 
    38.992141    -26.423780     -4.531201      1.765000 
    38.992153    -26.436920     -4.472122      1.770000 
    38.992164    -26.450056     -4.413043      1.775000 
    38.992176    -26.463194     -4.353963      1.780000 
    38.992188    -26.476328     -4.294883      1.782000 
    38.992199    -26.489462     -4.235803      1.783000 
    38.992211    -26.502592     -4.176722      1.782000 
    38.992222    -26.515722     -4.117641      1.777000 
    38.992234    -26.528852     -4.058560      1.770000 
    38.992245    -26.541980     -3.999478      1.762000 
    38.992257    -26.555107     -3.940396      1.752000 
    38.992269    -26.568233     -3.881314      1.743000 
    38.992280    -26.581356     -3.822231      1.734000 
    38.992292    -26.594480     -3.763148      1.725000 
    38.992303    -26.607601     -3.704064      1.718000 
    38.992315    -26.620724     -3.644980      1.712000 
    38.992326    -26.633842     -3.585896      1.707000 
    38.992338    -26.646961     -3.526812      1.712000 
    38.992350    -26.660078     -3.467727      1.712000 
    38.992361    -26.673195     -3.408642      1.705000 
    38.992373    -26.686310     -3.349557      1.706000 
    38.992384    -26.699425     -3.290471      1.706000 
    38.992396    -26.712538     -3.231385      1.707000 
    38.992407    -26.725649     -3.172299      1.707000 
    38.992419    -26.738760     -3.113212      1.706000 
    38.992431    -26.751870     -3.054125      1.705000 
    41.483194    -24.350010     -3.053962      1.991000 
    41.483206    -24.363120     -3.113057      2.004000 
    41.483218    -24.376230     -3.172152      2.017000 
    41.483229    -24.389343     -3.231247      2.032000 
    41.483241    -24.402456     -3.290342      2.045000 
    41.483252    -24.415571     -3.349436      2.057000 
    41.483264    -24.428686     -3.408530      2.069000 
    41.483275    -24.441805     -3.467623      2.076000 
    41.483287    -24.454922     -3.526716      2.080000 
    41.483299    -24.468040     -3.585809      2.084000 
    41.483310    -24.481161     -3.644902      2.088000 
    41.483322    -24.494282     -3.703994      2.096000 
    41.483333    -24.507404     -3.763086      2.095000 
    41.483345    -24.520527     -3.822177      2.088000 
    41.483356    -24.533651     -3.881269      2.080000 
    41.483368    -24.546778     -3.940359      2.074000 
    41.483380    -24.559904     -3.999450      2.068000 
    41.483391    -24.573034     -4.058540      2.065000 
    41.483403    -24.586163     -4.117630      2.064000 
    41.483414    -24.599295     -4.176720      2.067000 
    41.483426    -24.612427     -4.235809      2.074000 
    41.483437    -24.625560     -4.294898      2.084000 
    41.483449    -24.638695     -4.353986      2.098000 
    41.483461    -24.651830     -4.413074      2.115000 
    41.483472    -24.664968     -4.472162      2.137000 
    41.483484    -24.678108     -4.531249      2.162000 
    41.483495    -24.691250     -4.590336      2.186000 
    41.483507    -24.704391     -4.649423      2.210000 
    41.483519    -24.717533     -4.708509      2.231000 
    41.483530    -24.730679     -4.767595      2.250000 
    41.483542    -24.743826     -4.826681      2.264000 
    41.483553    -24.756973     -4.885766      2.273000 
    41.483565    -24.770123     -4.944851      2.278000 
    41.483576    -24.783274     -5.003935      2.280000 
    41.483588    -24.796427     -5.063019      2.281000 
    41.483600    -24.809582     -5.122103      2.281000 
    41.483611    -24.822737     -5.181186      2.278000 
    41.483623    -24.835894     -5.240268      2.274000 
    41.483634    -24.849052     -5.299351      2.269000 
    41.483646    -24.862213     -5.358433      2.262000 
    41.483657    -24.875378     -5.417514      2.254000 
    41.483669    -24.888540     -5.476595      2.245000 
    41.483681    -24.901707     -5.535676      2.236000 
    41.483692    -24.914875     -5.594756      2.227000 
    41.483704    -24.928043     -5.653836      2.219000 
    41.483715    -24.941216     -5.712916      2.211000 
    41.483727    -24.954390     -5.771995      2.203000 
    41.483738    -24.967564     -5.831073      2.198000 
    41.483750    -24.980740     -5.890152      2.194000 
    41.483762    -24.993920     -5.949229      2.192000 
    41.483773    -25.007100     -6.008307      2.192000 
    41.483785    -25.020283     -6.067383      2.193000 
    41.483796    -25.033466     -6.126460      2.194000 
    41.483808    -25.046654     -6.185536      2.194000 
    41.483819    -25.059841     -6.244611      2.193000 
    41.483831    -25.073032     -6.303686      2.193000 
    41.483843    -25.086224     -6.362761      2.193000 
    41.483854    -25.099419     -6.421835      2.191000 
    41.483866    -25.112616     -6.480909      2.189000 
    41.483877    -25.125813     -6.539982      2.188000 
    41.483889    -25.139013     -6.599055      2.185000 
    41.483900    -25.152218     -6.658127      2.181000 
    41.483912    -25.165420     -6.717199      2.175000 
    41.483924    -25.178629     -6.776270      2.168000 
    41.483935    -25.191837     -6.835341      2.160000 
    41.483947    -25.205050     -6.894411      2.151000 
    41.483958    -25.218262     -6.953481      2.144000 
    42.989074    -24.945305     -6.991017      1.312000 
    42.989086    -24.958517     -6.931956      1.316000 
    42.989097    -24.971730     -6.872894      1.320000 
    42.989109    -24.984938     -6.813832      1.324000 
    42.989120    -24.998144     -6.754770      1.329000 
    42.989132    -25.011349     -6.695706      1.334000 
    42.989144    -25.024551     -6.636643      1.340000 
    42.989155    -25.037750     -6.577579      1.347000 
    42.989167    -25.050950     -6.518514      1.354000 
    42.989178    -25.064144     -6.459449      1.360000 
    42.989190    -25.077340     -6.400383      1.365000 
    42.989201    -25.090530     -6.341317      1.370000 
    42.989213    -25.103720     -6.282251      1.376000 
    42.989225    -25.116907     -6.223184      1.383000 
    42.989236    -25.130095     -6.164116      1.390000 
    42.989248    -25.143278     -6.105049      1.397000 
    42.989259    -25.156460     -6.045980      1.405000 
    42.989271    -25.169640     -5.986912      1.413000 
    42.989282    -25.182817     -5.927842      1.416000 
    42.989294    -25.195993     -5.868773      1.420000 
    42.989306    -25.209167     -5.809703      1.431000 
    42.989317    -25.222342     -5.750632      1.449000 
    42.989329    -25.235512     -5.691561      1.471000 
    42.989340    -25.248680     -5.632490      1.486000 
    42.989352    -25.261847     -5.573418      1.488000 
    42.989363    -25.275011     -5.514346      1.483000 
    42.989375    -25.288176     -5.455273      1.484000 
    42.989387    -25.301338     -5.396200      1.487000 
    42.989398    -25.314499     -5.337127      1.488000 
    42.989410    -25.327656     -5.278053      1.487000 
    42.989421    -25.340813     -5.218979      1.486000 
    42.989433    -25.353968     -5.159904      1.486000 
    42.989444    -25.367123     -5.100829      1.484000 
    42.989456    -25.380274     -5.041753      1.481000 
    42.989468    -25.393423     -4.982678      1.479000 
    42.989479    -25.406572     -4.923601      1.478000 
    42.989491    -25.419720     -4.864525      1.478000 
    42.989502    -25.432865     -4.805448      1.476000 
    42.989514    -25.446009     -4.746370      1.476000 
    42.989525    -25.459152     -4.687292      1.470000 
    42.989537    -25.472294     -4.628214      1.453000 
    42.989549    -25.485432     -4.569136      1.431000 
    42.989560    -25.498570     -4.510057      1.416000 
    42.989572    -25.511707     -4.450977      1.421000 
    42.989583    -25.524843     -4.391898      1.444000 
    42.989595    -25.537977     -4.332818      1.474000 
    42.989606    -25.551110     -4.273737      1.501000 
    42.989618    -25.564240     -4.214656      1.528000 
    42.989630    -25.577370     -4.155575      1.551000 
    42.989641    -25.590500     -4.096494      1.560000 
    42.989653    -25.603626     -4.037412      1.552000 
    42.989664    -25.616753     -3.978330      1.553000 
    42.989676    -25.629877     -3.919247      1.561000 
    42.989688    -25.643002     -3.860165      1.571000 
    42.989699    -25.656122     -3.801081      1.579000 
    42.989711    -25.669245     -3.741998      1.583000 
    42.989722    -25.682365     -3.682914      1.584000 
    42.989734    -25.695484     -3.623830      1.583000 
    42.989745    -25.708601     -3.564745      1.579000 
    42.989757    -25.721718     -3.505661      1.575000 
    42.989769    -25.734833     -3.446575      1.573000 
    42.989780    -25.747948     -3.387490      1.570000 
    42.989792    -25.761060     -3.328404      1.563000 
    42.989803    -25.774174     -3.269318      1.575000 
    42.989815    -25.787285     -3.210232      1.587000 
    42.989826    -25.800394     -3.151145      1.597000 
    42.989838    -25.813505     -3.092058      1.610000 
    42.989850    -25.826612     -3.032971      1.623000 
    45.480590    -23.405655     -3.002873      1.680000 
    45.480602    -23.418762     -3.061969      1.671000 
    45.480613    -23.431871     -3.121065      1.661000 
    45.480625    -23.444983     -3.180160      1.650000 
    45.480637    -23.458092     -3.239256      1.645000 
    45.480648    -23.471205     -3.298351      1.638000 
    45.480660    -23.484318     -3.357445      1.623000 
    45.480671    -23.497430     -3.416539      1.604000 
    45.480683    -23.510546     -3.475633      1.593000 
    45.480694    -23.523663     -3.534727      1.596000 
    45.480706    -23.536780     -3.593821      1.611000 
    45.480718    -23.549898     -3.652914      1.631000 
    45.480729    -23.563017     -3.712006      1.639000 
    45.480741    -23.576138     -3.771099      1.631000 
    45.480752    -23.589258     -3.830191      1.616000 
    45.480764    -23.602383     -3.889283      1.605000 
    45.480775    -23.615507     -3.948374      1.601000 
    45.480787    -23.628632     -4.007465      1.601000 
    45.480799    -23.641760     -4.066556      1.608000 
    45.480810    -23.654886     -4.125646      1.613000 
    45.480822    -23.668016     -4.184736      1.610000 
    45.480833    -23.681147     -4.243826      1.591000 
    45.480845    -23.694279     -4.302915      1.564000 
    45.480856    -23.707413     -4.362004      1.544000 
    45.480868    -23.720547     -4.421093      1.538000 
    45.480880    -23.733683     -4.480181      1.551000 
    45.480891    -23.746820     -4.539269      1.576000 
    45.480903    -23.759958     -4.598356      1.601000 
    45.480914    -23.773100     -4.657443      1.627000 
    45.480926    -23.786242     -4.716530      1.646000 
    45.480938    -23.799383     -4.775617      1.660000 
    45.480949    -23.812529     -4.834703      1.673000 
    45.480961    -23.825674     -4.893788      1.678000 
    45.480972    -23.838823     -4.952873      1.675000 
    45.480984    -23.851973     -5.011958      1.662000 
    45.480995    -23.865124     -5.071043      1.640000 
    45.481007    -23.878277     -5.130127      1.620000 
    45.481019    -23.891430     -5.189210      1.610000 
    45.481030    -23.904587     -5.248294      1.608000 
    45.481042    -23.917744     -5.307377      1.599000 
    45.481053    -23.930902     -5.366459      1.587000 
    45.481065    -23.944063     -5.425541      1.578000 
    45.481076    -23.957228     -5.484623      1.576000 
    45.481088    -23.970390     -5.543704      1.576000 
    45.481100    -23.983557     -5.602785      1.580000 
    45.481111    -23.996725     -5.661865      1.586000 
    45.481123    -24.009895     -5.720945      1.595000 
    45.481134    -24.023066     -5.780024      1.608000 
    45.481146    -24.036240     -5.839103      1.626000 
    45.481157    -24.049416     -5.898182      1.650000 
    45.481169    -24.062592     -5.957260      1.692000 
    45.481181    -24.075771     -6.016338      1.746000 
    45.481192    -24.088951     -6.075415      1.782000 
    45.481204    -24.102135     -6.134492      1.796000 
    45.481215    -24.115318     -6.193569      1.787000 
    45.481227    -24.128506     -6.252645      1.759000 
    45.481238    -24.141695     -6.311720      1.745000 
    45.481250    -24.154884     -6.370795      1.762000 
    45.481262    -24.168077     -6.429870      1.816000 
    45.481285    -24.194470     -6.548017      1.878000 
    45.481296    -24.207668     -6.607091      1.923000 
    45.481308    -24.220870     -6.666163      1.946000 
    45.481319    -24.234074     -6.725235      1.946000 
    45.481331    -24.247278     -6.784307      1.931000 
    45.481343    -24.260487     -6.843378      1.926000 
    45.481354    -24.273697     -6.902449      1.931000 
    45.481366    -24.286907     -6.961520      1.943000 
    46.986481    -24.018854     -6.953552      2.314000 
    46.986493    -24.032064     -6.894491      2.297000 
    46.986505    -24.045273     -6.835428      2.289000 
    46.986516    -24.058477     -6.776365      2.268000 
    46.986528    -24.071680     -6.717302      2.242000 
    46.986539    -24.084883     -6.658238      2.217000 
    46.986551    -24.098082     -6.599174      2.201000 
    46.986563    -24.111279     -6.540109      2.201000 
    46.986574    -24.124474     -6.481044      2.204000 
    46.986586    -24.137667     -6.421978      2.209000 
    46.986597    -24.150858     -6.362912      2.211000 
    46.986609    -24.164045     -6.303845      2.217000 
    46.986620    -24.177233     -6.244778      2.226000 
    46.986632    -24.190418     -6.185710      2.231000 
    46.986644    -24.203602     -6.126642      2.238000 
    46.986655    -24.216782     -6.067574      2.244000 
    46.986667    -24.229960     -6.008505      2.248000 
    46.986678    -24.243137     -5.949436      2.253000 
    46.986690    -24.256313     -5.890366      2.257000 
    46.986701    -24.269485     -5.831296      2.259000 
    46.986713    -24.282658     -5.772225      2.257000 
    46.986725    -24.295828     -5.713154      2.249000 
    46.986736    -24.308994     -5.654082      2.235000 
    46.986748    -24.322160     -5.595010      2.219000 
    46.986759    -24.335325     -5.535938      2.200000 
    46.986771    -24.348488     -5.476865      2.186000 
    46.986782    -24.361649     -5.417792      2.170000 
    46.986806    -24.387964     -5.299644      2.149000 
    46.986817    -24.401120     -5.240570      2.120000 
    46.986829    -24.414274     -5.181495      2.080000 
    46.986840    -24.427427     -5.122419      2.039000 
    46.986852    -24.440577     -5.063344      2.011000 
    46.986863    -24.453726     -5.004268      1.994000 
    46.986875    -24.466873     -4.945191      1.978000 
    46.986887    -24.480020     -4.886114      1.969000 
    46.986898    -24.493164     -4.827037      1.970000 
    46.986910    -24.506308     -4.767959      1.997000 
    46.986921    -24.519450     -4.708881      2.043000 
    46.986933    -24.532589     -4.649803      2.102000 
    46.986944    -24.545727     -4.590724      2.167000 
    46.986956    -24.558865     -4.531645      2.222000 
    46.986968    -24.572000     -4.472565      2.260000 
    46.986979    -24.585135     -4.413485      2.280000 
    46.986991    -24.598267     -4.354405      2.277000 
    46.987002    -24.611399     -4.295325      2.229000 
    46.987014    -24.624529     -4.236244      2.155000 
    46.987025    -24.637657     -4.177162      2.087000 
    46.987037    -24.650784     -4.118081      2.067000 
    46.987049    -24.663910     -4.058999      2.084000 
    46.987060    -24.677034     -3.999916      2.088000 
    46.987072    -24.690159     -3.940833      2.072000 
    46.987083    -24.703281     -3.881750      2.062000 
    46.987095    -24.716402     -3.822667      2.070000 
    46.987106    -24.729523     -3.763583      2.074000 
    46.987118    -24.742641     -3.704499      2.070000 
    46.987130    -24.755758     -3.645415      2.047000 
    46.987141    -24.768875     -3.586330      2.038000 
    46.987153    -24.781990     -3.527245      2.028000 
    46.987164    -24.795105     -3.468160      2.040000 
    46.987176    -24.808218     -3.409074      2.043000 
    46.987187    -24.821330     -3.349988      2.047000 
    46.987199    -24.834440     -3.290902      2.048000 
    46.987211    -24.847551     -3.231815      2.045000 
    46.987222    -24.860660     -3.172728      2.042000 
    46.987234    -24.873768     -3.113641      2.040000 
    46.987245    -24.886875     -3.054553      2.044000 
    49.478461    -23.008894     -5.436526      2.451000 
    49.478472    -23.022057     -5.495607      2.458000 
    49.478484    -23.035220     -5.554688      2.465000 
    49.478495    -23.048386     -5.613769      2.472000 
    49.478507    -23.061552     -5.672849      2.479000 
    49.478519    -23.074722     -5.731929      2.486000 
    49.478530    -23.087893     -5.791009      2.491000 
    49.478542    -23.101065     -5.850088      2.494000 
    49.478553    -23.114240     -5.909166      2.494000 
    49.478565    -23.127417     -5.968244      2.491000 
    49.478576    -23.140594     -6.027322      2.485000 
    49.478588    -23.153774     -6.086399      2.476000 
    49.478600    -23.166958     -6.145476      2.464000 
    49.478611    -23.180141     -6.204552      2.450000 
    49.478623    -23.193329     -6.263628      2.435000 
    49.478634    -23.206516     -6.322704      2.418000 
    49.478646    -23.219706     -6.381779      2.401000 
    49.478657    -23.232899     -6.440853      2.384000 
    49.478669    -23.246094     -6.499927      2.366000 
    49.478681    -23.259289     -6.559001      2.350000 
    49.478692    -23.272488     -6.618074      2.335000 
    49.478704    -23.285688     -6.677146      2.321000 
    49.478715    -23.298891     -6.736219      2.310000 
    49.478727    -23.312096     -6.795290      2.301000 
    49.478738    -23.325302     -6.854361      2.295000 
    49.478750    -23.338512     -6.913432      2.290000 
    49.478762    -23.351725     -6.972502      2.285000 
    50.983877    -23.086191     -6.926425      2.345000 
    50.983889    -23.099400     -6.867363      2.345000 
    50.983912    -23.125810     -6.749236      2.345000 
    50.983935    -23.152212     -6.631108      2.346000 
    50.983947    -23.165411     -6.572043      2.347000 
    50.983970    -23.191800     -6.453912      2.348000 
    50.983993    -23.218182     -6.335779      2.349000 
    50.984016    -23.244555     -6.217644      2.350000 
    50.984028    -23.257738     -6.158576      2.353000 
    50.984051    -23.284100     -6.040439      2.362000 
    50.984062    -23.297277     -5.981369      2.378000 
    50.984074    -23.310453     -5.922299      2.401000 
    50.984086    -23.323627     -5.863229      2.427000 
    50.984097    -23.336800     -5.804158      2.454000 
    50.984109    -23.349970     -5.745087      2.479000 
    50.984120    -23.363138     -5.686015      2.499000 
    50.984132    -23.376305     -5.626943      2.510000 
    50.984155    -23.402632     -5.508798      2.511000 
    50.984178    -23.428953     -5.390651      2.501000 
    50.984225    -23.481575     -5.154352      2.466000 
    50.984236    -23.494726     -5.095276      2.442000 
    50.984259    -23.521025     -4.977123      2.516000 
    50.984271    -23.534170     -4.918046      2.639000 
    50.984294    -23.560460     -4.799891      2.656000 
    50.984306    -23.573600     -4.740813      2.624000 
    50.984329    -23.599880     -4.622655      2.555000 
    50.984352    -23.626154     -4.504496      2.512000 
    50.984375    -23.652422     -4.386336      2.534000 
    50.984387    -23.665552     -4.327255      2.527000 
    54.982014    -23.001827     -3.076819      1.895000 
    54.982025    -23.014933     -3.017730      1.833000 
    60.488356    -26.213938     -3.054691      1.573000 
    60.488368    -26.227041     -3.113786      1.579000 
    60.488380    -26.240149     -3.172881      1.582000 
    60.488391    -26.253256     -3.231975      1.587000 
    60.488403    -26.266363     -3.291069      1.588000 
    60.488414    -26.279472     -3.350163      1.589000 
    60.488426    -26.292582     -3.409257      1.590000 
    60.488437    -26.305693     -3.468350      1.594000 
    60.488449    -26.318806     -3.527443      1.603000 
    60.488461    -26.331919     -3.586535      1.617000 
    60.488472    -26.345034     -3.645627      1.626000 
    60.488484    -26.358149     -3.704719      1.636000 
    60.488495    -26.371265     -3.763811      1.648000 
    60.488507    -26.384384     -3.822902      1.655000 
    60.488519    -26.397503     -3.881993      1.665000 
    60.488530    -26.410624     -3.941084      1.680000 
    60.488542    -26.423744     -4.000174      1.695000 
    60.488553    -26.436869     -4.059264      1.708000 
    60.488565    -26.449991     -4.118353      1.720000 
    60.488576    -26.463118     -4.177443      1.732000 
    60.488588    -26.476246     -4.236531      1.743000 
    60.488600    -26.489372     -4.295620      1.750000 
    60.488623    -26.515633     -4.413796      1.754000 
    60.488634    -26.528765     -4.472883      1.755000 
    60.488646    -26.541899     -4.531970      1.751000 
    60.488657    -26.555035     -4.591057      1.749000 
    60.488669    -26.568170     -4.650143      1.760000 
    60.488681    -26.581308     -4.709229      1.783000 
    60.488704    -26.607590     -4.827400      1.815000 
    60.488715    -26.620731     -4.886485      1.848000 
    60.488727    -26.633875     -4.945569      1.868000 
    60.488738    -26.647020     -5.004653      1.877000 
    60.488762    -26.673317     -5.122820      1.985000 
    60.488773    -26.686466     -5.181903      2.119000 
    60.488785    -26.699620     -5.240985      2.147000 
    60.488796    -26.712772     -5.300067      2.064000 
    60.488808    -26.725927     -5.359148      1.963000 
    60.488819    -26.739084     -5.418230      1.925000 
    60.488831    -26.752245     -5.477310      2.129000 
    60.488843    -26.765404     -5.536391      2.354000 
    60.488854    -26.778566     -5.595471      2.261000 
    60.488866    -26.791730     -5.654550      2.159000 
    60.488877    -26.804895     -5.713629      2.147000 
    60.488889    -26.818064     -5.772708      2.140000 
    60.488900    -26.831232     -5.831786      2.129000 
    60.488912    -26.844404     -5.890864      2.111000 
    60.488924    -26.857578     -5.949941      2.111000 
    60.488935    -26.870752     -6.009018      2.130000 
    60.488947    -26.883930     -6.068095      2.147000 
    60.488958    -26.897108     -6.127171      2.159000 
    60.488970    -26.910290     -6.186246      2.148000 
    60.488981    -26.923471     -6.245321      2.136000 
    60.488993    -26.936657     -6.304396      2.132000 
    60.489005    -26.949844     -6.363470      2.127000 
    60.489016    -26.963034     -6.422544      2.124000 
    60.489028    -26.976225     -6.481617      2.121000 
    60.489039    -26.989416     -6.540690      2.119000 
   211.478530    -23.006863     -5.439962      1.722000 
   211.478542    -23.020023     -5.499038      1.726000 
   211.478553    -23.033186     -5.558114      1.731000 
   211.478565    -23.046350     -5.617190      1.738000 
   211.478576    -23.059517     -5.676265      1.746000 
   211.478588    -23.072685     -5.735339      1.755000 
   211.478600    -23.085855     -5.794413      1.767000 
   211.478611    -23.099028     -5.853487      1.786000 
   211.478623    -23.112202     -5.912560      1.811000 
   211.478634    -23.125378     -5.971633      1.840000 
   211.478646    -23.138554     -6.030706      1.873000 
   211.478657    -23.151733     -6.089778      1.905000 
   211.478669    -23.164915     -6.148849      1.932000 
   211.478681    -23.178099     -6.207920      1.947000 
   211.478692    -23.191284     -6.266991      1.948000 
   211.478704    -23.204472     -6.326061      1.937000 
   211.478715    -23.217660     -6.385131      1.919000 
   211.478727    -23.230852     -6.444200      1.897000 
   211.478738    -23.244045     -6.503269      1.881000 
   211.478750    -23.257240     -6.562337      1.885000 
   211.478762    -23.270437     -6.621405      1.915000 
   211.478773    -23.283638     -6.680473      1.932000 
   211.478785    -23.296840     -6.739539      1.953000 
   211.478796    -23.310043     -6.798606      1.972000 
   211.478808    -23.323250     -6.857672      1.982000 
   211.478819    -23.336458     -6.916737      1.983000 
   211.478831    -23.349669     -6.975802      1.974000 
   212.983935    -23.069267     -6.996048      2.518000 
   212.983947    -23.082480     -6.936981      2.526000 
   212.983958    -23.095690     -6.877914      2.524000 
   212.983970    -23.108896     -6.818846      2.512000 
   212.983981    -23.122103     -6.759778      2.502000 
   212.983993    -23.135305     -6.700709      2.495000 
   212.984005    -23.148506     -6.641640      2.492000 
   212.984016    -23.161705     -6.582571      2.492000 
   212.984028    -23.174902     -6.523500      2.486000 
   212.984039    -23.188097     -6.464430      2.479000 
   212.984051    -23.201290     -6.405359      2.468000 
   212.984062    -23.214480     -6.346287      2.456000 
   212.984074    -23.227669     -6.287215      2.445000 
   212.984086    -23.240856     -6.228143      2.436000 
   212.984097    -23.254040     -6.169070      2.430000 
   212.984109    -23.267223     -6.109996      2.427000 
   212.984120    -23.280403     -6.050923      2.430000 
   212.984132    -23.293583     -5.991848      2.443000 
   212.984144    -23.306759     -5.932774      2.430000 
   212.984155    -23.319935     -5.873699      2.414000 
   212.984167    -23.333109     -5.814623      2.423000 
   212.984178    -23.346280     -5.755547      2.458000 
   212.984190    -23.359447     -5.696470      2.498000 
   212.984201    -23.372616     -5.637394      2.533000 
   212.984213    -23.385782     -5.578316      2.542000 
   212.984225    -23.398947     -5.519238      2.509000 
   212.984236    -23.412107     -5.460160      2.447000 
   212.984248    -23.425268     -5.401082      2.399000 
   212.984259    -23.438429     -5.342003      2.373000 
   212.984271    -23.451586     -5.282923      2.362000 
   212.984282    -23.464740     -5.223843      2.347000 
   212.984294    -23.477896     -5.164763      2.322000 
   212.984306    -23.491047     -5.105683      2.285000 
   212.984317    -23.504198     -5.046601      2.229000 
   212.984329    -23.517347     -4.987520      2.181000 
   212.984340    -23.530495     -4.928438      2.154000 
   212.984352    -23.543640     -4.869356      2.143000 
   212.984363    -23.556784     -4.810273      2.147000 
   212.984375    -23.569927     -4.751190      2.171000 
   212.984387    -23.583069     -4.692107      2.213000 
   212.984398    -23.596209     -4.633023      2.262000 
   212.984410    -23.609346     -4.573939      2.284000 
   212.984421    -23.622484     -4.514855      2.266000 
   212.984433    -23.635620     -4.455770      2.222000 
   212.984444    -23.648754     -4.396684      2.166000 
   212.984456    -23.661886     -4.337599      2.106000 
   212.984468    -23.675018     -4.278513      2.035000 
   212.984479    -23.688148     -4.219427      1.973000 
   212.984491    -23.701277     -4.160340      1.934000 
   212.984502    -23.714403     -4.101253      1.928000 
   212.984514    -23.727530     -4.042165      1.953000 
   212.984525    -23.740656     -3.983078      1.979000 
   212.984537    -23.753778     -3.923990      1.987000 
   212.984549    -23.766901     -3.864901      1.983000 
   212.984560    -23.780024     -3.805812      1.968000 
   212.984572    -23.793142     -3.746723      1.954000 
   212.984583    -23.806261     -3.687634      1.947000 
   212.984595    -23.819380     -3.628544      1.940000 
   212.984606    -23.832497     -3.569454      1.929000 
   212.984618    -23.845612     -3.510364      1.919000 
   212.984630    -23.858725     -3.451273      1.910000 
   212.984641    -23.871840     -3.392182      1.900000 
   212.984653    -23.884950     -3.333090      1.889000 
   212.984664    -23.898062     -3.273999      1.885000 
   212.984676    -23.911173     -3.214907      1.894000 
   212.984688    -23.924280     -3.155814      1.919000 
   212.984699    -23.937390     -3.096722      1.955000 
   212.984711    -23.950497     -3.037629      1.970000 
   216.982095    -23.004448     -3.077416      2.037000 
   216.982106    -23.017555     -3.018323      2.028000 
   222.488437    -26.215094     -3.053311      2.040000 
   222.488449    -26.228199     -3.112402      2.021000 
   222.488461    -26.241306     -3.171493      1.996000 
   222.488472    -26.254414     -3.230583      1.981000 
   222.488484    -26.267523     -3.289674      1.969000 
   222.488495    -26.280634     -3.348764      1.963000 
   222.488507    -26.293745     -3.407853      1.966000 
   222.488519    -26.306856     -3.466943      1.972000 
   222.488530    -26.319970     -3.526032      1.976000 
   222.488542    -26.333084     -3.585121      1.971000 
   222.488553    -26.346200     -3.644209      1.958000 
   222.488565    -26.359318     -3.703297      1.950000 
   222.488576    -26.372435     -3.762385      1.943000 
   222.488588    -26.385553     -3.821472      1.936000 
   222.488600    -26.398676     -3.880559      1.928000 
   222.488611    -26.411797     -3.939646      1.919000 
   222.488623    -26.424920     -3.998733      1.910000 
   222.488634    -26.438044     -4.057819      1.902000 
   222.488646    -26.451168     -4.116905      1.896000 
   222.488657    -26.464294     -4.175990      1.891000 
   222.488669    -26.477423     -4.235075      1.881000 
   222.488681    -26.490553     -4.294160      1.870000 
   222.488692    -26.503681     -4.353244      1.861000 
   222.488704    -26.516813     -4.412328      1.853000 
   222.488715    -26.529947     -4.471412      1.848000 
   222.488727    -26.543081     -4.530495      1.847000 
   222.488738    -26.556217     -4.589578      1.850000 
   222.488750    -26.569357     -4.648661      1.856000 
   222.488762    -26.582495     -4.707743      1.862000 
   222.488773    -26.595636     -4.766824      1.876000 
   222.488785    -26.608778     -4.825906      1.902000 
   222.488796    -26.621922     -4.884987      1.925000 
   222.488808    -26.635065     -4.944068      1.932000 
   222.488819    -26.648212     -5.003148      1.930000 
   222.488831    -26.661362     -5.062228      1.933000 
   222.488843    -26.674511     -5.121307      1.939000 
   222.488854    -26.687662     -5.180386      1.955000 
   222.488866    -26.700815     -5.239465      1.968000 
   222.488877    -26.713970     -5.298543      1.974000 
   222.488889    -26.727127     -5.357621      1.975000 
   222.488900    -26.740286     -5.416698      1.971000 
   222.488912    -26.753445     -5.475776      1.963000 
   222.488924    -26.766607     -5.534852      1.949000 
   222.488935    -26.779770     -5.593928      1.930000 
   222.488947    -26.792934     -5.653004      1.907000 
   222.488958    -26.806103     -5.712079      1.882000 
   222.488970    -26.819271     -5.771154      1.854000 
   222.488981    -26.832441     -5.830229      1.824000 
   222.488993    -26.845613     -5.889303      1.794000 
   222.489005    -26.858788     -5.948377      1.763000 
   222.489016    -26.871964     -6.007450      1.732000 
   222.489028    -26.885141     -6.066523      1.702000 
   222.489039    -26.898321     -6.125595      1.674000 
   222.489051    -26.911505     -6.184667      1.651000 
   222.489062    -26.924688     -6.243738      1.635000 
   222.489074    -26.937874     -6.302809      1.629000 
   222.489086    -26.951061     -6.361880      1.632000 
   222.489097    -26.964252     -6.420950      1.642000 
   222.489109    -26.977444     -6.480019      1.658000 
   222.489120    -26.990639     -6.539088      1.681000 
   223.994317    -26.814356     -6.971432      1.543000 
   223.994329    -26.827564     -6.912365      1.552000 
   223.994340    -26.840773     -6.853298      1.564000 
   223.994352    -26.853977     -6.794229      1.564000 
   223.994363    -26.867180     -6.735161      1.547000 
   223.994375    -26.880380     -6.676092      1.487000 
   223.994387    -26.893580     -6.617022      1.418000 
   223.994398    -26.906776     -6.557952      1.385000 
   223.994410    -26.919971     -6.498882      1.387000 
   223.994421    -26.933163     -6.439811      1.403000 
   223.994433    -26.946354     -6.380740      1.425000 
   223.994444    -26.959541     -6.321668      1.443000 
   223.994456    -26.972729     -6.262595      1.462000 
   223.994468    -26.985912     -6.203523      1.473000 
   223.994479    -26.999096     -6.144449      1.484000 
   226.485833    -25.275370     -3.025583      1.421000 
   226.485845    -25.288473     -3.084675      1.414000 
   226.485856    -25.301580     -3.143766      1.441000 
   226.485868    -25.314688     -3.202857      1.419000 
   226.485880    -25.327795     -3.261948      1.428000 
   226.485891    -25.340904     -3.321039      1.426000 
   226.485903    -25.354013     -3.380129      1.423000 
   226.485914    -25.367125     -3.439219      1.413000 
   226.485926    -25.380238     -3.498309      1.404000 
   226.485938    -25.393350     -3.557398      1.413000 
   226.485949    -25.406464     -3.616487      1.433000 
   226.485961    -25.419579     -3.675576      1.442000 
   226.485972    -25.432695     -3.734664      1.437000 
   226.485984    -25.445814     -3.793752      1.440000 
   226.485995    -25.458933     -3.852840      1.447000 
   226.486007    -25.472052     -3.911927      1.457000 
   226.486019    -25.485174     -3.971015      1.466000 
   226.486030    -25.498297     -4.030101      1.475000 
   226.486042    -25.511420     -4.089188      1.483000 
   226.486053    -25.524546     -4.148274      1.491000 
   226.486065    -25.537672     -4.207359      1.497000 
   226.486076    -25.550798     -4.266445      1.502000 
   226.486088    -25.563929     -4.325530      1.506000 
   226.486100    -25.577059     -4.384614      1.509000 
   226.486111    -25.590190     -4.443699      1.514000 
   226.486123    -25.603325     -4.502783      1.515000 
   226.486134    -25.616459     -4.561866      1.507000 
   226.486146    -25.629595     -4.620949      1.503000 
   226.486157    -25.642733     -4.680032      1.510000 
   226.486169    -25.655870     -4.739115      1.524000 
   226.486181    -25.669012     -4.798197      1.532000 
   226.486192    -25.682154     -4.857278      1.534000 
   226.486204    -25.695297     -4.916360      1.533000 
   226.486215    -25.708443     -4.975441      1.534000 
   226.486227    -25.721588     -5.034521      1.543000 
   226.486238    -25.734737     -5.093601      1.554000 
   226.486250    -25.747887     -5.152681      1.560000 
   226.486262    -25.761038     -5.211760      1.559000 
   226.486273    -25.774190     -5.270839      1.552000 
   226.486285    -25.787346     -5.329918      1.552000 
   226.486296    -25.800503     -5.388996      1.559000 
   226.486308    -25.813662     -5.448074      1.575000 
   226.486319    -25.826820     -5.507151      1.588000 
   226.486331    -25.839983     -5.566228      1.600000 
   226.486343    -25.853146     -5.625304      1.610000 
   226.486354    -25.866310     -5.684380      1.618000 
   226.486366    -25.879478     -5.743456      1.624000 
   226.486377    -25.892647     -5.802531      1.628000 
   226.486389    -25.905819     -5.861606      1.630000 
   226.486400    -25.918990     -5.920680      1.630000 
   226.486412    -25.932165     -5.979754      1.627000 
   226.486424    -25.945341     -6.038827      1.622000 
   226.486435    -25.958519     -6.097900      1.617000 
   226.486447    -25.971699     -6.156973      1.611000 
   226.486458    -25.984882     -6.216045      1.605000 
   226.486470    -25.998066     -6.275117      1.601000 
   226.486481    -26.011251     -6.334188      1.598000 
   226.486493    -26.024440     -6.393259      1.598000 
   226.486505    -26.037630     -6.452329      1.600000 
   226.486516    -26.050821     -6.511399      1.608000 
   226.486528    -26.064016     -6.570468      1.620000 
   226.486539    -26.077213     -6.629537      1.633000 
   226.486551    -26.090412     -6.688605      1.645000 
   226.486563    -26.103613     -6.747673      1.658000 
   226.486574    -26.116816     -6.806741      1.673000 
   226.486586    -26.130020     -6.865808      1.690000 
   226.486597    -26.143227     -6.924874      1.711000 
   226.486609    -26.156437     -6.983940      1.733000 
   227.991713    -25.876175     -6.992307      1.708000 
   227.991725    -25.889383     -6.933240      1.712000 
   227.991736    -25.902592     -6.874173      1.711000 
   227.991748    -25.915798     -6.815106      1.710000 
   227.991759    -25.929003     -6.756038      1.710000 
   227.991771    -25.942204     -6.696969      1.710000 
   227.991782    -25.955402     -6.637900      1.711000 
   227.991794    -25.968600     -6.578831      1.712000 
   227.991806    -25.981794     -6.519761      1.717000 
   227.991817    -25.994987     -6.460690      1.722000 
   227.991829    -26.008179     -6.401619      1.727000 
   227.991840    -26.021368     -6.342548      1.733000 
   227.991852    -26.034555     -6.283476      1.738000 
   227.991863    -26.047740     -6.224404      1.744000 
   227.991875    -26.060923     -6.165331      1.751000 
   227.991887    -26.074104     -6.106258      1.757000 
   227.991898    -26.087282     -6.047184      1.764000 
   227.991910    -26.100460     -5.988110      1.772000 
   227.991921    -26.113636     -5.929035      1.782000 
   227.991933    -26.126808     -5.869960      1.788000 
   227.991944    -26.139980     -5.810885      1.789000 
   227.991956    -26.153150     -5.751809      1.797000 
   227.991968    -26.166319     -5.692733      1.816000 
   227.991979    -26.179483     -5.633656      1.832000 
   227.991991    -26.192648     -5.574579      1.837000 
   227.992002    -26.205810     -5.515501      1.837000 
   227.992014    -26.218971     -5.456424      1.843000 
   227.992025    -26.232130     -5.397345      1.855000 
   227.992037    -26.245289     -5.338266      1.877000 
   227.992049    -26.258444     -5.279187      1.908000 
   227.992060    -26.271597     -5.220107      1.939000 
   227.992072    -26.284750     -5.161027      1.958000 
   227.992083    -26.297900     -5.101947      1.961000 
   227.992095    -26.311049     -5.042866      1.951000 
   227.992106    -26.324198     -4.983785      1.945000 
   227.992118    -26.337341     -4.924703      1.949000 
   227.992130    -26.350487     -4.865621      1.963000 
   227.992141    -26.363630     -4.806539      1.977000 
   227.992153    -26.376772     -4.747456      1.966000 
   227.992164    -26.389912     -4.688373      1.969000 
   227.992176    -26.403050     -4.629289      1.975000 
   227.992188    -26.416185     -4.570206      1.982000 
   227.992199    -26.429321     -4.511121      1.989000 
   227.992211    -26.442455     -4.452037      1.997000 
   227.992222    -26.455587     -4.392952      2.004000 
   227.992234    -26.468720     -4.333866      2.008000 
   227.992245    -26.481848     -4.274780      2.011000 
   227.992257    -26.494978     -4.215694      2.012000 
   227.992269    -26.508104     -4.156608      2.011000 
   227.992280    -26.521230     -4.097521      2.006000 
   227.992292    -26.534353     -4.038434      1.998000 
   227.992303    -26.547478     -3.979346      1.988000 
   227.992315    -26.560600     -3.920259      1.975000 
   227.992326    -26.573720     -3.861170      1.962000 
   227.992338    -26.586840     -3.802082      1.949000 
   227.992350    -26.599958     -3.742993      1.937000 
   227.992361    -26.613075     -3.683904      1.917000 
   227.992373    -26.626192     -3.624814      1.886000 
   227.992384    -26.639307     -3.565725      1.862000 
   227.992396    -26.652422     -3.506634      1.853000 
   227.992407    -26.665533     -3.447544      1.849000 
   227.992419    -26.678644     -3.388453      1.842000 
   227.992431    -26.691755     -3.329362      1.830000 
   227.992442    -26.704865     -3.270271      1.813000 
   227.992454    -26.717974     -3.211179      1.798000 
   227.992465    -26.731081     -3.152087      1.786000 
   227.992477    -26.744188     -3.092995      1.777000 
   227.992488    -26.757294     -3.033902      1.767000 
   230.483229    -24.338488     -3.011675      1.920000 
   230.483241    -24.351593     -3.070767      1.933000 
   230.483252    -24.364698     -3.129859      1.945000 
   230.483264    -24.377808     -3.188951      1.958000 
   230.483275    -24.390915     -3.248042      1.974000 
   230.483287    -24.404024     -3.307133      1.989000 
   230.483299    -24.417135     -3.366224      2.002000 
   230.483310    -24.430246     -3.425314      2.015000 
   230.483322    -24.443360     -3.484404      2.026000 
   230.483333    -24.456472     -3.543494      2.034000 
   230.483345    -24.469587     -3.602583      2.039000 
   230.483356    -24.482704     -3.661673      2.043000 
   230.483368    -24.495821     -3.720761      2.043000 
   230.483380    -24.508940     -3.779850      2.038000 
   230.483391    -24.522058     -3.838938      2.033000 
   230.483403    -24.535180     -3.898026      2.031000 
   230.483414    -24.548302     -3.957113      2.030000 
   230.483426    -24.561424     -4.016201      2.029000 
   230.483437    -24.574549     -4.075287      2.030000 
   230.483449    -24.587675     -4.134374      2.034000 
   230.483461    -24.600801     -4.193460      2.040000 
   230.483472    -24.613930     -4.252546      2.050000 
   230.483484    -24.627060     -4.311631      2.065000 
   230.483495    -24.640190     -4.370716      2.080000 
   230.483507    -24.653322     -4.429801      2.094000 
   230.483519    -24.666456     -4.488885      2.113000 
   230.483530    -24.679592     -4.547969      2.142000 
   230.483542    -24.692730     -4.607053      2.175000 
   230.483553    -24.705868     -4.666136      2.184000 
   230.483565    -24.719006     -4.725219      2.170000 
   230.483576    -24.732147     -4.784302      2.142000 
   230.483588    -24.745290     -4.843384      2.116000 
   230.483600    -24.758434     -4.902465      2.140000 
   230.483611    -24.771580     -4.961547      2.186000 
   230.483623    -24.784727     -5.020628      2.244000 
   230.483634    -24.797874     -5.079708      2.307000 
   230.483646    -24.811026     -5.138788      2.285000 
   230.483657    -24.824179     -5.197868      2.182000 
   230.483669    -24.837332     -5.256948      2.112000 
   230.483681    -24.850487     -5.316027      2.097000 
   230.483692    -24.863644     -5.375105      2.090000 
   230.483704    -24.876802     -5.434183      2.054000 
   230.483715    -24.889963     -5.493261      2.005000 
   230.483727    -24.903126     -5.552338      1.968000 
   230.483738    -24.916288     -5.611415      1.948000 
   230.483750    -24.929455     -5.670492      1.941000 
   230.483762    -24.942621     -5.729568      1.970000 
   230.483773    -24.955791     -5.788643      1.980000 
   230.483785    -24.968962     -5.847719      1.937000 
   230.483796    -24.982136     -5.906793      1.885000 
   230.483808    -24.995310     -5.965868      1.867000 
   230.483819    -25.008488     -6.024942      1.877000 
   230.483831    -25.021666     -6.084015      1.893000 
   230.483843    -25.034845     -6.143088      1.919000 
   230.483854    -25.048029     -6.202161      1.947000 
   230.483866    -25.061213     -6.261233      1.973000 
   230.483877    -25.074400     -6.320305      1.999000 
   230.483889    -25.087590     -6.379376      2.020000 
   230.483900    -25.100779     -6.438446      2.030000 
   230.483912    -25.113972     -6.497517      2.036000 
   230.483924    -25.127167     -6.556587      2.050000 
   230.483935    -25.140364     -6.615656      2.078000 
   230.483958    -25.166763     -6.733793      2.109000 
   230.483970    -25.179968     -6.792861      2.132000 
   230.483981    -25.193172     -6.851929      2.155000 
   230.483993    -25.206380     -6.910996      2.173000 
   230.484005    -25.219590     -6.970062      2.180000 
   231.989120    -24.952871     -6.941702      2.189000 
   231.989132    -24.966082     -6.882635      2.024000 
   231.989144    -24.979288     -6.823568      1.817000 
   231.989155    -24.992493     -6.764501      1.770000 
   231.989167    -25.005695     -6.705433      1.851000 
   231.989178    -25.018894     -6.646364      1.870000 
   231.989190    -25.032093     -6.587295      1.806000 
   231.989201    -25.045288     -6.528226      1.758000 
   231.989213    -25.058483     -6.469156      1.714000 
   231.989225    -25.071674     -6.410085      1.692000 
   231.989236    -25.084864     -6.351015      1.672000 
   231.989248    -25.098051     -6.291943      1.656000 
   231.989259    -25.111238     -6.232872      1.641000 
   231.989271    -25.124422     -6.173799      1.631000 
   231.989282    -25.137604     -6.114727      1.625000 
   231.989294    -25.150784     -6.055654      1.625000 
   231.989306    -25.163961     -5.996580      1.628000 
   231.989317    -25.177137     -5.937506      1.636000 
   231.989329    -25.190311     -5.878432      1.646000 
   231.989340    -25.203484     -5.819357      1.656000 
   231.989352    -25.216654     -5.760282      1.666000 
   231.989363    -25.229822     -5.701206      1.677000 
   231.989375    -25.242990     -5.642130      1.689000 
   231.989387    -25.256155     -5.583053      1.699000 
   231.989398    -25.269318     -5.523976      1.701000 
   231.989410    -25.282478     -5.464899      1.700000 
   231.989421    -25.295639     -5.405821      1.706000 
   231.989433    -25.308798     -5.346743      1.718000 
   231.989444    -25.321953     -5.287664      1.731000 
   231.989456    -25.335108     -5.228585      1.742000 
   231.989468    -25.348260     -5.169505      1.754000 
   231.989479    -25.361412     -5.110426      1.766000 
   231.989491    -25.374561     -5.051345      1.779000 
   231.989502    -25.387710     -4.992265      1.785000 
   231.989514    -25.400858     -4.933184      1.780000 
   231.989525    -25.414001     -4.874102      1.767000 
   231.989537    -25.427147     -4.815020      1.751000 
   231.989549    -25.440287     -4.755938      1.732000 
   231.989560    -25.453428     -4.696856      1.712000 
   231.989572    -25.466566     -4.637773      1.701000 
   231.989583    -25.479704     -4.578689      1.698000 
   231.989595    -25.492842     -4.519605      1.704000 
   231.989606    -25.505976     -4.460521      1.715000 
   231.989618    -25.519108     -4.401437      1.728000 
   231.989630    -25.532240     -4.342352      1.740000 
   231.989641    -25.545370     -4.283267      1.748000 
   231.989653    -25.558500     -4.224181      1.757000 
   231.989664    -25.571629     -4.165096      1.773000 
   231.989676    -25.584755     -4.106009      1.794000 
   231.989688    -25.597880     -4.046923      1.820000 
   231.989699    -25.611004     -3.987836      1.851000 
   231.989711    -25.624126     -3.928749      1.879000 
   231.989722    -25.637247     -3.869661      1.909000 
   231.989734    -25.650368     -3.810573      1.925000 
   231.989745    -25.663486     -3.751485      1.922000 
   231.989757    -25.676605     -3.692396      1.901000 
   231.989769    -25.689722     -3.633307      1.865000 
   231.989780    -25.702837     -3.574218      1.823000 
   231.989792    -25.715952     -3.515128      1.786000 
   231.989803    -25.729065     -3.456039      1.765000 
   231.989815    -25.742176     -3.396948      1.766000 
   231.989826    -25.755290     -3.337858      1.788000 
   231.989838    -25.768398     -3.278767      1.829000 
   231.989850    -25.781507     -3.219676      1.871000 
   231.989861    -25.794617     -3.160584      1.896000 
   231.989873    -25.807722     -3.101493      1.914000 
   231.989884    -25.820830     -3.042401      1.931000 
   234.480625    -23.402730     -3.011584      1.939000 
   234.480637    -23.415836     -3.070677      1.917000 
   234.480648    -23.428942     -3.129769      1.903000 
   234.480660    -23.442049     -3.188862      1.898000 
   234.480671    -23.455156     -3.247954      1.900000 
   234.480683    -23.468266     -3.307045      1.902000 
   234.480694    -23.481377     -3.366136      1.902000 
   234.480706    -23.494488     -3.425227      1.897000 
   234.480718    -23.507599     -3.484318      1.889000 
   234.480729    -23.520712     -3.543409      1.878000 
   234.480741    -23.533827     -3.602499      1.859000 
   234.480752    -23.546942     -3.661588      1.840000 
   234.480764    -23.560059     -3.720678      1.818000 
   234.480775    -23.573175     -3.779767      1.795000 
   234.480787    -23.586294     -3.838856      1.795000 
   234.480799    -23.599415     -3.897944      1.812000 
   234.480810    -23.612537     -3.957032      1.849000 
   234.480822    -23.625660     -4.016120      1.892000 
   234.480833    -23.638783     -4.075208      1.909000 
   234.480845    -23.651909     -4.134295      1.910000 
   234.480856    -23.665035     -4.193381      1.900000 
   234.480868    -23.678162     -4.252468      1.907000 
   234.480880    -23.691292     -4.311554      1.942000 
   234.480891    -23.704422     -4.370640      1.979000 
   234.480903    -23.717554     -4.429725      2.011000 
   234.480914    -23.730686     -4.488810      2.038000 
   234.480926    -23.743820     -4.547894      2.063000 
   234.480938    -23.756956     -4.606979      2.087000 
   234.480949    -23.770096     -4.666063      2.114000 
   234.480961    -23.783234     -4.725146      2.141000 
   234.480972    -23.796373     -4.784229      2.165000 
   234.480984    -23.809517     -4.843312      2.188000 
   234.480995    -23.822660     -4.902394      2.206000 
   234.481007    -23.835806     -4.961476      2.218000 
   234.481019    -23.848951     -5.020558      2.249000 
   234.481030    -23.862100     -5.079639      2.268000 
   234.481042    -23.875250     -5.138720      2.278000 
   234.481053    -23.888401     -5.197800      2.282000 
   234.481065    -23.901554     -5.256880      2.277000 
   234.481076    -23.914710     -5.315960      2.265000 
   234.481088    -23.927864     -5.375039      2.248000 
   234.481100    -23.941023     -5.434118      2.225000 
   234.481111    -23.954184     -5.493196      2.196000 
   234.481123    -23.967344     -5.552274      2.166000 
   234.481134    -23.980509     -5.611352      2.136000 
   234.481146    -23.993673     -5.670429      2.105000 
   234.481157    -24.006840     -5.729506      2.076000 
   234.481169    -24.020008     -5.788582      2.052000 
   234.481181    -24.033178     -5.847658      2.032000 
   234.481192    -24.046352     -5.906733      2.021000 
   234.481204    -24.059526     -5.965808      2.016000 
   234.481215    -24.072702     -6.024883      2.019000 
   234.481227    -24.085880     -6.083957      2.026000 
   234.481238    -24.099060     -6.143030      2.037000 
   234.481250    -24.112242     -6.202104      2.050000 
   234.481262    -24.125425     -6.261176      2.064000 
   234.481273    -24.138613     -6.320249      2.077000 
   234.481285    -24.151800     -6.379321      2.088000 
   234.481296    -24.164990     -6.438392      2.094000 
   234.481308    -24.178183     -6.497463      2.095000 
   234.481319    -24.191376     -6.556533      2.089000 
   234.481331    -24.204573     -6.615603      2.074000 
   234.481343    -24.217772     -6.674673      2.040000 
   234.481354    -24.230972     -6.733742      2.033000 
   234.481366    -24.244173     -6.792810      2.029000 
   234.481377    -24.257380     -6.851879      2.021000 
   234.481389    -24.270586     -6.910946      2.005000 
   234.481400    -24.283794     -6.970013      1.971000 
   235.986505    -24.004995     -6.994635      2.178000 
   235.986516    -24.018206     -6.935569      2.235000 
   235.986528    -24.031412     -6.876503      2.279000 
   235.986539    -24.044617     -6.817436      2.317000 
   235.986551    -24.057820     -6.758369      2.348000 
   235.986563    -24.071020     -6.699301      2.366000 
   235.986574    -24.084219     -6.640233      2.366000 
   235.986586    -24.097416     -6.581164      2.348000 
   235.986597    -24.110610     -6.522095      2.323000 
   235.986609    -24.123802     -6.463025      2.297000 
   235.986620    -24.136992     -6.403955      2.272000 
   235.986632    -24.150180     -6.344885      2.249000 
   235.986644    -24.163366     -6.285814      2.231000 
   235.986655    -24.176552     -6.226742      2.220000 
   235.986667    -24.189734     -6.167670      2.217000 
   235.986678    -24.202913     -6.108598      2.221000 
   235.986690    -24.216091     -6.049525      2.228000 
   235.986701    -24.229267     -5.990451      2.237000 
   235.986713    -24.242441     -5.931378      2.246000 
   235.986725    -24.255615     -5.872304      2.256000 
   235.986736    -24.268785     -5.813229      2.259000 
   235.986748    -24.281954     -5.754154      2.251000 
   235.986759    -24.295120     -5.695078      2.238000 
   235.986771    -24.308287     -5.636003      2.227000 
   235.986782    -24.321450     -5.576926      2.222000 
   235.986794    -24.334612     -5.517849      2.220000 
   235.986806    -24.347770     -5.458772      2.219000 
   235.986817    -24.360930     -5.399695      2.220000 
   235.986829    -24.374086     -5.340617      2.231000 
   235.986840    -24.387240     -5.281538      2.236000 
   235.986852    -24.400393     -5.222459      2.224000 
   235.986863    -24.413546     -5.163380      2.185000 
   235.986875    -24.426695     -5.104301      2.142000 
   235.986887    -24.439842     -5.045221      2.127000 
   235.986898    -24.452990     -4.986140      2.125000 
   235.986910    -24.466133     -4.927059      2.127000 
   235.986921    -24.479279     -4.867978      2.127000 
   235.986933    -24.492420     -4.808897      2.125000 
   235.986944    -24.505560     -4.749815      2.123000 
   235.986956    -24.518700     -4.690732      2.121000 
   235.986968    -24.531836     -4.631650      2.113000 
   235.986979    -24.544971     -4.572567      2.096000 
   235.986991    -24.558107     -4.513483      2.078000 
   235.987002    -24.571240     -4.454399      2.060000 
   235.987014    -24.584372     -4.395315      2.045000 
   235.987025    -24.597502     -4.336231      2.026000 
   235.987037    -24.610632     -4.277146      2.000000 
   235.987049    -24.623758     -4.218060      1.965000 
   235.987060    -24.636885     -4.158975      1.926000 
   235.987072    -24.650010     -4.099889      1.885000 
   235.987083    -24.663134     -4.040803      1.849000 
   235.987095    -24.676256     -3.981716      1.846000 
   235.987106    -24.689377     -3.922629      1.896000 
   235.987118    -24.702497     -3.863542      1.969000 
   235.987130    -24.715614     -3.804454      2.018000 
   235.987141    -24.728733     -3.745366      2.037000 
   235.987153    -24.741850     -3.686278      2.028000 
   235.987164    -24.754965     -3.627189      2.008000 
   235.987176    -24.768078     -3.568100      1.998000 
   235.987187    -24.781190     -3.509011      1.996000 
   235.987199    -24.794304     -3.449921      1.996000 
   235.987211    -24.807413     -3.390831      2.000000 
   235.987222    -24.820524     -3.331741      2.012000 
   235.987234    -24.833632     -3.272650      2.012000 
   235.987245    -24.846740     -3.213559      2.006000 
   235.987257    -24.859846     -3.154468      1.996000 
   235.987269    -24.872952     -3.095377      1.983000 
   235.987280    -24.886057     -3.036285      1.967000 
   238.478495    -23.008108     -5.450386      2.107000 
   238.478507    -23.021269     -5.509465      2.107000 
   238.478519    -23.034428     -5.568543      2.111000 
   238.478530    -23.047590     -5.627622      2.123000 
   238.478542    -23.060755     -5.686700      2.143000 
   238.478553    -23.073921     -5.745777      2.168000 
   238.478565    -23.087088     -5.804854      2.184000 
   238.478576    -23.100258     -5.863931      2.195000 
   238.478588    -23.113428     -5.923007      2.201000 
   238.478600    -23.126602     -5.982083      2.200000 
   238.478611    -23.139778     -6.041158      2.203000 
   238.478623    -23.152954     -6.100233      2.208000 
   238.478634    -23.166134     -6.159307      2.207000 
   238.478646    -23.179316     -6.218381      2.209000 
   238.478657    -23.192497     -6.277455      2.215000 
   238.478669    -23.205683     -6.336528      2.224000 
   238.478681    -23.218870     -6.395600      2.235000 
   238.478692    -23.232060     -6.454673      2.248000 
   238.478704    -23.245250     -6.513744      2.260000 
   238.478715    -23.258444     -6.572815      2.270000 
   238.478727    -23.271639     -6.631886      2.276000 
   238.478738    -23.284836     -6.690957      2.278000 
   238.478750    -23.298035     -6.750026      2.276000 
   238.478762    -23.311237     -6.809096      2.270000 
   238.478773    -23.324442     -6.868164      2.262000 
   238.478785    -23.337646     -6.927233      2.253000 
   238.478796    -23.350855     -6.986301      2.244000 
   239.983900    -23.074162     -6.970101      2.048000 
   239.983912    -23.087368     -6.911035      2.046000 
   239.983924    -23.100573     -6.851969      2.040000 
   239.983935    -23.113775     -6.792902      2.030000 
   239.983947    -23.126976     -6.733835      2.016000 
   239.983958    -23.140175     -6.674767      1.995000 
   239.983970    -23.153372     -6.615699      1.968000 
   239.983981    -23.166565     -6.556631      1.936000 
   239.983993    -23.179756     -6.497562      1.908000 
   239.984005    -23.192947     -6.438492      1.897000 
   239.984016    -23.206135     -6.379422      1.907000 
   239.984028    -23.219320     -6.320352      1.920000 
   239.984039    -23.232506     -6.261281      1.924000 
   239.984051    -23.245687     -6.202209      1.923000 
   239.984062    -23.258867     -6.143137      1.918000 
   239.984074    -23.272045     -6.084065      1.919000 
   239.984086    -23.285221     -6.024992      1.921000 
   239.984097    -23.298395     -5.965919      1.926000 
   239.984109    -23.311567     -5.906846      1.934000 
   239.984120    -23.324738     -5.847772      1.944000 
   239.984132    -23.337906     -5.788697      1.954000 
   239.984144    -23.351072     -5.729622      1.964000 
   239.984155    -23.364239     -5.670547      1.975000 
   239.984167    -23.377401     -5.611471      1.987000 
   239.984178    -23.390562     -5.552395      1.999000 
   239.984190    -23.403723     -5.493318      2.008000 
   239.984201    -23.416880     -5.434241      2.016000 
   239.984213    -23.430037     -5.375164      2.019000 
   239.984225    -23.443190     -5.316086      2.016000 
   239.984236    -23.456343     -5.257008      2.017000 
   239.984248    -23.469494     -5.197929      2.024000 
   239.984259    -23.482643     -5.138850      2.026000 
   239.984271    -23.495790     -5.079771      2.021000 
   239.984282    -23.508938     -5.020691      2.009000 
   239.984294    -23.522081     -4.961611      1.992000 
   239.984306    -23.535225     -4.902530      1.974000 
   239.984317    -23.548367     -4.843449      1.956000 
   239.984329    -23.561506     -4.784368      1.942000 
   239.984340    -23.574644     -4.725286      1.930000 
   239.984352    -23.587782     -4.666204      1.921000 
   239.984363    -23.600916     -4.607121      1.916000 
   239.984375    -23.614050     -4.548038      1.918000 
   239.984387    -23.627184     -4.488955      1.924000 
   239.984398    -23.640314     -4.429871      1.927000 
   239.984410    -23.653444     -4.370787      1.920000 
   239.984421    -23.666573     -4.311703      1.908000 
   239.984433    -23.679699     -4.252618      1.897000 
   239.984444    -23.692825     -4.193533      1.893000 
   239.984456    -23.705950     -4.134448      1.887000 
   239.984468    -23.719072     -4.075362      1.877000 
   239.984479    -23.732195     -4.016276      1.870000 
   239.984491    -23.745314     -3.957189      1.869000 
   239.984502    -23.758432     -3.898103      1.872000 
   239.984514    -23.771551     -3.839015      1.880000 
   239.984525    -23.784668     -3.779928      1.892000 
   239.984537    -23.797785     -3.720840      1.909000 
   239.984549    -23.810898     -3.661752      1.929000 
   239.984560    -23.824013     -3.602664      1.949000 
   239.984572    -23.837124     -3.543575      1.966000 
   239.984583    -23.850235     -3.484486      1.981000 
   239.984595    -23.863344     -3.425396      1.994000 
   239.984606    -23.876453     -3.366307      2.004000 
   239.984618    -23.889563     -3.307217      2.008000 
   239.984630    -23.902670     -3.248126      2.009000 
   239.984641    -23.915775     -3.189036      2.009000 
   239.984653    -23.928880     -3.129945      2.009000 
   239.984664    -23.941982     -3.070853      2.008000 
   239.984676    -23.955086     -3.011762      2.009000 
   243.982049    -23.002508     -3.079883      1.594000 
   243.982060    -23.015612     -3.020792      1.609000 
