    28.509144    -33.689170     -3.030552      1.739000 
    28.509155    -33.702282     -3.089649      1.735000 
    28.509167    -33.715397     -3.148746      1.731000 
    28.509178    -33.728510     -3.207842      1.728000 
    28.509190    -33.741627     -3.266938      1.725000 
    28.509201    -33.754740     -3.326034      1.721000 
    28.509213    -33.767860     -3.385130      1.719000 
    28.509225    -33.780980     -3.444225      1.717000 
    28.509236    -33.794100     -3.503320      1.713000 
    28.509248    -33.807220     -3.562415      1.707000 
    28.509259    -33.820343     -3.621509      1.701000 
    28.509271    -33.833466     -3.680603      1.692000 
    28.509282    -33.846592     -3.739697      1.682000 
    28.509294    -33.859720     -3.798790      1.660000 
    28.509317    -33.885970     -3.916976      1.645000 
    28.509329    -33.899100     -3.976068      1.639000 
    28.509340    -33.912230     -4.035160      1.645000 
    28.509352    -33.925360     -4.094252      1.640000 
    28.509363    -33.938496     -4.153343      1.637000 
    28.509375    -33.951630     -4.212434      1.635000 
    28.509387    -33.964767     -4.271525      1.632000 
    28.509398    -33.977900     -4.330615      1.626000 
    28.509410    -33.991043     -4.389705      1.619000 
    28.509421    -34.004180     -4.448795      1.610000 
    28.509433    -34.017323     -4.507884      1.599000 
    28.509444    -34.030464     -4.566973      1.583000 
    28.509456    -34.043610     -4.626061      1.571000 
    28.509468    -34.056755     -4.685149      1.566000 
    28.509479    -34.069900     -4.744237      1.567000 
    28.509491    -34.083050     -4.803324      1.575000 
    28.509502    -34.096203     -4.862411      1.589000 
    28.509514    -34.109352     -4.921498      1.607000 
    28.509525    -34.122505     -4.980584      1.629000 
    28.509537    -34.135660     -5.039670      1.651000 
    28.509549    -34.148815     -5.098755      1.672000 
    28.509560    -34.161976     -5.157840      1.686000 
    28.509572    -34.175133     -5.216925      1.685000 
    28.509583    -34.188293     -5.276009      1.670000 
    28.509595    -34.201458     -5.335093      1.647000 
    28.509606    -34.214622     -5.394176      1.624000 
    28.509618    -34.227787     -5.453259      1.599000 
    28.509630    -34.240955     -5.512342      1.575000 
    28.509641    -34.254128     -5.571424      1.562000 
    28.509653    -34.267300     -5.630506      1.562000 
    28.509664    -34.280470     -5.689587      1.576000 
    28.509676    -34.293648     -5.748668      1.604000 
    28.509687    -34.306824     -5.807749      1.635000 
    28.509699    -34.320004     -5.866829      1.660000 
    28.509711    -34.333183     -5.925908      1.674000 
    28.509722    -34.346367     -5.984988      1.675000 
    28.509734    -34.359550     -6.044066      1.667000 
    28.509803    -34.438698     -6.398529      1.516000 
    28.509815    -34.451897     -6.457605      1.507000 
    28.509826    -34.465096     -6.516680      1.514000 
    28.509838    -34.478300     -6.575755      1.535000 
    28.509850    -34.491500     -6.634829      1.559000 
    28.509861    -34.504707     -6.693903      1.564000 
    28.509873    -34.517918     -6.752976      1.548000 
    28.509884    -34.531128     -6.812049      1.522000 
    28.509896    -34.544342     -6.871121      1.495000 
    28.509907    -34.557556     -6.930193      1.471000 
    28.509919    -34.570774     -6.989264      1.449000 
    30.015023    -34.288920     -6.981114      1.379000 
    30.015035    -34.302135     -6.922052      1.364000 
    30.015046    -34.315350     -6.862991      1.332000 
    30.015058    -34.328560     -6.803929      1.314000 
    30.015069    -34.341766     -6.744866      1.304000 
    30.015081    -34.354977     -6.685803      1.305000 
    30.015093    -34.368180     -6.626739      1.312000 
    30.015104    -34.381382     -6.567675      1.324000 
    30.015116    -34.394580     -6.508610      1.337000 
    30.015127    -34.407780     -6.449545      1.353000 
    30.015139    -34.420975     -6.390480      1.367000 
    30.015150    -34.434170     -6.331414      1.381000 
    30.015162    -34.447360     -6.272348      1.398000 
    30.015174    -34.460550     -6.213281      1.414000 
    30.015185    -34.473740     -6.154213      1.427000 
    30.015197    -34.486923     -6.095146      1.439000 
    30.015208    -34.500107     -6.036077      1.453000 
    30.015220    -34.513290     -5.977009      1.471000 
    30.015231    -34.526470     -5.917939      1.494000 
    30.015243    -34.539650     -5.858870      1.521000 
    30.015255    -34.552826     -5.799800      1.546000 
    30.015266    -34.566000     -5.740729      1.564000 
    30.015278    -34.579170     -5.681659      1.578000 
    30.015289    -34.592342     -5.622587      1.588000 
    30.015301    -34.605510     -5.563516      1.595000 
    30.015312    -34.618680     -5.504443      1.604000 
    30.015324    -34.631844     -5.445371      1.615000 
    30.015336    -34.645008     -5.386298      1.632000 
    30.015347    -34.658173     -5.327225      1.657000 
    30.015359    -34.671333     -5.268151      1.677000 
    30.015370    -34.684490     -5.209077      1.689000 
    30.015382    -34.697647     -5.150002      1.691000 
    30.015394    -34.710804     -5.090927      1.685000 
    30.015405    -34.723957     -5.031852      1.676000 
    30.015417    -34.737110     -4.972776      1.666000 
    30.015428    -34.750260     -4.913700      1.653000 
    30.015440    -34.763410     -4.854623      1.644000 
    30.015451    -34.776558     -4.795546      1.640000 
    30.015463    -34.789703     -4.736469      1.641000 
    30.015475    -34.802850     -4.677391      1.645000 
    30.015486    -34.815990     -4.618313      1.651000 
    30.015498    -34.829136     -4.559234      1.663000 
    30.015509    -34.842274     -4.500156      1.673000 
    30.015521    -34.855410     -4.441076      1.678000 
    30.015532    -34.868550     -4.381997      1.682000 
    30.015544    -34.881687     -4.322917      1.688000 
    30.015556    -34.894820     -4.263837      1.694000 
    30.015567    -34.907955     -4.204756      1.702000 
    30.015579    -34.921085     -4.145675      1.710000 
    30.015590    -34.934220     -4.086594      1.715000 
    30.015602    -34.947346     -4.027512      1.722000 
    30.015613    -34.960476     -3.968430      1.723000 
    30.015625    -34.973602     -3.909347      1.716000 
    30.015637    -34.986730     -3.850265      1.706000 
    30.015648    -34.999850     -3.791182      1.698000 
    30.015660    -35.012978     -3.732098      1.700000 
    30.015671    -35.026096     -3.673015      1.715000 
    30.015683    -35.039220     -3.613931      1.726000 
    30.015694    -35.052338     -3.554846      1.734000 
    30.015706    -35.065456     -3.495761      1.702000 
    30.015718    -35.078575     -3.436676      1.683000 
    30.015729    -35.091694     -3.377591      1.698000 
    30.015741    -35.104810     -3.318506      1.714000 
    30.015752    -35.117924     -3.259420      1.715000 
    30.015764    -35.131035     -3.200333      1.707000 
    30.015775    -35.144150     -3.141247      1.695000 
    30.015787    -35.157260     -3.082160      1.695000 
    30.015799    -35.170372     -3.023073      1.693000 
    32.506771    -33.007440     -4.170094      2.108000 
    32.506782    -33.020570     -4.229184      2.089000 
    32.506794    -33.033707     -4.288274      2.064000 
    32.506806    -33.046840     -4.347364      2.033000 
    32.506817    -33.059980     -4.406454      2.002000 
    32.506829    -33.073116     -4.465543      1.976000 
    32.506840    -33.086254     -4.524632      1.956000 
    32.506852    -33.099396     -4.583720      1.937000 
    32.506863    -33.112537     -4.642808      1.919000 
    32.506875    -33.125683     -4.701896      1.910000 
    32.506887    -33.138830     -4.760983      1.909000 
    32.506898    -33.151974     -4.820070      1.916000 
    32.506910    -33.165123     -4.879156      1.927000 
    32.506921    -33.178272     -4.938242      1.937000 
    32.506933    -33.191425     -4.997328      1.935000 
    32.506944    -33.204580     -5.056414      1.922000 
    32.506956    -33.217730     -5.115499      1.906000 
    32.506968    -33.230890     -5.174583      1.892000 
    32.506979    -33.244045     -5.233667      1.877000 
    32.506991    -33.257206     -5.292751      1.864000 
    32.507002    -33.270367     -5.351834      1.851000 
    32.507014    -33.283530     -5.410917      1.839000 
    32.507025    -33.296696     -5.470000      1.824000 
    32.507037    -33.309864     -5.529082      1.809000 
    32.507049    -33.323032     -5.588164      1.794000 
    32.507060    -33.336200     -5.647245      1.780000 
    32.507072    -33.349373     -5.706326      1.767000 
    32.507083    -33.362550     -5.765406      1.755000 
    32.507095    -33.375720     -5.824486      1.744000 
    32.507106    -33.388900     -5.883566      1.735000 
    32.507118    -33.402080     -5.942645      1.728000 
    32.507130    -33.415260     -6.001724      1.724000 
    32.507141    -33.428444     -6.060802      1.720000 
    32.507153    -33.441628     -6.119880      1.717000 
    32.507164    -33.454815     -6.178957      1.715000 
    32.507176    -33.468002     -6.238034      1.712000 
    32.507188    -33.481194     -6.297110      1.707000 
    32.507199    -33.494390     -6.356186      1.702000 
    32.507211    -33.507584     -6.415262      1.695000 
    32.507222    -33.520780     -6.474337      1.686000 
    32.507234    -33.533978     -6.533412      1.675000 
    32.507245    -33.547180     -6.592486      1.661000 
    32.507257    -33.560383     -6.651559      1.646000 
    32.507269    -33.573586     -6.710633      1.630000 
    32.507280    -33.586796     -6.769705      1.613000 
    32.507292    -33.600002     -6.828778      1.597000 
    32.507303    -33.613216     -6.887849      1.581000 
    32.507315    -33.626430     -6.946921      1.565000 
    34.012431    -33.356140     -6.975948      2.015000 
    34.012442    -33.369350     -6.916887      2.049000 
    34.012454    -33.382565     -6.857825      2.035000 
    34.012465    -33.395775     -6.798763      1.981000 
    34.012477    -33.408980     -6.739700      1.916000 
    34.012488    -33.422184     -6.680637      1.880000 
    34.012500    -33.435387     -6.621573      1.891000 
    34.012523    -33.461790     -6.503444      1.935000 
    34.012535    -33.474983     -6.444379      1.967000 
    34.012546    -33.488180     -6.385314      1.979000 
    34.012558    -33.501370     -6.326247      1.996000 
    34.012569    -33.514560     -6.267181      2.012000 
    34.012581    -33.527750     -6.208114      2.026000 
    34.012593    -33.540936     -6.149047      2.038000 
    34.012604    -33.554120     -6.089979      2.047000 
    34.012616    -33.567303     -6.030910      2.054000 
    34.012627    -33.580482     -5.971842      2.060000 
    34.012639    -33.593662     -5.912772      2.063000 
    34.012650    -33.606840     -5.853703      2.063000 
    34.012662    -33.620014     -5.794633      2.061000 
    34.012697    -33.659527     -5.617420      2.048000 
    34.012708    -33.672695     -5.558348      2.068000 
    34.012720    -33.685863     -5.499276      2.133000 
    34.012731    -33.699024     -5.440203      2.152000 
    34.012743    -33.712190     -5.381130      2.170000 
    34.012755    -33.725350     -5.322056      2.202000 
    34.012766    -33.738506     -5.262983      2.230000 
    34.012778    -33.751667     -5.203908      2.231000 
    34.012789    -33.764820     -5.144834      2.193000 
    34.012801    -33.777973     -5.085758      2.178000 
    34.012813    -33.791126     -5.026683      2.219000 
    34.012824    -33.804280     -4.967607      2.299000 
    34.012836    -33.817430     -4.908531      2.356000 
    34.012847    -33.830578     -4.849454      2.326000 
    34.012859    -33.843723     -4.790377      2.257000 
    34.012870    -33.856870     -4.731300      2.198000 
    34.012882    -33.870010     -4.672222      2.213000 
    34.012894    -33.883152     -4.613144      2.265000 
    34.012905    -33.896294     -4.554065      2.300000 
    34.012917    -33.909430     -4.494986      2.310000 
    34.012928    -33.922570     -4.435907      2.292000 
    34.012940    -33.935703     -4.376827      2.250000 
    34.012951    -33.948840     -4.317747      2.208000 
    34.012963    -33.961975     -4.258667      2.186000 
    34.012975    -33.975105     -4.199586      2.191000 
    34.012986    -33.988235     -4.140505      2.217000 
    34.012998    -34.001366     -4.081423      2.247000 
    34.013009    -34.014496     -4.022342      2.275000 
    34.013021    -34.027622     -3.963259      2.297000 
    34.013032    -34.040750     -3.904177      2.314000 
    34.013044    -34.053870     -3.845094      2.330000 
    34.013056    -34.066994     -3.786011      2.348000 
    34.013067    -34.080116     -3.726927      2.367000 
    34.013079    -34.093240     -3.667844      2.385000 
    34.013090    -34.106358     -3.608760      2.403000 
    34.013102    -34.119476     -3.549675      2.420000 
    34.013113    -34.132590     -3.490590      2.436000 
    34.013125    -34.145710     -3.431505      2.451000 
    34.013137    -34.158825     -3.372420      2.464000 
    34.013148    -34.171940     -3.313334      2.474000 
    34.013160    -34.185050     -3.254248      2.482000 
    34.013171    -34.198166     -3.195162      2.488000 
    34.013183    -34.211273     -3.136075      2.492000 
    34.013194    -34.224384     -3.076988      2.496000 
    34.013206    -34.237495     -3.017901      2.502000 
    38.010347    -33.000300     -4.385235      1.869000 
    38.010359    -33.013440     -4.326155      1.884000 
    38.010370    -33.026573     -4.267075      1.920000 
    38.010382    -33.039703     -4.207994      1.969000 
    38.010394    -33.052834     -4.148913      2.019000 
    38.010405    -33.065964     -4.089832      2.039000 
    38.010417    -33.079094     -4.030750      2.023000 
    38.010428    -33.092220     -3.971668      1.988000 
    38.010440    -33.105347     -3.912586      1.952000 
    38.010451    -33.118473     -3.853503      1.916000 
    38.010463    -33.131596     -3.794420      1.897000 
    38.010475    -33.144720     -3.735337      1.887000 
    38.010486    -33.157840     -3.676253      1.875000 
    38.010498    -33.170960     -3.617169      1.868000 
    38.010509    -33.184080     -3.558085      1.866000 
    38.010521    -33.197197     -3.499000      1.870000 
    38.010532    -33.210316     -3.439915      1.881000 
    38.010544    -33.223430     -3.380830      1.899000 
    38.010556    -33.236546     -3.321745      1.924000 
    38.010567    -33.249660     -3.262659      1.961000 
    38.010579    -33.262770     -3.203572      1.999000 
    38.010590    -33.275883     -3.144486      2.028000 
    38.010602    -33.288994     -3.085399      2.049000 
    38.010613    -33.302100     -3.026312      2.059000 
    43.516956    -36.497814     -3.008758      1.905000 
    43.516968    -36.510925     -3.067855      1.912000 
    43.516979    -36.524033     -3.126952      1.918000 
    43.516991    -36.537144     -3.186049      1.928000 
    43.517002    -36.550255     -3.245146      1.931000 
    43.517014    -36.563370     -3.304242      1.928000 
    43.517025    -36.576480     -3.363338      1.917000 
    43.517037    -36.589596     -3.422434      1.893000 
    43.517049    -36.602715     -3.481529      1.870000 
    43.517060    -36.615830     -3.540624      1.845000 
    43.517072    -36.628950     -3.599719      1.832000 
    43.517083    -36.642067     -3.658814      1.825000 
    43.517095    -36.655186     -3.717908      1.819000 
    43.517106    -36.668310     -3.777001      1.812000 
    43.517118    -36.681430     -3.836095      1.789000 
    43.517130    -36.694553     -3.895188      1.751000 
    43.517141    -36.707680     -3.954281      1.706000 
    43.517153    -36.720806     -4.013373      1.660000 
    43.517164    -36.733932     -4.072465      1.621000 
    43.517176    -36.747063     -4.131557      1.595000 
    43.517188    -36.760193     -4.190649      1.583000 
    43.517199    -36.773323     -4.249740      1.591000 
    43.517211    -36.786457     -4.308830      1.606000 
    43.517222    -36.799590     -4.367921      1.527000 
    43.517234    -36.812730     -4.427011      1.378000 
    43.517245    -36.825863     -4.486100      1.510000 
    43.517257    -36.839000     -4.545189      1.721000 
    43.517269    -36.852142     -4.604278      1.777000 
    43.517280    -36.865284     -4.663367      1.625000 
    43.517292    -36.878426     -4.722455      1.324000 
    43.517303    -36.891570     -4.781543      1.020000 
    43.517315    -36.904716     -4.840630      0.988000 
    47.514363    -35.572502     -3.056284      1.853000 
    47.514375    -35.585613     -3.115381      1.854000 
    47.514387    -35.598720     -3.174478      1.858000 
    47.514398    -35.611830     -3.233575      1.859000 
    47.514410    -35.624943     -3.292672      1.856000 
    47.514421    -35.638054     -3.351768      1.853000 
    47.514444    -35.664280     -3.469959      1.851000 
    47.514456    -35.677395     -3.529055      1.868000 
    47.514468    -35.690514     -3.588150      1.895000 
    47.514479    -35.703630     -3.647244      1.915000 
    47.514491    -35.716747     -3.706339      1.918000 
    47.514502    -35.729870     -3.765433      1.896000 
    47.514514    -35.742990     -3.824527      1.875000 
    47.514525    -35.756110     -3.883620      1.870000 
    47.514537    -35.769234     -3.942713      1.897000 
    47.514549    -35.782360     -4.001806      1.916000 
    47.514560    -35.795486     -4.060898      1.921000 
    47.514572    -35.808613     -4.119990      1.881000 
    47.514583    -35.821740     -4.179082      1.827000 
    47.514595    -35.834870     -4.238173      1.813000 
    47.514606    -35.848000     -4.297264      1.839000 
    47.514618    -35.861134     -4.356355      1.859000 
    47.514630    -35.874268     -4.415445      1.858000 
    47.514664    -35.913677     -4.592713      1.804000 
    47.514676    -35.926815     -4.651802      1.740000 
    47.514687    -35.939957     -4.710891      1.917000 
    47.514699    -35.953100     -4.769979      1.823000 
    47.514711    -35.966244     -4.829066      1.656000 
    47.514722    -35.979390     -4.888153      1.456000 
    47.514734    -35.992535     -4.947240      1.424000 
    47.514745    -36.005684     -5.006327      1.013000 
    49.020625    -36.609234     -5.000045      1.140000 
    49.020637    -36.622380     -4.940968      1.177000 
    49.020648    -36.635525     -4.881891      1.398000 
    49.020660    -36.648670     -4.822814      1.664000 
    49.020671    -36.661810     -4.763736      1.908000 
    49.020683    -36.674953     -4.704658      2.072000 
    49.020694    -36.688090     -4.645580      2.176000 
    49.020706    -36.701230     -4.586501      2.249000 
    49.020718    -36.714367     -4.527422      2.295000 
    49.020729    -36.727500     -4.468342      2.308000 
    49.020741    -36.740635     -4.409262      2.283000 
    49.020752    -36.753765     -4.350182      2.227000 
    49.020764    -36.766900     -4.291101      2.157000 
    49.020775    -36.780030     -4.232020      2.098000 
    49.020787    -36.793156     -4.172938      2.054000 
    49.020799    -36.806282     -4.113857      2.026000 
    49.020810    -36.819410     -4.054774      2.003000 
    49.020822    -36.832530     -3.995692      1.968000 
    49.020833    -36.845654     -3.936609      1.930000 
    49.020845    -36.858776     -3.877526      1.893000 
    49.020856    -36.871900     -3.818442      1.863000 
    49.020868    -36.885017     -3.759359      1.859000 
    49.020880    -36.898136     -3.700274      1.879000 
    49.020891    -36.911250     -3.641190      1.884000 
    49.020903    -36.924370     -3.582105      1.865000 
    49.020914    -36.937485     -3.523020      1.831000 
    49.020926    -36.950596     -3.463935      1.837000 
    49.020938    -36.963710     -3.404849      1.890000 
    49.020949    -36.976820     -3.345763      1.954000 
    49.020961    -36.989930     -3.286676      2.003000 
    51.511748    -34.627567     -3.030563      2.440000 
    51.511759    -34.640680     -3.089660      2.454000 
    51.511771    -34.653786     -3.148758      2.476000 
    51.511794    -34.680004     -3.266951      2.492000 
    51.511806    -34.693115     -3.326047      2.509000 
    51.511817    -34.706230     -3.385143      2.524000 
    51.511829    -34.719340     -3.444239      2.540000 
    51.511840    -34.732456     -3.503334      2.555000 
    51.511852    -34.745570     -3.562429      2.569000 
    51.511863    -34.758690     -3.621524      2.582000 
    51.511875    -34.771810     -3.680618      2.594000 
    51.511887    -34.784927     -3.739713      2.600000 
    51.511898    -34.798046     -3.798806      2.604000 
    51.511910    -34.811170     -3.857900      2.606000 
    51.511921    -34.824290     -3.916993      2.605000 
    51.511933    -34.837414     -3.976085      2.602000 
    51.511944    -34.850540     -4.035178      2.599000 
    51.511956    -34.863667     -4.094270      2.596000 
    51.511968    -34.876793     -4.153362      2.595000 
    51.511979    -34.889923     -4.212453      2.595000 
    51.511991    -34.903053     -4.271544      2.596000 
    51.512002    -34.916183     -4.330635      2.600000 
    51.512014    -34.929317     -4.389725      2.603000 
    51.512025    -34.942450     -4.448815      2.603000 
    51.512037    -34.955585     -4.507904      2.601000 
    51.512049    -34.968723     -4.566994      2.594000 
    51.512060    -34.981860     -4.626082      2.583000 
    51.512072    -34.995003     -4.685171      2.567000 
    51.512083    -35.008144     -4.744259      2.551000 
    51.512095    -35.021290     -4.803347      2.544000 
    51.512106    -35.034430     -4.862434      2.525000 
    51.512118    -35.047577     -4.921521      2.491000 
    51.512130    -35.060726     -4.980607      2.445000 
    51.512141    -35.073875     -5.039693      2.384000 
    51.512153    -35.087025     -5.098779      2.308000 
    51.512164    -35.100178     -5.157864      2.218000 
    51.512176    -35.113335     -5.216949      2.110000 
    51.512188    -35.126488     -5.276034      1.994000 
    51.512199    -35.139645     -5.335118      1.880000 
    51.512211    -35.152805     -5.394202      1.771000 
    51.512222    -35.165966     -5.453285      1.702000 
    51.512234    -35.179127     -5.512368      1.725000 
    53.017998    -35.653480     -5.069519      1.307000 
    53.018009    -35.666630     -5.010442      1.398000 
    53.018021    -35.679775     -4.951365      1.666000 
    53.018032    -35.692920     -4.892288      1.882000 
    53.018044    -35.706066     -4.833210      1.983000 
    53.018056    -35.719208     -4.774132      1.987000 
    53.018067    -35.732350     -4.715054      1.958000 
    53.018079    -35.745487     -4.655975      1.952000 
    53.018090    -35.758630     -4.596896      1.963000 
    53.018102    -35.771763     -4.537817      1.956000 
    53.018113    -35.784900     -4.478737      1.927000 
    53.018125    -35.798035     -4.419657      1.905000 
    53.018137    -35.811165     -4.360576      1.898000 
    53.018148    -35.824300     -4.301495      1.906000 
    53.018160    -35.837425     -4.242414      1.920000 
    53.018171    -35.850555     -4.183332      1.932000 
    53.018183    -35.863680     -4.124250      1.941000 
    53.018194    -35.876810     -4.065167      1.948000 
    53.018206    -35.889935     -4.006085      1.939000 
    53.018218    -35.903057     -3.947002      1.920000 
    53.018229    -35.916180     -3.887918      1.912000 
    53.018252    -35.942420     -3.769750      1.914000 
    53.018264    -35.955540     -3.710666      1.927000 
    53.018275    -35.968655     -3.651581      1.943000 
    53.018299    -35.994890     -3.533411      1.957000 
    53.018310    -36.008003     -3.474325      1.960000 
    53.018322    -36.021114     -3.415239      1.953000 
    53.018356    -36.060448     -3.237979      1.800000 
    53.018368    -36.073555     -3.178891      1.824000 
    53.018391    -36.099770     -3.060716      1.876000 
    53.018403    -36.112877     -3.001628      1.868000 
    55.509132    -33.689500     -3.046945      1.790000 
    55.509144    -33.702606     -3.106042      1.809000 
    55.509155    -33.715714     -3.165139      1.765000 
    55.509178    -33.741936     -3.283333      1.720000 
    55.509190    -33.755047     -3.342429      1.759000 
    55.509201    -33.768158     -3.401524      1.806000 
    55.509213    -33.781273     -3.460620      1.832000 
    55.509225    -33.794388     -3.519715      1.803000 
    55.509236    -33.807503     -3.578810      1.787000 
    55.509248    -33.820618     -3.637904      1.795000 
    55.509259    -33.833736     -3.696999      1.801000 
    55.509271    -33.846855     -3.756092      1.812000 
    55.509317    -33.899345     -3.992464      1.743000 
    55.509329    -33.912470     -4.051557      1.737000 
    55.509340    -33.925600     -4.110648      1.737000 
    55.509352    -33.938725     -4.169740      1.740000 
    55.509363    -33.951855     -4.228831      1.747000 
    55.509375    -33.964985     -4.287922      1.757000 
    55.509387    -33.978120     -4.347012      1.768000 
    55.509398    -33.991250     -4.406102      1.778000 
    55.509410    -34.004387     -4.465192      1.787000 
    55.509421    -34.017520     -4.524281      1.795000 
    55.509433    -34.030660     -4.583370      1.796000 
    55.509444    -34.043797     -4.642459      1.789000 
    55.509456    -34.056940     -4.701547      1.770000 
    55.509468    -34.070080     -4.760635      1.749000 
    55.509479    -34.083220     -4.819722      1.744000 
    55.509491    -34.096367     -4.878809      1.750000 
    55.509502    -34.109512     -4.937896      1.754000 
    55.509514    -34.122660     -4.996982      1.753000 
    55.509525    -34.135810     -5.056068      1.745000 
    55.509537    -34.148964     -5.115154      1.735000 
    55.509549    -34.162117     -5.174239      1.727000 
    55.509560    -34.175270     -5.233324      1.719000 
    55.509572    -34.188427     -5.292408      1.712000 
    55.509583    -34.201584     -5.351492      1.704000 
    55.509595    -34.214745     -5.410575      1.695000 
    55.509606    -34.227905     -5.469658      1.686000 
    55.509618    -34.241066     -5.528741      1.675000 
    55.509630    -34.254230     -5.587823      1.673000 
    55.509641    -34.267400     -5.646905      1.677000 
    55.509653    -34.280567     -5.705986      1.682000 
    55.509664    -34.293736     -5.765067      1.689000 
    55.509676    -34.306908     -5.824148      1.693000 
    55.509687    -34.320084     -5.883228      1.691000 
    55.509699    -34.333260     -5.942308      1.685000 
    55.509711    -34.346436     -6.001387      1.673000 
    55.509722    -34.359615     -6.060466      1.656000 
    55.509734    -34.372795     -6.119544      1.634000 
    55.509745    -34.385980     -6.178622      1.607000 
    55.509757    -34.399162     -6.237699      1.583000 
    55.509769    -34.412350     -6.296776      1.562000 
    55.509780    -34.425540     -6.355853      1.544000 
    55.509792    -34.438732     -6.414929      1.531000 
    55.509803    -34.451923     -6.474004      1.523000 
    55.509815    -34.465120     -6.533079      1.518000 
    55.509826    -34.478317     -6.592154      1.514000 
    55.509838    -34.491516     -6.651228      1.508000 
    55.509850    -34.504720     -6.710302      1.506000 
    55.509861    -34.517920     -6.769375      1.504000 
    55.509873    -34.531128     -6.828448      1.527000 
    55.509884    -34.544340     -6.887520      1.509000 
    55.509896    -34.557550     -6.946592      1.405000 
    57.015012    -34.291210     -6.962921      1.530000 
    57.015023    -34.304420     -6.903858      1.489000 
    57.015035    -34.317627     -6.844795      1.448000 
    57.015046    -34.330833     -6.785731      1.404000 
    57.015058    -34.344036     -6.726667      1.367000 
    57.015069    -34.357235     -6.667602      1.341000 
    57.015081    -34.370434     -6.608537      1.306000 
    57.015093    -34.383633     -6.549471      1.278000 
    57.015104    -34.396828     -6.490405      1.265000 
    57.015116    -34.410020     -6.431338      1.271000 
    57.015127    -34.423206     -6.372271      1.300000 
    57.015139    -34.436398     -6.313204      1.338000 
    57.015150    -34.449580     -6.254136      1.377000 
    57.015162    -34.462770     -6.195067      1.410000 
    57.015174    -34.475950     -6.135998      1.432000 
    57.015185    -34.489130     -6.076929      1.445000 
    57.015197    -34.502308     -6.017859      1.448000 
    57.015208    -34.515484     -5.958789      1.439000 
    57.015220    -34.528660     -5.899718      1.415000 
    57.015231    -34.541832     -5.840647      1.387000 
    57.015243    -34.555000     -5.781575      1.362000 
    57.015255    -34.568172     -5.722503      1.345000 
    57.015266    -34.581337     -5.663431      1.340000 
    57.015278    -34.594500     -5.604358      1.346000 
    57.015289    -34.607666     -5.545285      1.358000 
    57.015301    -34.620827     -5.486211      1.373000 
    57.015312    -34.633987     -5.427137      1.389000 
    57.015324    -34.647150     -5.368062      1.405000 
    57.015336    -34.660300     -5.308987      1.417000 
    57.015347    -34.673460     -5.249912      1.425000 
    57.015359    -34.686610     -5.190836      1.428000 
    57.015370    -34.699764     -5.131760      1.425000 
    57.015382    -34.712914     -5.072683      1.417000 
    57.015394    -34.726063     -5.013606      1.406000 
    57.015405    -34.739210     -4.954529      1.391000 
    57.015417    -34.752354     -4.895451      1.380000 
    57.015428    -34.765500     -4.836373      1.371000 
    57.015440    -34.778640     -4.777294      1.363000 
    57.015451    -34.791782     -4.718215      1.356000 
    57.015463    -34.804920     -4.659136      1.351000 
    57.015475    -34.818058     -4.600056      1.348000 
    57.015486    -34.831196     -4.540976      1.346000 
    57.015498    -34.844330     -4.481895      1.346000 
    57.015509    -34.857464     -4.422815      1.352000 
    57.015521    -34.870594     -4.363733      1.361000 
    57.015532    -34.883724     -4.304652      1.368000 
    57.015544    -34.896854     -4.245570      1.371000 
    57.015556    -34.909980     -4.186488      1.371000 
    57.015567    -34.923107     -4.127405      1.371000 
    57.015579    -34.936234     -4.068322      1.372000 
    57.015590    -34.949360     -4.009239      1.376000 
    57.015602    -34.962482     -3.950155      1.383000 
    57.015613    -34.975600     -3.891071      1.392000 
    57.015625    -34.988724     -3.831986      1.402000 
    57.015637    -35.001842     -3.772902      1.414000 
    57.015648    -35.014960     -3.713817      1.427000 
    57.015660    -35.028076     -3.654731      1.438000 
    57.015671    -35.041190     -3.595645      1.446000 
    57.015683    -35.054310     -3.536559      1.447000 
    57.015694    -35.067420     -3.477473      1.445000 
    57.015706    -35.080536     -3.418386      1.437000 
    57.015718    -35.093643     -3.359299      1.421000 
    57.015729    -35.106754     -3.300212      1.396000 
    57.015741    -35.119865     -3.241124      1.366000 
    57.015752    -35.132973     -3.182036      1.339000 
    57.015764    -35.146080     -3.122948      1.321000 
    57.015775    -35.159187     -3.063860      1.316000 
    57.015787    -35.172290     -3.004771      1.320000 
    59.506759    -33.010025     -4.187253      1.730000 
    59.506771    -33.023150     -4.246342      1.725000 
    59.506782    -33.036280     -4.305432      1.718000 
    59.506794    -33.049410     -4.364521      1.709000 
    59.506806    -33.062542     -4.423609      1.698000 
    59.506817    -33.075676     -4.482697      1.683000 
    59.506829    -33.088810     -4.541785      1.666000 
    59.506840    -33.101948     -4.600873      1.652000 
    59.506852    -33.115080     -4.659960      1.643000 
    59.506863    -33.128223     -4.719046      1.639000 
    59.506875    -33.141360     -4.778133      1.644000 
    59.506887    -33.154503     -4.837219      1.651000 
    59.506898    -33.167650     -4.896304      1.634000 
    59.506910    -33.180790     -4.955390      1.611000 
    59.506921    -33.193940     -5.014474      1.635000 
    59.506933    -33.207085     -5.073559      1.713000 
    59.506944    -33.220234     -5.132643      1.680000 
    59.506956    -33.233387     -5.191726      1.635000 
    59.506968    -33.246540     -5.250810      1.673000 
    59.506979    -33.259693     -5.309892      1.688000 
    59.506991    -33.272850     -5.368975      1.663000 
    59.507002    -33.286007     -5.428057      1.624000 
    59.507014    -33.299168     -5.487138      1.604000 
    59.507025    -33.312330     -5.546220      1.614000 
    59.507037    -33.325493     -5.605300      1.646000 
    59.507049    -33.338657     -5.664381      1.684000 
    59.507060    -33.351820     -5.723460      1.709000 
    59.507072    -33.364990     -5.782540      1.724000 
    59.507083    -33.378162     -5.841619      1.722000 
    59.507095    -33.391335     -5.900697      1.729000 
    59.507106    -33.404507     -5.959776      1.751000 
    59.507118    -33.417683     -6.018853      1.792000 
    59.507130    -33.430862     -6.077931      1.827000 
    59.507141    -33.444042     -6.137007      1.858000 
    59.507153    -33.457222     -6.196084      1.890000 
    59.507164    -33.470406     -6.255160      1.918000 
    59.507176    -33.483593     -6.314235      1.939000 
    59.507188    -33.496780     -6.373310      1.950000 
    59.507199    -33.509968     -6.432385      1.950000 
    59.507211    -33.523163     -6.491459      1.940000 
    59.507222    -33.536354     -6.550532      1.925000 
    59.507234    -33.549550     -6.609605      1.909000 
    59.507245    -33.562748     -6.668678      1.893000 
    59.507257    -33.575950     -6.727750      1.878000 
    59.507269    -33.589150     -6.786822      1.865000 
    59.507280    -33.602356     -6.845893      1.855000 
    59.507292    -33.615562     -6.904964      1.845000 
    59.507303    -33.628773     -6.964034      1.833000 
   209.514421    -35.558765     -3.012270      1.925000 
   209.514433    -35.571873     -3.071362      1.900000 
   209.514444    -35.584980     -3.130454      1.874000 
   209.514456    -35.598087     -3.189546      1.847000 
   209.514468    -35.611200     -3.248638      1.818000 
   209.514479    -35.624310     -3.307729      1.788000 
   209.514491    -35.637420     -3.366820      1.761000 
   209.514502    -35.650530     -3.425911      1.737000 
   209.514514    -35.663647     -3.485001      1.716000 
   209.514525    -35.676758     -3.544091      1.697000 
   209.514537    -35.689873     -3.603181      1.681000 
   209.514549    -35.702990     -3.662270      1.667000 
   209.514560    -35.716110     -3.721359      1.652000 
   209.514572    -35.729230     -3.780448      1.636000 
   209.514583    -35.742348     -3.839536      1.618000 
   209.514595    -35.755470     -3.898624      1.597000 
   209.514606    -35.768593     -3.957712      1.575000 
   209.514618    -35.781715     -4.016799      1.551000 
   209.514630    -35.794840     -4.075886      1.525000 
   209.514641    -35.807964     -4.134973      1.501000 
   209.514653    -35.821095     -4.194059      1.482000 
   209.514664    -35.834225     -4.253145      1.458000 
   209.514676    -35.847355     -4.312231      1.425000 
   209.514687    -35.860485     -4.371316      1.386000 
   209.514699    -35.873620     -4.430401      1.343000 
   209.514711    -35.886753     -4.489486      1.315000 
   209.514722    -35.899887     -4.548570      1.304000 
   209.514734    -35.913025     -4.607654      1.295000 
   209.514745    -35.926163     -4.666737      1.284000 
   209.514757    -35.939304     -4.725820      1.272000 
   209.514769    -35.952446     -4.784903      1.260000 
   209.514780    -35.965588     -4.843985      1.249000 
   209.514792    -35.978733     -4.903067      1.247000 
   209.514803    -35.991880     -4.962148      1.253000 
   211.020694    -36.607384     -4.995018      1.134000 
   211.020706    -36.620530     -4.935936      1.154000 
   211.020718    -36.633680     -4.876854      1.235000 
   211.020729    -36.646820     -4.817772      1.339000 
   211.020741    -36.659966     -4.758689      1.451000 
   211.020752    -36.673103     -4.699606      1.589000 
   211.020764    -36.686245     -4.640522      1.686000 
   211.020775    -36.699383     -4.581438      1.715000 
   211.020787    -36.712520     -4.522354      1.703000 
   211.020799    -36.725655     -4.463269      1.668000 
   211.020810    -36.738790     -4.404184      1.602000 
   211.020822    -36.751923     -4.345099      1.530000 
   211.020833    -36.765053     -4.286013      1.477000 
   211.020845    -36.778183     -4.226927      1.450000 
   211.020856    -36.791313     -4.167840      1.438000 
   211.020868    -36.804440     -4.108753      1.439000 
   211.020880    -36.817566     -4.049666      1.446000 
   211.020891    -36.830690     -3.990579      1.451000 
   211.020903    -36.843815     -3.931491      1.460000 
   211.020914    -36.856934     -3.872403      1.471000 
   211.020926    -36.870056     -3.813314      1.484000 
   211.020938    -36.883175     -3.754225      1.492000 
   211.020949    -36.896294     -3.695136      1.494000 
   211.020961    -36.909412     -3.636046      1.494000 
   211.020972    -36.922527     -3.576956      1.491000 
   211.020984    -36.935642     -3.517866      1.486000 
   211.020995    -36.948757     -3.458776      1.480000 
   211.021007    -36.961872     -3.399685      1.473000 
   211.021019    -36.974983     -3.340594      1.467000 
   211.021030    -36.988094     -3.281502      1.461000 
   213.511817    -34.623394     -3.015918      2.697000 
   213.511829    -34.636500     -3.075010      2.678000 
   213.511840    -34.649610     -3.134102      2.665000 
   213.511852    -34.662716     -3.193194      2.658000 
   213.511863    -34.675827     -3.252285      2.657000 
   213.511875    -34.688940     -3.311377      2.653000 
   213.511887    -34.702050     -3.370467      2.645000 
   213.511898    -34.715160     -3.429558      2.633000 
   213.511910    -34.728275     -3.488648      2.617000 
   213.511921    -34.741390     -3.547738      2.605000 
   213.511933    -34.754505     -3.606828      2.600000 
   213.511944    -34.767620     -3.665917      2.593000 
   213.511956    -34.780740     -3.725006      2.582000 
   213.511968    -34.793858     -3.784095      2.573000 
   213.511979    -34.806980     -3.843183      2.568000 
   213.511991    -34.820103     -3.902271      2.568000 
   213.512002    -34.833220     -3.961359      2.573000 
   213.512014    -34.846348     -4.020446      2.582000 
   213.512025    -34.859474     -4.079533      2.596000 
   213.512037    -34.872600     -4.138620      2.617000 
   213.512049    -34.885727     -4.197706      2.641000 
   213.512060    -34.898857     -4.256792      2.667000 
   213.512072    -34.911987     -4.315877      2.690000 
   213.512083    -34.925117     -4.374963      2.703000 
   213.512095    -34.938250     -4.434047      2.702000 
   213.512106    -34.951385     -4.493132      2.687000 
   213.512118    -34.964523     -4.552216      2.657000 
   213.512130    -34.977660     -4.611300      2.618000 
   213.512141    -34.990800     -4.670383      2.576000 
   213.512153    -35.003940     -4.729466      2.538000 
   213.512164    -35.017082     -4.788549      2.497000 
   213.512176    -35.030224     -4.847631      2.449000 
   213.512188    -35.043370     -4.906713      2.384000 
   213.512199    -35.056515     -4.965794      2.308000 
   213.512211    -35.069664     -5.024875      2.247000 
   213.512222    -35.082813     -5.083956      2.206000 
   213.512234    -35.095966     -5.143036      2.185000 
   213.512245    -35.109120     -5.202116      2.191000 
   213.512257    -35.122272     -5.261195      2.169000 
   213.512269    -35.135430     -5.320275      2.101000 
   213.512280    -35.148586     -5.379353      2.004000 
   213.512292    -35.161747     -5.438431      1.934000 
   213.512303    -35.174908     -5.497509      1.929000 
   215.018079    -35.660170     -5.042390      0.864000 
   215.018090    -35.673320     -4.983309      0.879000 
   215.018102    -35.686470     -4.924227      0.967000 
   215.018113    -35.699615     -4.865145      1.105000 
   215.018125    -35.712760     -4.806062      1.234000 
   215.018137    -35.725903     -4.746979      1.345000 
   215.018148    -35.739044     -4.687896      1.408000 
   215.018160    -35.752186     -4.628812      1.450000 
   215.018171    -35.765324     -4.569728      1.447000 
   215.018183    -35.778460     -4.510644      1.407000 
   215.018194    -35.791595     -4.451559      1.332000 
   215.018206    -35.804730     -4.392474      1.273000 
   215.018218    -35.817863     -4.333388      1.291000 
   215.018229    -35.830994     -4.274302      1.369000 
   215.018241    -35.844124     -4.215216      1.458000 
   215.018252    -35.857254     -4.156129      1.507000 
   215.018264    -35.870380     -4.097042      1.544000 
   215.018275    -35.883507     -4.037955      1.573000 
   215.018287    -35.896633     -3.978867      1.595000 
   215.018299    -35.909756     -3.919779      1.605000 
   215.018310    -35.922880     -3.860691      1.604000 
   215.018322    -35.936000     -3.801602      1.594000 
   215.018333    -35.949120     -3.742513      1.586000 
   215.018345    -35.962240     -3.683423      1.578000 
   215.018356    -35.975357     -3.624334      1.571000 
   215.018368    -35.988476     -3.565244      1.570000 
   215.018380    -36.001590     -3.506153      1.573000 
   215.018391    -36.014706     -3.447063      1.572000 
   215.018403    -36.027817     -3.387972      1.570000 
   215.018414    -36.040930     -3.328880      1.567000 
   215.018426    -36.054043     -3.269789      1.564000 
   215.018437    -36.067150     -3.210697      1.561000 
   215.018449    -36.080260     -3.151604      1.558000 
   215.018461    -36.093370     -3.092512      1.558000 
   215.018472    -36.106476     -3.033419      1.560000 
   217.509213    -33.690536     -3.035812      1.914000 
   217.509225    -33.703644     -3.094905      1.903000 
   217.509236    -33.716750     -3.153997      1.901000 
   217.509248    -33.729862     -3.213088      1.896000 
   217.509259    -33.742973     -3.272180      1.871000 
   217.509271    -33.756084     -3.331271      1.829000 
   217.509282    -33.769196     -3.390362      1.787000 
   217.509294    -33.782310     -3.449452      1.753000 
   217.509306    -33.795425     -3.508542      1.739000 
   217.509317    -33.808540     -3.567632      1.745000 
   217.509329    -33.821655     -3.626721      1.767000 
   217.509340    -33.834774     -3.685811      1.800000 
   217.509352    -33.847893     -3.744900      1.833000 
   217.509363    -33.861015     -3.803988      1.865000 
   217.509387    -33.887257     -3.922164      1.899000 
   217.509398    -33.900383     -3.981252      1.941000 
   217.509410    -33.913506     -4.040339      1.993000 
   217.509421    -33.926632     -4.099426      2.052000 
   217.509433    -33.939762     -4.158512      2.104000 
   217.509444    -33.952890     -4.217598      2.139000 
   217.509456    -33.966020     -4.276684      2.154000 
   217.509468    -33.979153     -4.335769      2.157000 
   217.509479    -33.992287     -4.394855      2.159000 
   217.509491    -34.005420     -4.453939      2.158000 
   217.509502    -34.018555     -4.513024      2.154000 
   217.509514    -34.031693     -4.572108      2.144000 
   217.509525    -34.044830     -4.631191      2.130000 
   217.509537    -34.057972     -4.690274      2.113000 
   217.509549    -34.071114     -4.749357      2.094000 
   217.509560    -34.084255     -4.808440      2.076000 
   217.509572    -34.097400     -4.867522      2.056000 
   217.509583    -34.110546     -4.926604      2.034000 
   217.509595    -34.123695     -4.985685      2.013000 
   217.509606    -34.136845     -5.044766      1.993000 
   217.509618    -34.149994     -5.103846      1.977000 
   217.509630    -34.163147     -5.162927      1.966000 
   217.509641    -34.176300     -5.222006      1.958000 
   217.509653    -34.189457     -5.281086      1.956000 
   217.509664    -34.202614     -5.340165      1.950000 
   217.509676    -34.215775     -5.399243      1.956000 
   217.509687    -34.228930     -5.458321      1.983000 
   217.509699    -34.242096     -5.517399      2.028000 
   217.509711    -34.255260     -5.576476      2.084000 
   217.509722    -34.268425     -5.635553      2.145000 
   217.509734    -34.281593     -5.694630      2.183000 
   217.509745    -34.294765     -5.753706      2.172000 
   217.509757    -34.307934     -5.812781      2.186000 
   217.509769    -34.321110     -5.871856      2.209000 
   217.509780    -34.334286     -5.930931      2.220000 
   217.509792    -34.347460     -5.990005      2.228000 
   217.509803    -34.360640     -6.049079      2.234000 
   217.509815    -34.373820     -6.108152      2.234000 
   217.509826    -34.387005     -6.167225      2.219000 
   217.509838    -34.400190     -6.226298      2.180000 
   217.509850    -34.413376     -6.285370      2.120000 
   217.509861    -34.426563     -6.344441      2.062000 
   217.509873    -34.439754     -6.403513      2.019000 
   217.509884    -34.452950     -6.462583      1.988000 
   217.509896    -34.466140     -6.521653      1.965000 
   217.509907    -34.479340     -6.580723      1.952000 
   217.509919    -34.492540     -6.639792      1.944000 
   217.509931    -34.505740     -6.698861      1.913000 
   217.509942    -34.518944     -6.757929      1.842000 
   217.509954    -34.532150     -6.816997      1.743000 
   217.509965    -34.545357     -6.876065      1.653000 
   217.509977    -34.558567     -6.935131      1.624000 
   217.509988    -34.571777     -6.994198      1.678000 
   219.015093    -34.290720     -6.980741      1.912000 
   219.015104    -34.303932     -6.921674      1.896000 
   219.015116    -34.317142     -6.862606      1.896000 
   219.015127    -34.330350     -6.803539      1.898000 
   219.015139    -34.343555     -6.744470      1.892000 
   219.015150    -34.356760     -6.685401      1.885000 
   219.015162    -34.369960     -6.626332      1.876000 
   219.015174    -34.383160     -6.567262      1.862000 
   219.015185    -34.396355     -6.508192      1.846000 
   219.015197    -34.409550     -6.449121      1.827000 
   219.015208    -34.422740     -6.390050      1.806000 
   219.015220    -34.435932     -6.330978      1.786000 
   219.015231    -34.449120     -6.271906      1.772000 
   219.015243    -34.462307     -6.212834      1.766000 
   219.015255    -34.475490     -6.153761      1.781000 
   219.015266    -34.488674     -6.094687      1.799000 
   219.015278    -34.501858     -6.035613      1.829000 
   219.015289    -34.515034     -5.976539      1.808000 
   219.015301    -34.528210     -5.917464      1.848000 
   219.015312    -34.541386     -5.858389      1.888000 
   219.015324    -34.554558     -5.799313      1.916000 
   219.015336    -34.567730     -5.740237      1.936000 
   219.015347    -34.580900     -5.681160      1.950000 
   219.015359    -34.594067     -5.622083      1.954000 
   219.015370    -34.607230     -5.563006      1.954000 
   219.015382    -34.620396     -5.503928      1.951000 
   219.015394    -34.633560     -5.444850      1.937000 
   219.015405    -34.646720     -5.385771      1.916000 
   219.015417    -34.659878     -5.326692      1.901000 
   219.015428    -34.673040     -5.267612      1.895000 
   219.015440    -34.686190     -5.208533      1.900000 
   219.015451    -34.699345     -5.149452      1.901000 
   219.015463    -34.712498     -5.090371      1.882000 
   219.015475    -34.725650     -5.031290      1.858000 
   219.015486    -34.738796     -4.972209      1.833000 
   219.015498    -34.751945     -4.913127      1.816000 
   219.015509    -34.765090     -4.854045      1.821000 
   219.015521    -34.778236     -4.794962      1.847000 
   219.015532    -34.791378     -4.735879      1.890000 
   219.015544    -34.804520     -4.676795      1.937000 
   219.015556    -34.817660     -4.617711      1.986000 
   219.015567    -34.830800     -4.558627      2.033000 
   219.015579    -34.843937     -4.499543      2.067000 
   219.015590    -34.857070     -4.440458      2.089000 
   219.015602    -34.870205     -4.381372      2.098000 
   219.015613    -34.883340     -4.322287      2.092000 
   219.015625    -34.896470     -4.263200      2.085000 
   219.015637    -34.909600     -4.204114      2.077000 
   219.015648    -34.922730     -4.145027      2.071000 
   219.015660    -34.935856     -4.085940      2.068000 
   219.015671    -34.948982     -4.026853      2.068000 
   219.015683    -34.962110     -3.967765      2.072000 
   219.015694    -34.975230     -3.908677      2.080000 
   219.015706    -34.988354     -3.849588      2.092000 
   219.015718    -35.001476     -3.790499      2.106000 
   219.015729    -35.014595     -3.731410      2.117000 
   219.015741    -35.027714     -3.672321      2.125000 
   219.015752    -35.040833     -3.613231      2.129000 
   219.015764    -35.053947     -3.554141      2.128000 
   219.015775    -35.067062     -3.495050      2.125000 
   219.015787    -35.080177     -3.435959      2.121000 
   219.015799    -35.093292     -3.376868      2.120000 
   219.015810    -35.106403     -3.317777      2.121000 
   219.015822    -35.119514     -3.258685      2.119000 
   219.015833    -35.132626     -3.199593      2.119000 
   219.015845    -35.145737     -3.140501      2.118000 
   219.015856    -35.158844     -3.081408      2.118000 
   219.015868    -35.171950     -3.022315      2.117000 
   221.506840    -33.010937     -4.182509      1.868000 
   221.506852    -33.024063     -4.241595      1.858000 
   221.506863    -33.037193     -4.300680      1.837000 
   221.506875    -33.050323     -4.359766      1.806000 
   221.506887    -33.063457     -4.418850      1.769000 
   221.506898    -33.076590     -4.477935      1.740000 
   221.506910    -33.089725     -4.537019      1.729000 
   221.506921    -33.102863     -4.596102      1.737000 
   221.506933    -33.116000     -4.655185      1.761000 
   221.506944    -33.129143     -4.714268      1.791000 
   221.506956    -33.142280     -4.773351      1.823000 
   221.506968    -33.155422     -4.832433      1.854000 
   221.506979    -33.168568     -4.891515      1.882000 
   221.506991    -33.181713     -4.950596      1.895000 
   221.507002    -33.194862     -5.009677      1.880000 
   221.507014    -33.208010     -5.068758      1.845000 
   221.507025    -33.221160     -5.127838      1.778000 
   221.507037    -33.234314     -5.186918      1.805000 
   221.507049    -33.247467     -5.245997      1.907000 
   221.507060    -33.260620     -5.305076      1.990000 
   221.507072    -33.273780     -5.364154      1.913000 
   221.507083    -33.286938     -5.423233      1.802000 
   221.507095    -33.300100     -5.482310      1.748000 
   221.507106    -33.313260     -5.541388      1.748000 
   221.507118    -33.326424     -5.600465      1.741000 
   221.507130    -33.339590     -5.659541      1.751000 
   221.507141    -33.352757     -5.718617      1.775000 
   221.507153    -33.365930     -5.777693      1.805000 
   221.507164    -33.379097     -5.836768      1.832000 
   221.507176    -33.392270     -5.895843      1.859000 
   221.507188    -33.405445     -5.954917      1.887000 
   221.507199    -33.418625     -6.013991      1.912000 
   221.507211    -33.431800     -6.073065      1.932000 
   221.507222    -33.444980     -6.132138      1.948000 
   221.507234    -33.458164     -6.191210      1.948000 
   221.507245    -33.471348     -6.250282      1.905000 
   221.507257    -33.484535     -6.309354      1.818000 
   221.507269    -33.497723     -6.368425      1.724000 
   221.507280    -33.510914     -6.427496      1.651000 
   221.507292    -33.524110     -6.486566      1.614000 
   221.507303    -33.537300     -6.545636      1.610000 
   221.507315    -33.550500     -6.604705      1.625000 
   221.507326    -33.563698     -6.663774      1.694000 
   221.507338    -33.576900     -6.722843      1.766000 
   221.507350    -33.590103     -6.781910      1.705000 
   221.507361    -33.603306     -6.840978      1.626000 
   221.507373    -33.616516     -6.900045      1.563000 
   221.507384    -33.629726     -6.959111      1.530000 
   223.012500    -33.360813     -6.965702      1.812000 
   223.012512    -33.374023     -6.906634      1.802000 
   223.012523    -33.387230     -6.847567      1.795000 
   223.012535    -33.400436     -6.788499      1.793000 
   223.012546    -33.413640     -6.729430      1.781000 
   223.012558    -33.426840     -6.670361      1.784000 
   223.012569    -33.440040     -6.611291      1.821000 
   223.012581    -33.453236     -6.552221      1.868000 
   223.012593    -33.466430     -6.493151      1.919000 
   223.012604    -33.479620     -6.434080      1.948000 
   223.012616    -33.492813     -6.375008      1.942000 
   223.012627    -33.506000     -6.315936      1.916000 
   223.012639    -33.519188     -6.256864      1.891000 
   223.012650    -33.532370     -6.197791      1.871000 
   223.012662    -33.545555     -6.138718      1.855000 
   223.012674    -33.558735     -6.079644      1.872000 
   223.012685    -33.571915     -6.020570      1.941000 
   223.012697    -33.585090     -5.961495      2.023000 
   223.012708    -33.598267     -5.902420      2.044000 
   223.012720    -33.611440     -5.843345      2.019000 
   223.012743    -33.637780     -5.725192      1.952000 
   223.012755    -33.650948     -5.666115      1.898000 
   223.012766    -33.664112     -5.607038      1.871000 
   223.012778    -33.677277     -5.547961      1.855000 
   223.012789    -33.690437     -5.488882      1.836000 
   223.012801    -33.703598     -5.429804      1.819000 
   223.012813    -33.716760     -5.370725      1.806000 
   223.012824    -33.729916     -5.311646      1.794000 
   223.012836    -33.743070     -5.252566      1.784000 
   223.012847    -33.756220     -5.193486      1.779000 
   223.012859    -33.769375     -5.134405      1.775000 
   223.012870    -33.782524     -5.075324      1.768000 
   223.012882    -33.795673     -5.016243      1.757000 
   223.012894    -33.808823     -4.957161      1.742000 
   223.012905    -33.821968     -4.898079      1.731000 
   223.012917    -33.835110     -4.838996      1.723000 
   223.012928    -33.848250     -4.779913      1.716000 
   223.012940    -33.861393     -4.720830      1.706000 
   223.012951    -33.874535     -4.661746      1.692000 
   223.012963    -33.887672     -4.602662      1.675000 
   223.012975    -33.900806     -4.543578      1.657000 
   223.012986    -33.913944     -4.484493      1.641000 
   223.012998    -33.927080     -4.425408      1.626000 
   223.013009    -33.940210     -4.366322      1.613000 
   223.013021    -33.953340     -4.307236      1.603000 
   223.013032    -33.966470     -4.248150      1.597000 
   223.013044    -33.979600     -4.189063      1.594000 
   223.013056    -33.992725     -4.129976      1.592000 
   223.013067    -34.005850     -4.070889      1.587000 
   223.013079    -34.018974     -4.011801      1.577000 
   223.013090    -34.032097     -3.952713      1.563000 
   223.013102    -34.045220     -3.893625      1.545000 
   223.013113    -34.058342     -3.834536      1.528000 
   223.013125    -34.071460     -3.775447      1.510000 
   223.013137    -34.084580     -3.716358      1.492000 
   223.013148    -34.097694     -3.657268      1.477000 
   223.013160    -34.110813     -3.598178      1.464000 
   223.013171    -34.123924     -3.539088      1.450000 
   223.013183    -34.137040     -3.479997      1.433000 
   223.013194    -34.150154     -3.420906      1.409000 
   223.013206    -34.163265     -3.361815      1.375000 
   223.013218    -34.176376     -3.302723      1.359000 
   223.013229    -34.189484     -3.243631      1.370000 
   223.013241    -34.202595     -3.184539      1.407000 
   223.013252    -34.215700     -3.125446      1.450000 
   223.013264    -34.228806     -3.066353      1.468000 
   223.013275    -34.241913     -3.007260      1.452000 
   227.010405    -33.001200     -4.390975      1.779000 
   227.010417    -33.014330     -4.331890      1.770000 
   227.010428    -33.027462     -4.272804      1.765000 
   227.010440    -33.040590     -4.213717      1.760000 
   227.010451    -33.053720     -4.154631      1.756000 
   227.010463    -33.066840     -4.095544      1.752000 
   227.010475    -33.079967     -4.036456      1.749000 
   227.010486    -33.093090     -3.977369      1.747000 
   227.010498    -33.106213     -3.918281      1.744000 
   227.010509    -33.119330     -3.859192      1.741000 
   227.010521    -33.132450     -3.800103      1.739000 
   227.010532    -33.145570     -3.741014      1.737000 
   227.010544    -33.158688     -3.681925      1.736000 
   227.010556    -33.171803     -3.622835      1.734000 
   227.010567    -33.184917     -3.563745      1.729000 
   227.010579    -33.198032     -3.504655      1.723000 
   227.010590    -33.211143     -3.445564      1.714000 
   227.010602    -33.224255     -3.386473      1.703000 
   227.010613    -33.237366     -3.327382      1.692000 
   227.010625    -33.250477     -3.268290      1.678000 
   227.010637    -33.263584     -3.209198      1.656000 
   227.010648    -33.276690     -3.150106      1.649000 
   227.010660    -33.289795     -3.091014      1.640000 
   227.010671    -33.302902     -3.031921      1.639000 
   232.516991    -36.492600     -3.004547      2.276000 
   232.517002    -36.505707     -3.063641      2.234000 
   232.517014    -36.518810     -3.122735      2.149000 
   232.517025    -36.531918     -3.181828      2.078000 
   232.517037    -36.545030     -3.240921      2.028000 
   232.517049    -36.558136     -3.300014      1.989000 
   232.517060    -36.571247     -3.359107      1.948000 
   232.517072    -36.584360     -3.418199      1.887000 
   232.517083    -36.597470     -3.477291      1.820000 
   232.517095    -36.610584     -3.536383      1.753000 
   232.517106    -36.623700     -3.595474      1.694000 
   232.517118    -36.636814     -3.654565      1.638000 
   232.517130    -36.649930     -3.713656      1.562000 
   232.517141    -36.663048     -3.772746      1.532000 
   232.517153    -36.676167     -3.831836      1.583000 
   232.517164    -36.689290     -3.890925      1.696000 
   232.517176    -36.702410     -3.950015      1.683000 
   232.517188    -36.715530     -4.009104      1.608000 
   232.517199    -36.728657     -4.068192      1.584000 
   232.517211    -36.741783     -4.127281      1.572000 
   232.517222    -36.754910     -4.186369      1.582000 
   232.517234    -36.768036     -4.245456      1.605000 
   232.517245    -36.781166     -4.304544      1.627000 
   232.517257    -36.794296     -4.363631      1.651000 
   232.517269    -36.807426     -4.422717      1.685000 
   232.517280    -36.820560     -4.481803      1.704000 
   232.517292    -36.833694     -4.540889      1.669000 
   232.517303    -36.846832     -4.599975      1.533000 
   232.517315    -36.859970     -4.659060      1.313000 
   232.517326    -36.873110     -4.718144      1.025000 
   232.517338    -36.886250     -4.777229      0.759000 
   232.517350    -36.899390     -4.836313      0.551000 
   232.517361    -36.912537     -4.895396      0.553000 
   236.514387    -35.557915     -3.011782      2.009000 
   236.514398    -35.571020     -3.070876      2.026000 
   236.514410    -35.584126     -3.129971      2.052000 
   236.514421    -35.597230     -3.189065      2.071000 
   236.514433    -35.610336     -3.248159      2.084000 
   236.514444    -35.623444     -3.307253      2.094000 
   236.514456    -35.636555     -3.366346      2.098000 
   236.514468    -35.649666     -3.425439      2.091000 
   236.514479    -35.662773     -3.484532      2.065000 
   236.514491    -35.675888     -3.543624      2.016000 
   236.514502    -35.689000     -3.602716      1.941000 
   236.514514    -35.702114     -3.661808      1.885000 
   236.514525    -35.715233     -3.720899      1.886000 
   236.514537    -35.728348     -3.779990      1.947000 
   236.514549    -35.741467     -3.839081      1.989000 
   236.514560    -35.754585     -3.898172      1.976000 
   236.514572    -35.767704     -3.957262      1.871000 
   236.514583    -35.780827     -4.016352      1.779000 
   236.514595    -35.793950     -4.075441      1.704000 
   236.514606    -35.807076     -4.134530      1.643000 
   236.514618    -35.820198     -4.193619      1.601000 
   236.514630    -35.833324     -4.252707      1.586000 
   236.514641    -35.846455     -4.311795      1.596000 
   236.514653    -35.859585     -4.370883      1.608000 
   236.514664    -35.872715     -4.429970      1.623000 
   236.514676    -35.885845     -4.489057      1.567000 
   236.514687    -35.898980     -4.548144      1.492000 
   236.514699    -35.912113     -4.607230      1.399000 
   236.514711    -35.925250     -4.666316      1.415000 
   236.514722    -35.938390     -4.725401      1.402000 
   236.514734    -35.951530     -4.784486      1.341000 
   236.514745    -35.964670     -4.843571      1.267000 
   236.514757    -35.977814     -4.902656      1.186000 
   236.514769    -35.990955     -4.961740      1.175000 
   238.020648    -36.596520     -5.039390      0.929000 
   238.020660    -36.609670     -4.980310      1.052000 
   238.020671    -36.622810     -4.921229      1.262000 
   238.020683    -36.635952     -4.862148      1.485000 
   238.020694    -36.649094     -4.803067      1.642000 
   238.020706    -36.662230     -4.743985      1.718000 
   238.020718    -36.675370     -4.684903      1.863000 
   238.020729    -36.688507     -4.625820      2.068000 
   238.020741    -36.701640     -4.566737      2.289000 
   238.020752    -36.714775     -4.507654      2.439000 
   238.020764    -36.727905     -4.448571      2.466000 
   238.020775    -36.741035     -4.389487      2.406000 
   238.020787    -36.754166     -4.330402      2.279000 
   238.020799    -36.767292     -4.271318      2.124000 
   238.020810    -36.780420     -4.212233      1.988000 
   238.020822    -36.793545     -4.153147      1.928000 
   238.020833    -36.806667     -4.094061      1.922000 
   238.020845    -36.819790     -4.034975      1.938000 
   238.020856    -36.832912     -3.975889      1.943000 
   238.020868    -36.846030     -3.916802      1.930000 
   238.020880    -36.859150     -3.857715      1.919000 
   238.020891    -36.872270     -3.798628      1.913000 
   238.020903    -36.885384     -3.739540      1.918000 
   238.020914    -36.898500     -3.680452      1.929000 
   238.020926    -36.911613     -3.621363      1.935000 
   238.020938    -36.924730     -3.562275      1.933000 
   238.020949    -36.937840     -3.503186      1.928000 
   238.020961    -36.950950     -3.444096      1.922000 
   238.020972    -36.964058     -3.385006      1.914000 
   238.020984    -36.977170     -3.325916      1.906000 
   238.020995    -36.990276     -3.266826      1.907000 
   240.511782    -34.627342     -3.038604      2.030000 
   240.511794    -34.640446     -3.097699      2.033000 
   240.511806    -34.653550     -3.156794      2.006000 
   240.511817    -34.666656     -3.215889      1.978000 
   240.511829    -34.679764     -3.274984      1.963000 
   240.511840    -34.692870     -3.334078      1.971000 
   240.511852    -34.705980     -3.393172      1.982000 
   240.511863    -34.719090     -3.452266      1.983000 
   240.511875    -34.732200     -3.511359      1.982000 
   240.511887    -34.745310     -3.570452      1.982000 
   240.511898    -34.758423     -3.629545      1.983000 
   240.511910    -34.771538     -3.688637      1.986000 
   240.511921    -34.784653     -3.747729      1.989000 
   240.511933    -34.797770     -3.806821      1.991000 
   240.511944    -34.810886     -3.865912      1.995000 
   240.511956    -34.824005     -3.925003      2.000000 
   240.511968    -34.837128     -3.984094      2.005000 
   240.511979    -34.850246     -4.043185      2.009000 
   240.511991    -34.863370     -4.102275      2.014000 
   240.512002    -34.876495     -4.161364      2.019000 
   240.512014    -34.889618     -4.220454      2.027000 
   240.512025    -34.902744     -4.279543      2.035000 
   240.512037    -34.915874     -4.338631      2.044000 
   240.512049    -34.929000     -4.397720      2.054000 
   240.512060    -34.942135     -4.456808      2.062000 
   240.512072    -34.955265     -4.515895      2.071000 
   240.512083    -34.968400     -4.574983      2.079000 
   240.512095    -34.981533     -4.634069      2.085000 
   240.512106    -34.994670     -4.693156      2.092000 
   240.512118    -35.007810     -4.752242      2.100000 
   240.512130    -35.020947     -4.811328      2.107000 
   240.512141    -35.034090     -4.870413      2.110000 
   240.512153    -35.047230     -4.929498      2.106000 
   240.512164    -35.060370     -4.988583      2.090000 
   240.512176    -35.073520     -5.047667      2.059000 
   240.512188    -35.086666     -5.106751      2.021000 
   240.512199    -35.099815     -5.165834      1.993000 
   240.512211    -35.112965     -5.224917      1.947000 
   240.512222    -35.126118     -5.284000      1.879000 
   240.512234    -35.139270     -5.343082      1.804000 
   240.512245    -35.152428     -5.402164      1.739000 
   240.512257    -35.165585     -5.461245      1.707000 
   240.512269    -35.178740     -5.520326      1.723000 
   242.018032    -35.654820     -5.061558      1.069000 
   242.018044    -35.667965     -5.002479      1.112000 
   242.018056    -35.681110     -4.943399      1.229000 
   242.018067    -35.694252     -4.884318      1.367000 
   242.018079    -35.707394     -4.825238      1.489000 
   242.018090    -35.720530     -4.766156      1.585000 
   242.018102    -35.733670     -4.707075      1.656000 
   242.018113    -35.746807     -4.647993      1.690000 
   242.018125    -35.759940     -4.588910      1.675000 
   242.018137    -35.773075     -4.529828      1.609000 
   242.018148    -35.786205     -4.470745      1.516000 
   242.018160    -35.799335     -4.411661      1.453000 
   242.018171    -35.812466     -4.352577      1.439000 
   242.018183    -35.825592     -4.293493      1.488000 
   242.018194    -35.838720     -4.234409      1.570000 
   242.018206    -35.851845     -4.175324      1.630000 
   242.018218    -35.864967     -4.116239      1.670000 
   242.018229    -35.878090     -4.057153      1.703000 
   242.018241    -35.891212     -3.998067      1.733000 
   242.018252    -35.904330     -3.938981      1.749000 
   242.018264    -35.917450     -3.879894      1.739000 
   242.018275    -35.930570     -3.820807      1.708000 
   242.018287    -35.943684     -3.761720      1.684000 
   242.018299    -35.956800     -3.702632      1.661000 
   242.018310    -35.969913     -3.643545      1.640000 
   242.018322    -35.983025     -3.584456      1.633000 
   242.018333    -35.996140     -3.525368      1.640000 
   242.018345    -36.009250     -3.466279      1.662000 
   242.018356    -36.022358     -3.407190      1.681000 
   242.018368    -36.035465     -3.348100      1.685000 
   242.018380    -36.048573     -3.289010      1.680000 
   242.018391    -36.061680     -3.229920      1.680000 
   242.018403    -36.074787     -3.170830      1.682000 
   242.018414    -36.087890     -3.111739      1.684000 
   242.018426    -36.100994     -3.052648      1.691000 
   244.509167    -33.688446     -3.033159      2.082000 
   244.509178    -33.701550     -3.092255      2.052000 
   244.509190    -33.714653     -3.151350      2.050000 
   244.509201    -33.727760     -3.210446      2.043000 
   244.509213    -33.740868     -3.269541      2.175000 
   244.509225    -33.753975     -3.328636      2.420000 
   244.509236    -33.767082     -3.387730      2.508000 
   244.509248    -33.780193     -3.446825      2.263000 
   244.509259    -33.793304     -3.505919      1.960000 
   244.509271    -33.806416     -3.565012      1.810000 
   244.509282    -33.819530     -3.624105      1.945000 
   244.509294    -33.832645     -3.683199      2.034000 
   244.509306    -33.845760     -3.742291      2.025000 
   244.509317    -33.858880     -3.801383      2.001000 
   244.509340    -33.885117     -3.919567      2.028000 
   244.509352    -33.898235     -3.978659      2.061000 
   244.509363    -33.911358     -4.037750      2.091000 
   244.509375    -33.924480     -4.096840      2.118000 
   244.509387    -33.937603     -4.155930      2.143000 
   244.509398    -33.950730     -4.215020      2.163000 
   244.509410    -33.963856     -4.274110      2.178000 
   244.509421    -33.976986     -4.333199      2.187000 
   244.509433    -33.990112     -4.392288      2.190000 
   244.509444    -34.003246     -4.451377      2.186000 
   244.509456    -34.016376     -4.510465      2.175000 
   244.509468    -34.029510     -4.569553      2.159000 
   244.509479    -34.042650     -4.628640      2.137000 
   244.509491    -34.055782     -4.687727      2.113000 
   244.509502    -34.068920     -4.746814      2.097000 
   244.509514    -34.082060     -4.805900      2.090000 
   244.509525    -34.095203     -4.864986      2.087000 
   244.509537    -34.108345     -4.924072      2.088000 
   244.509549    -34.121490     -4.983157      2.093000 
   244.509560    -34.134636     -5.042242      2.100000 
   244.509572    -34.147780     -5.101326      2.109000 
   244.509583    -34.160930     -5.160410      2.117000 
   244.509595    -34.174084     -5.219494      2.125000 
   244.509606    -34.187237     -5.278577      2.135000 
   244.509618    -34.200390     -5.337660      2.145000 
   244.509630    -34.213543     -5.396743      2.156000 
   244.509641    -34.226704     -5.455825      2.167000 
   244.509653    -34.239860     -5.514906      2.178000 
   244.509664    -34.253020     -5.573987      2.188000 
   244.509676    -34.266186     -5.633068      2.198000 
   244.509687    -34.279350     -5.692148      2.206000 
   244.509699    -34.292515     -5.751228      2.213000 
   244.509711    -34.305683     -5.810308      2.217000 
   244.509722    -34.318850     -5.869387      2.223000 
   244.509734    -34.332024     -5.928466      2.230000 
   244.509745    -34.345200     -5.987544      2.240000 
   244.509757    -34.358376     -6.046621      2.251000 
   244.509769    -34.371550     -6.105699      2.262000 
   244.509780    -34.384730     -6.164776      2.268000 
   244.509792    -34.397910     -6.223852      2.271000 
   244.509803    -34.411095     -6.282928      2.286000 
   244.509815    -34.424282     -6.342004      2.311000 
   244.509826    -34.437470     -6.401079      2.339000 
   244.509838    -34.450657     -6.460153      2.347000 
   244.509850    -34.463850     -6.519227      2.312000 
   244.509861    -34.477043     -6.578301      2.241000 
   244.509873    -34.490240     -6.637374      2.145000 
   244.509884    -34.503437     -6.696447      2.046000 
   244.509896    -34.516636     -6.755519      1.976000 
   244.509907    -34.529840     -6.814591      1.945000 
   244.509919    -34.543040     -6.873662      1.950000 
   244.509931    -34.556248     -6.932733      1.970000 
   244.509942    -34.569458     -6.991803      1.987000 
