    56.253437    -21.994514     -3.898670      9.040000 
    56.253449    -21.976934     -3.947686      9.900001 
    56.253461    -21.959352     -3.996702      9.100000 
    56.253472    -21.941767     -4.045717      9.290001 
    56.253484    -21.924177     -4.094731      8.580001 
    56.253495    -21.906588     -4.143744      9.110001 
    56.253507    -21.888994     -4.192757      8.810000 
    56.253519    -21.871399     -4.241769      8.590000 
    56.253530    -21.853800     -4.290780      8.910001 
    56.253542    -21.836197     -4.339791      9.140000 
    56.253553    -21.818592     -4.388801      8.750000 
    56.253565    -21.800985     -4.437810      8.370001 
    56.253576    -21.783375     -4.486818      8.380000 
    56.253588    -21.765762     -4.535826      7.690001 
    56.253600    -21.748146     -4.584833      8.390000 
    56.253611    -21.730528     -4.633840      8.880000 
    56.253623    -21.712906     -4.682845      7.870000 
    56.253634    -21.695280     -4.731850      8.600000 
    56.253646    -21.677652     -4.780854      9.030001 
    56.253657    -21.660023     -4.829857      8.280001 
    56.253669    -21.642387     -4.878860      8.050000 
    56.253681    -21.624750     -4.927861      8.860001 
    56.253692    -21.607110     -4.976862      8.600000 
    56.253704    -21.589466     -5.025862      8.790000 
    56.253715    -21.571820     -5.074862      8.640000 
    56.253727    -21.554169     -5.123860      8.500000 
    56.253738    -21.536514     -5.172858      8.400001 
    56.253750    -21.518858     -5.221855      8.620001 
    56.253762    -21.501198     -5.270850      8.230000 
    56.253773    -21.483534     -5.319845      8.020000 
    56.253785    -21.465866     -5.368840      8.650001 
    56.253796    -21.448196     -5.417833      8.700001 
    56.253808    -21.430523     -5.466825      8.910001 
    56.253819    -21.412846     -5.515817      7.950000 
    56.253831    -21.395163     -5.564808      7.500000 
    56.253843    -21.377478     -5.613797      7.970000 
    56.253854    -21.359790     -5.662786      8.340000 
    56.253866    -21.342098     -5.711774      8.510000 
    56.253877    -21.324402     -5.760761      8.090000 
    56.253889    -21.306702     -5.809747      8.100000 
    56.253900    -21.289000     -5.858732      7.910000 
    56.253912    -21.271292     -5.907716      8.700001 
    56.253924    -21.253580     -5.956700      8.120001 
    56.253935    -21.235867     -6.005682      8.430000 
    56.253947    -21.218147     -6.054663      8.890000 
    56.253958    -21.200424     -6.103643      8.860001 
    56.253970    -21.182697     -6.152623      8.400001 
    56.253981    -21.164968     -6.201601      8.520000 
    56.253993    -21.147232     -6.250578      8.970000 
    56.254005    -21.129494     -6.299554      8.520000 
    56.254016    -21.111752     -6.348530      8.790000 
    56.254028    -21.094006     -6.397504      8.500000 
    56.254039    -21.076254     -6.446477      9.100000 
    56.254051    -21.058498     -6.495449      8.890000 
    56.254062    -21.040740     -6.544420      8.710000 
    56.254074    -21.022976     -6.593390      8.960000 
    56.254086    -21.005207     -6.642359      8.510000 
    56.254097    -20.987434     -6.691327      8.620001 
    56.254109    -20.969658     -6.740293      8.340000 
    56.254120    -20.951878     -6.789259      8.750000 
    56.254132    -20.934092     -6.838223      8.110001 
    56.254144    -20.916302     -6.887187      8.870001 
    56.254155    -20.898506     -6.936149      8.990001 
    56.254167    -20.880709     -6.985110      8.290000 
   209.946019    -21.995909     -6.937132      5.980001 
   209.946030    -21.977991     -6.986357      6.620000 
   213.399062    -21.942432     -6.981351      6.860000 
   213.399074    -21.924519     -6.932134      7.110000 
   213.399086    -21.906610     -6.882915      7.520001 
   213.399097    -21.888706     -6.833695      6.970000 
   213.399109    -21.870808     -6.784474      7.220000 
   213.399120    -21.852913     -6.735252      6.950000 
   213.399132    -21.835024     -6.686028      6.710000 
   213.399144    -21.817137     -6.636804      6.800000 
   213.399155    -21.799255     -6.587578      7.410000 
   213.399167    -21.781378     -6.538352      7.540000 
   213.399178    -21.763506     -6.489124      7.410000 
   213.399190    -21.745638     -6.439895      7.000000 
   213.399201    -21.727772     -6.390666      7.150001 
   213.399213    -21.709911     -6.341435      6.770001 
   213.399225    -21.692057     -6.292203      7.470000 
   213.399236    -21.674204     -6.242970      6.790000 
   213.399248    -21.656357     -6.193736      6.730001 
   213.399259    -21.638512     -6.144501      6.510000 
   213.399271    -21.620672     -6.095265      6.490000 
   213.399282    -21.602837     -6.046028      6.660000 
   213.399294    -21.585005     -5.996790      6.550000 
   213.399306    -21.567177     -5.947551      7.070000 
   213.399317    -21.549353     -5.898310      7.010000 
   213.399329    -21.531532     -5.849069      6.810000 
   213.399340    -21.513716     -5.799827      7.050000 
   213.399352    -21.495905     -5.750585      6.760000 
   213.399363    -21.478094     -5.701341      7.280000 
   213.399375    -21.460290     -5.652096      7.090000 
   213.399387    -21.442488     -5.602850      7.400001 
   213.399398    -21.424690     -5.553603      7.440001 
   213.399410    -21.406897     -5.504356      7.500000 
   213.399421    -21.389107     -5.455107      6.930000 
   213.399433    -21.371319     -5.405858      7.930000 
   213.399444    -21.353537     -5.356607      7.790000 
   213.399456    -21.335756     -5.307356      7.480001 
   213.399468    -21.317980     -5.258104      7.230001 
   213.399479    -21.300207     -5.208851      8.070001 
   213.399491    -21.282436     -5.159597      7.350000 
   213.399502    -21.264671     -5.110343      7.310000 
   213.399514    -21.246908     -5.061087      7.510000 
   213.399525    -21.229149     -5.011831      7.840000 
   213.399537    -21.211391     -4.962574      6.780000 
   213.399549    -21.193640     -4.913316      7.110000 
   213.399560    -21.175888     -4.864057      7.310000 
   213.399572    -21.158142     -4.814797      7.960000 
   213.399583    -21.140400     -4.765537      8.060000 
   213.399595    -21.122660     -4.716276      7.460000 
   213.399606    -21.104921     -4.667014      8.420000 
   213.399618    -21.087187     -4.617751      7.500000 
   213.399630    -21.069456     -4.568487      7.380000 
   213.399641    -21.051727     -4.519223      6.870000 
   213.399653    -21.034002     -4.469958      7.510000 
   213.399664    -21.016280     -4.420692      7.330000 
   213.399676    -20.998560     -4.371426      6.470000 
   213.399687    -20.980843     -4.322159      6.540000 
   213.399699    -20.963129     -4.272891      6.310000 
   213.399711    -20.945417     -4.223622      6.490000 
   213.399722    -20.927710     -4.174353      6.750000 
   213.399734    -20.910004     -4.125083      6.210000 
   213.399745    -20.892302     -4.075812      7.410000 
   213.399757    -20.874600     -4.026541      6.570000 
   213.399769    -20.856901     -3.977269      6.730001 
   213.399780    -20.839207     -3.927996      6.580000 
   213.399792    -20.821514     -3.878723      7.210000 
   213.399803    -20.803823     -3.829449      5.660000 
   213.399815    -20.786137     -3.780174      6.670001 
   213.399826    -20.768452     -3.730899      8.190001 
   213.399838    -20.750769     -3.681623      7.180000 
   213.399850    -20.733088     -3.632347      6.690001 
   213.399861    -20.715410     -3.583069      6.140000 
   213.399873    -20.697735     -3.533792      6.230001 
   213.399884    -20.680061     -3.484514      7.030000 
   213.399896    -20.662390     -3.435235      6.140000 
   213.399907    -20.644720     -3.385955      6.370000 
   213.399919    -20.627054     -3.336675      6.900000 
   213.399931    -20.609390     -3.287395      6.720000 
   213.399942    -20.591726     -3.238114      6.420000 
   213.399954    -20.574066     -3.188832      5.510000 
   213.399965    -20.556410     -3.139550      6.250000 
   213.399977    -20.538754     -3.090267      6.600000 
   213.399988    -20.521097     -3.040984      6.400000 
   213.906262    -21.655277     -3.030919      7.980001 
   213.906273    -21.637619     -3.080210      7.980001 
   213.906285    -21.619960     -3.129501      7.440001 
   213.906296    -21.602299     -3.178792      7.710000 
   213.906308    -21.584635     -3.228082      7.520001 
   213.906319    -21.566969     -3.277371      7.630001 
   213.906331    -21.549300     -3.326660      8.060000 
   213.906343    -21.531630     -3.375948      8.210000 
   213.906354    -21.513956     -3.425235      7.910000 
   213.906366    -21.496283     -3.474523      7.670001 
   213.906377    -21.478605     -3.523809      7.880001 
   213.906389    -21.460926     -3.573095      7.400001 
   213.906400    -21.443245     -3.622380      8.000000 
   213.906412    -21.425560     -3.671665      8.440001 
   213.906424    -21.407873     -3.720949      7.890000 
   213.906435    -21.390184     -3.770233      8.070001 
   213.906447    -21.372494     -3.819516      7.790000 
   213.906458    -21.354800     -3.868798      7.780000 
   213.906470    -21.337105     -3.918079      8.050000 
   213.906481    -21.319405     -3.967360      8.210000 
   213.906493    -21.301704     -4.016641      8.600000 
   213.906505    -21.284000     -4.065920      7.680000 
   213.906516    -21.266294     -4.115199      8.670000 
   213.906528    -21.248585     -4.164478      8.670000 
   213.906539    -21.230871     -4.213755      9.090000 
   213.906551    -21.213158     -4.263032      7.650001 
   213.906563    -21.195440     -4.312308      8.740001 
   213.906574    -21.177720     -4.361584      8.940001 
   213.906586    -21.159998     -4.410858      8.670000 
   213.906597    -21.142271     -4.460132      8.250000 
   213.906609    -21.124542     -4.509406      8.530001 
   213.906620    -21.106810     -4.558678      8.660001 
   213.906632    -21.089075     -4.607950      8.360001 
   213.906644    -21.071339     -4.657221      8.060000 
   213.906655    -21.053596     -4.706491      8.030001 
   213.906667    -21.035852     -4.755761      8.360001 
   213.906678    -21.018106     -4.805030      7.790000 
   213.906690    -21.000357     -4.854297      8.190001 
   213.906701    -20.982601     -4.903565      8.040000 
   213.906713    -20.964846     -4.952831      8.320001 
   213.906725    -20.947086     -5.002096      7.680000 
   213.906736    -20.929323     -5.051361      7.730001 
   213.906748    -20.911556     -5.100625      6.880000 
   213.906759    -20.893787     -5.149888      7.890000 
   213.906771    -20.876015     -5.199150      6.980001 
   213.906782    -20.858238     -5.248411      8.330000 
   213.906794    -20.840458     -5.297671      7.270001 
   213.906806    -20.822676     -5.346931      7.570000 
   213.906817    -20.804888     -5.396190      8.030001 
   213.906829    -20.787098     -5.445447      7.960000 
   213.906840    -20.769304     -5.494704      7.470000 
   213.906852    -20.751507     -5.543960      8.080000 
   213.906863    -20.733706     -5.593215      8.180000 
   213.906875    -20.715900     -5.642469      8.130000 
   213.906887    -20.698092     -5.691722      8.410001 
   213.906898    -20.680280     -5.740974      8.260000 
   213.906910    -20.662464     -5.790226      8.170000 
   213.906921    -20.644646     -5.839476      7.990000 
   213.906933    -20.626822     -5.888725      7.850000 
   213.906944    -20.608994     -5.937974      8.300000 
   213.906956    -20.591164     -5.987221      7.600000 
   213.906968    -20.573326     -6.036467      8.300000 
   213.906979    -20.555489     -6.085713      7.520001 
   213.906991    -20.537645     -6.134957      7.590000 
   213.907002    -20.519798     -6.184200      7.850000 
   213.907014    -20.501947     -6.233443      7.610000 
   213.907025    -20.484093     -6.282684      7.490000 
   213.907037    -20.466232     -6.331924      7.910000 
   213.907049    -20.448368     -6.381163      7.930000 
   213.907060    -20.430502     -6.430402      7.850000 
   213.907072    -20.412628     -6.479639      7.390000 
   213.907083    -20.394753     -6.528875      7.870000 
   213.907095    -20.376871     -6.578110      7.010000 
   213.907106    -20.358988     -6.627343      7.340000 
   213.907118    -20.341099     -6.676576      7.810000 
   213.907130    -20.323206     -6.725808      6.680000 
   213.907141    -20.305307     -6.775038      7.410000 
   213.907153    -20.287403     -6.824268      7.320000 
   213.907164    -20.269497     -6.873496      7.400001 
   213.907176    -20.251587     -6.922723      7.820000 
   213.907188    -20.233670     -6.971949      7.950000 
   217.360220    -20.198301     -6.997101      8.060000 
   217.360231    -20.180387     -6.947884      7.290000 
   217.360243    -20.162480     -6.898666      7.620000 
   217.360255    -20.144573     -6.849447      5.460000 
   217.360266    -20.126673     -6.800226      6.450000 
   217.360278    -20.108776     -6.751005      6.470000 
   217.360289    -20.090885     -6.701782      6.390000 
   217.360301    -20.072998     -6.652559      5.910000 
   217.360313    -20.055117     -6.603334      6.350000 
   217.360324    -20.037237     -6.554108      6.320000 
   217.360336    -20.019363     -6.504881      6.550000 
   217.360347    -20.001493     -6.455653      6.270001 
   226.293102    -21.998053     -3.354644      5.050000 
   226.293113    -21.980389     -3.305365      5.080000 
   226.293125    -21.962727     -3.256085      5.430000 
   226.293137    -21.945066     -3.206804      5.240000 
   226.293148    -21.927408     -3.157523      5.470000 
   226.293160    -21.909752     -3.108242      5.880000 
   226.293171    -21.892097     -3.058960      6.080000 
   226.293183    -21.874447     -3.009678      5.400000 
   226.800116    -21.996672     -5.873704      5.770001 
   226.800127    -21.978846     -5.922954      5.830000 
   226.800139    -21.961016     -5.972203      5.380000 
   226.800150    -21.943180     -6.021451      5.560000 
   226.800162    -21.925343     -6.070698      5.660000 
   226.800174    -21.907501     -6.119944      5.640000 
   226.800185    -21.889654     -6.169189      4.730000 
   226.800197    -21.871805     -6.218432      4.630000 
   226.800208    -21.853952     -6.267675      4.880000 
   226.800220    -21.836094     -6.316917      4.470000 
   226.800231    -21.818232     -6.366158      5.240000 
   226.800243    -21.800365     -6.415398      4.650000 
   226.800255    -21.782494     -6.464636      4.110000 
   226.800266    -21.764620     -6.513874      5.480001 
   226.800278    -21.746740     -6.563110      5.050000 
   226.800289    -21.728857     -6.612346      5.500000 
   226.800301    -21.710970     -6.661580      6.100000 
   226.800312    -21.693077     -6.710813      5.880000 
   226.800324    -21.675180     -6.760045      5.690000 
   226.800336    -21.657278     -6.809276      6.530000 
   226.800347    -21.639374     -6.858506      5.830000 
   226.800359    -21.621464     -6.907734      6.530000 
   226.800370    -21.603548     -6.956962      6.090000 
   230.253414    -21.548420     -6.958354      6.140000 
   230.253426    -21.530510     -6.909137      6.820000 
   230.253437    -21.512606     -6.859919      6.230001 
   230.253449    -21.494705     -6.810700      5.530000 
   230.253461    -21.476809     -6.761480      6.840000 
   230.253472    -21.458918     -6.712259      7.410000 
   230.253484    -21.441030     -6.663036      6.650000 
   230.253495    -21.423147     -6.613813      6.170000 
   230.253507    -21.405270     -6.564588      6.160000 
   230.253519    -21.387396     -6.515362      6.080000 
   230.253530    -21.369526     -6.466136      6.200000 
   230.253542    -21.351660     -6.416908      6.090000 
   230.253553    -21.333797     -6.367679      5.940000 
   230.253576    -21.298088     -6.269218      6.060000 
   230.253588    -21.280240     -6.219986      6.490000 
   230.253600    -21.262396     -6.170753      6.550000 
   230.253611    -21.244555     -6.121519      6.370000 
   230.253623    -21.226717     -6.072283      6.420000 
   230.253634    -21.208883     -6.023047      6.470000 
   230.253646    -21.191055     -5.973810      6.450000 
   230.253657    -21.173231     -5.924572      6.580000 
   230.253669    -21.155410     -5.875333      6.200000 
   230.253681    -21.137592     -5.826093      6.010000 
   230.253692    -21.119780     -5.776852      5.930000 
   230.253704    -21.101969     -5.727610      6.600000 
   230.253715    -21.084164     -5.678367      6.080000 
   230.253727    -21.066360     -5.629123      6.590000 
   230.253738    -21.048563     -5.579878      5.800000 
   230.253750    -21.030767     -5.530632      6.700000 
   230.253762    -21.012978     -5.481386      6.640000 
   230.253773    -20.995190     -5.432138      6.640000 
   230.253785    -20.977406     -5.382890      7.020001 
   230.253796    -20.959625     -5.333640      6.630000 
   230.253808    -20.941849     -5.284390      6.840000 
   230.253819    -20.924074     -5.235139      6.150000 
   230.253831    -20.906303     -5.185887      6.250000 
   230.253843    -20.888536     -5.136634      6.420000 
   230.253854    -20.870773     -5.087380      6.230001 
   230.253866    -20.853014     -5.038126      6.310000 
   230.253877    -20.835257     -4.988870      6.140000 
   230.253889    -20.817503     -4.939614      5.950000 
   230.253900    -20.799753     -4.890357      5.570000 
   230.253912    -20.782005     -4.841099      5.520001 
   230.253924    -20.764261     -4.791841      5.280000 
   230.253935    -20.746520     -4.742581      5.440000 
   230.253947    -20.728783     -4.693321      4.980000 
   230.253958    -20.711048     -4.644060      5.170000 
   230.253970    -20.693316     -4.594798      5.340000 
   230.253981    -20.675587     -4.545536      5.010000 
   230.253993    -20.657862     -4.496273      5.120000 
   230.254005    -20.640139     -4.447009      5.350000 
   230.254016    -20.622420     -4.397744      5.380000 
   230.254028    -20.604702     -4.348478      5.600000 
   230.254039    -20.586987     -4.299212      5.050000 
   230.254051    -20.569277     -4.249945      5.200000 
   230.254062    -20.551567     -4.200678      5.250000 
   230.254074    -20.533861     -4.151409      5.010000 
   230.254086    -20.516157     -4.102140      5.460000 
   230.254097    -20.498457     -4.052871      5.370000 
   230.254109    -20.480759     -4.003600      5.470000 
   230.254120    -20.463064     -3.954329      5.260000 
   230.254132    -20.445372     -3.905058      5.200000 
   230.254144    -20.427680     -3.855785      5.110000 
   230.254155    -20.409992     -3.806512      5.470000 
   230.254167    -20.392307     -3.757239      5.410000 
   230.254178    -20.374624     -3.707965      5.270001 
   230.254190    -20.356943     -3.658690      5.180000 
   230.254201    -20.339266     -3.609414      5.030000 
   230.254213    -20.321590     -3.560138      5.350000 
   230.254225    -20.303917     -3.510862      5.750000 
   230.254236    -20.286245     -3.461585      5.030000 
   230.254248    -20.268576     -3.412307      5.380000 
   230.254259    -20.250910     -3.363029      5.780000 
   230.254271    -20.233246     -3.313750      4.960000 
   230.254282    -20.215584     -3.264470      5.600000 
   230.254294    -20.197922     -3.215190      5.640000 
   230.254306    -20.180264     -3.165910      5.400000 
   230.254317    -20.162607     -3.116629      5.690000 
   230.254329    -20.144955     -3.067347      5.350000 
   230.254340    -20.127302     -3.018065      6.020001 
   230.760602    -21.277824     -3.008140      6.620000 
   230.760613    -21.260166     -3.057433      5.640000 
   230.760625    -21.242508     -3.106726      6.130000 
   230.760637    -21.224846     -3.156018      5.850000 
   230.760648    -21.207184     -3.205310      5.540000 
   230.760660    -21.189516     -3.254601      6.420000 
   230.760671    -21.171850     -3.303892      5.860000 
   230.760683    -21.154180     -3.353182      5.920000 
   230.760694    -21.136509     -3.402472      6.010000 
   230.760706    -21.118835     -3.451761      5.610000 
   230.760718    -21.101158     -3.501049      5.920000 
   230.760729    -21.083480     -3.550337      5.870000 
   230.760741    -21.065800     -3.599624      6.070000 
   230.760752    -21.048117     -3.648911      6.190000 
   230.760764    -21.030432     -3.698197      5.920000 
   230.760775    -21.012743     -3.747482      5.440000 
   230.760787    -20.995052     -3.796767      5.520001 
   230.760799    -20.977360     -3.846051      6.210000 
   230.760810    -20.959663     -3.895335      5.620000 
   230.760822    -20.941965     -3.944618      6.100000 
   230.760833    -20.924267     -3.993900      5.780000 
   230.760845    -20.906563     -4.043181      5.670000 
   230.760856    -20.888857     -4.092462      5.840000 
   230.760868    -20.871150     -4.141742      5.790000 
   230.760880    -20.853437     -4.191022      5.290000 
   230.760891    -20.835726     -4.240301      5.280000 
   230.760903    -20.818008     -4.289579      5.640000 
   230.760914    -20.800290     -4.338856      5.130000 
   230.760926    -20.782566     -4.388133      5.470000 
   230.760938    -20.764841     -4.437409      5.130000 
   230.760949    -20.747114     -4.486684      4.850000 
   230.760961    -20.729383     -4.535959      5.330000 
   230.760972    -20.711650     -4.585233      5.310000 
   230.760984    -20.693913     -4.634506      5.460000 
   230.760995    -20.676172     -4.683778      5.570000 
   230.761007    -20.658430     -4.733049      5.370000 
   230.761019    -20.640684     -4.782320      5.400000 
   230.761030    -20.622936     -4.831590      5.780000 
   230.761042    -20.605185     -4.880859      4.930000 
   230.761053    -20.587427     -4.930127      5.600000 
   230.761065    -20.569670     -4.979395      4.930000 
   230.761076    -20.551908     -5.028661      6.050000 
   230.761088    -20.534143     -5.077927      5.250000 
   230.761100    -20.516375     -5.127192      6.080000 
   230.761111    -20.498604     -5.176456      6.070000 
   230.761123    -20.480827     -5.225719      6.370000 
   230.761134    -20.463050     -5.274982      6.150000 
   230.761146    -20.445269     -5.324243      6.020001 
   230.761157    -20.427483     -5.373504      6.320000 
   230.761169    -20.409693     -5.422763      6.500000 
   230.761181    -20.391901     -5.472022      7.150001 
   230.761192    -20.374105     -5.521280      6.230001 
   230.761204    -20.356304     -5.570537      5.690000 
   230.761215    -20.338503     -5.619793      6.440001 
   230.761227    -20.320696     -5.669048      7.400001 
   230.761238    -20.302883     -5.718303      7.060000 
   230.761250    -20.285070     -5.767556      7.190001 
   230.761262    -20.267252     -5.816808      6.430000 
   230.761273    -20.249430     -5.866060      6.820000 
   230.761285    -20.231604     -5.915310      6.190000 
   230.761296    -20.213774     -5.964559      5.750000 
   230.761308    -20.195942     -6.013808      5.760000 
   230.761319    -20.178102     -6.063055      6.420000 
   230.761331    -20.160261     -6.112302      5.780000 
   230.761343    -20.142416     -6.161547      6.040000 
   230.761354    -20.124567     -6.210791      5.440000 
   230.761366    -20.106712     -6.260035      5.530000 
   230.761377    -20.088856     -6.309277      6.120000 
   230.761389    -20.070993     -6.358518      5.490000 
   230.761400    -20.053127     -6.407758      5.100000 
   230.761412    -20.035257     -6.456998      5.140000 
   230.761424    -20.017382     -6.506236      5.560000 
   243.147234    -21.993477     -4.393221      6.370000 
   243.147245    -21.975761     -4.343955      6.220000 
   243.147257    -21.958050     -4.294689      5.880000 
   243.147269    -21.940340     -4.245422      5.840000 
   243.147280    -21.922634     -4.196155      6.690001 
   243.147292    -21.904930     -4.146886      6.610000 
   243.147303    -21.887230     -4.097617      6.430000 
   243.147315    -21.869532     -4.048347      6.640000 
   243.147326    -21.851835     -3.999077      6.600000 
   243.147338    -21.834143     -3.949806      6.690001 
   243.147350    -21.816450     -3.900534      6.460000 
   243.147361    -21.798763     -3.851262      6.990000 
   243.147373    -21.781078     -3.801989      6.480001 
   243.147384    -21.763395     -3.752716      6.530000 
   243.147396    -21.745714     -3.703441      6.870000 
   243.147407    -21.728037     -3.654166      6.830000 
   243.147419    -21.710360     -3.604891      6.730001 
   243.147431    -21.692686     -3.555615      6.650000 
   243.147442    -21.675016     -3.506338      7.290000 
   243.147454    -21.657347     -3.457061      7.270001 
   243.147465    -21.639680     -3.407783      7.300000 
   243.147477    -21.622017     -3.358505      6.950000 
   243.147488    -21.604353     -3.309226      6.240000 
   243.147500    -21.586693     -3.259947      6.870000 
   243.147512    -21.569035     -3.210667      7.000000 
   243.147523    -21.551378     -3.161386      6.760000 
   243.147535    -21.533726     -3.112105      7.400001 
   243.147546    -21.516073     -3.062824      6.870000 
   243.147558    -21.498425     -3.013542      6.390000 
   243.654248    -21.997295     -4.829183      7.630001 
   243.654259    -21.979544     -4.878454      7.570000 
   243.654271    -21.961790     -4.927723      7.330000 
   243.654282    -21.944035     -4.976992      7.700000 
   243.654294    -21.926273     -5.026260      7.080000 
   243.654306    -21.908510     -5.075527      7.500000 
   243.654317    -21.890743     -5.124794      7.870000 
   243.654329    -21.872974     -5.174059      7.800000 
   243.654340    -21.855202     -5.223324      7.700000 
   243.654352    -21.837423     -5.272588      8.110001 
   243.654363    -21.819643     -5.321850      7.770001 
   243.654375    -21.801860     -5.371112      7.700000 
   243.654387    -21.784073     -5.420374      8.270000 
   243.654398    -21.766281     -5.469634      7.020001 
   243.654410    -21.748487     -5.518893      7.350000 
   243.654421    -21.730688     -5.568151      7.450000 
   243.654433    -21.712889     -5.617409      7.710000 
   243.654444    -21.695084     -5.666666      7.370000 
   243.654456    -21.677275     -5.715921      8.030001 
   243.654468    -21.659460     -5.765176      7.370000 
   243.654479    -21.641644     -5.814430      7.950000 
   243.654491    -21.623823     -5.863682      7.780000 
   243.654502    -21.606000     -5.912934      8.180000 
   243.654514    -21.588173     -5.962185      8.770000 
   243.654525    -21.570340     -6.011435      8.510000 
   243.654537    -21.552504     -6.060683      8.640000 
   243.654549    -21.534664     -6.109931      9.000000 
   243.654560    -21.516820     -6.159178      8.620001 
   243.654572    -21.498974     -6.208424      8.730000 
   243.654583    -21.481121     -6.257669      8.770000 
   243.654595    -21.463264     -6.306912      8.820001 
   243.654606    -21.445404     -6.356155      8.250000 
   243.654618    -21.427540     -6.405397      8.080000 
   243.654630    -21.409672     -6.454637      7.810000 
   243.654641    -21.391800     -6.503877      8.270000 
   243.654653    -21.373922     -6.553115      8.390000 
   243.654664    -21.356040     -6.602352      7.310000 
   243.654676    -21.338156     -6.651588      8.570001 
   243.654687    -21.320265     -6.700824      8.420000 
   243.654699    -21.302370     -6.750058      8.200001 
   243.654711    -21.284472     -6.799290      8.630000 
   243.654722    -21.266567     -6.848522      7.660000 
   243.654734    -21.248660     -6.897753      8.210000 
   243.654745    -21.230747     -6.946982      8.680000 
   243.654757    -21.212830     -6.996211      7.740000 
