    28.202720    -23.143345    -13.041916      6.762000 
    28.202731    -23.133442    -13.104914      7.074000 
    28.202743    -23.123533    -13.167911      6.526001 
    28.202755    -23.113617    -13.230906      6.918000 
    28.202766    -23.103691    -13.293900      7.130000 
    28.202778    -23.093761    -13.356893      7.814001 
    28.202801    -23.083822    -13.419885      7.423000 
    28.202812    -23.073875    -13.482875      7.678000 
    28.202824    -23.063921    -13.545863      8.115001 
    28.202836    -23.053959    -13.608851      7.170001 
    28.202847    -23.043990    -13.671837      8.020000 
    28.202859    -23.034014    -13.734821      8.045000 
    28.202870    -23.024029    -13.797805      7.307000 
    28.202882    -23.014036    -13.860786      7.120000 
    28.202894    -23.004036    -13.923767      7.688000 
    29.203079    -25.607943    -13.043656      8.404000 
    29.203090    -25.598042    -13.106654      8.279000 
    29.203102    -25.588133    -13.169651      8.175000 
    29.203113    -25.578217    -13.232646      8.289001 
    29.203125    -25.568293    -13.295640      8.239000 
    29.203137    -25.558361    -13.358633      8.000000 
    29.203148    -25.548422    -13.421624      8.165000 
    29.203171    -25.538477    -13.484614      8.085000 
    29.203183    -25.528522    -13.547603      8.165000 
    29.203194    -25.518560    -13.610590      8.364000 
    29.203206    -25.508593    -13.673576      8.165000 
    29.203218    -25.498615    -13.736560      8.135000 
    29.203229    -25.488630    -13.799543      8.364000 
    29.203241    -25.478640    -13.862525      8.075001 
    29.203252    -25.468640    -13.925505      8.568001 
    29.203264    -25.458632    -13.988484      8.155001 
    29.203275    -25.448614    -14.051461      8.608001 
    29.203299    -25.438591    -14.114437      8.508000 
    29.203310    -25.428560    -14.177412      8.588000 
    29.203322    -25.418520    -14.240385      8.374001 
    29.203333    -25.408472    -14.303356      8.825001 
    29.203345    -25.398417    -14.366327      8.855000 
    29.203356    -25.388353    -14.429295      8.474000 
    29.203368    -25.378280    -14.492263      8.444000 
    29.203380    -25.368200    -14.555229      8.319000 
    29.203391    -25.358112    -14.618193      7.980001 
    29.203403    -25.348015    -14.681156      8.249001 
    29.203426    -25.337910    -14.744117      8.145000 
    29.203438    -25.327797    -14.807077      7.890000 
    29.203449    -25.317675    -14.870035      7.940001 
    29.203461    -25.307543    -14.932992      7.950000 
    29.203472    -25.297403    -14.995948      7.433001 
    29.203484    -25.287256    -15.058902      7.553000 
    29.203495    -25.277102    -15.121854      7.553000 
    29.203507    -25.266935    -15.184805      7.327000 
    29.203519    -25.256762    -15.247754      7.074000 
    29.203530    -25.246580    -15.310702      7.267000 
    29.203553    -25.236390    -15.373648      7.377000 
    29.203565    -25.226189    -15.436593      7.688000 
    29.203576    -25.215980    -15.499536      7.638001 
    29.203588    -25.205763    -15.562478      7.970000 
    29.203600    -25.195536    -15.625418      7.377000 
    29.203611    -25.185300    -15.688356      7.764000 
    29.203623    -25.175056    -15.751293      7.543000 
    29.203634    -25.164803    -15.814228      7.317000 
    29.203646    -25.154540    -15.877162      7.804000 
    29.203657    -25.144266    -15.940094      7.970000 
    29.203681    -25.133986    -16.003023      7.618000 
    29.203692    -25.123695    -16.065952      7.854001 
    29.203704    -25.113396    -16.128880      8.732000 
    29.203715    -25.103086    -16.191805      8.945001 
    29.203727    -25.092768    -16.254728      8.692000 
    29.203738    -25.082441    -16.317652      8.968000 
    29.203750    -25.072104    -16.380571      8.249001 
    29.203762    -25.061756    -16.443491      8.835000 
    29.203773    -25.051400    -16.506409      8.875000 
    29.203785    -25.041035    -16.569324      8.815001 
    29.203808    -25.030659    -16.632238      8.558001 
    29.203819    -25.020273    -16.695150      8.628000 
    29.203831    -25.009878    -16.758060      9.151000 
    29.203843    -24.999474    -16.820970      8.588000 
    29.203854    -24.989058    -16.883877      8.374001 
    29.203866    -24.978634    -16.946781      8.404000 
    31.662222    -23.370453    -16.992735      9.131001 
    31.662234    -23.360025    -16.929846      8.628000 
    31.662245    -23.349607    -16.866953      8.905001 
    31.662257    -23.339200    -16.804058      8.845000 
    31.662269    -23.328802    -16.741161      8.958000 
    31.662280    -23.318415    -16.678265      8.682000 
    31.662292    -23.308035    -16.615364      8.805000 
    31.662303    -23.297667    -16.552464      8.672001 
    31.662315    -23.287308    -16.489561      8.608001 
    31.662326    -23.276958    -16.426657      9.302000 
    31.662350    -23.266619    -16.363750      8.935000 
    31.662361    -23.256287    -16.300842      8.444000 
    31.662373    -23.245966    -16.237934      8.404000 
    31.662384    -23.235655    -16.175022      7.910000 
    31.662396    -23.225351    -16.112110      7.864000 
    31.662407    -23.215060    -16.049196      8.145000 
    31.662419    -23.204777    -15.986280      8.249001 
    31.662431    -23.194502    -15.923362      8.105000 
    31.662442    -23.184237    -15.860443      8.279000 
    31.662454    -23.173980    -15.797523      8.538000 
    31.662477    -23.163733    -15.734600      9.058001 
    31.662488    -23.153496    -15.671677      8.835000 
    31.662500    -23.143267    -15.608751      8.915000 
    31.662512    -23.133045    -15.545824      8.414001 
    31.662523    -23.122835    -15.482896      8.792001 
    31.662535    -23.112633    -15.419965      8.845000 
    31.662546    -23.102440    -15.357034      8.905001 
    31.662558    -23.092255    -15.294100      8.905001 
    31.662569    -23.082079    -15.231166      8.722000 
    31.662581    -23.071913    -15.168229      8.835000 
    31.662604    -23.061754    -15.105291      9.018001 
    31.662616    -23.051603    -15.042352      9.038000 
    31.662627    -23.041464    -14.979411      9.161000 
    31.662639    -23.031330    -14.916469      8.752001 
    31.662650    -23.021208    -14.853525      9.028001 
    31.662662    -23.011091    -14.790579      8.805000 
    31.662674    -23.000984    -14.727632      9.121000 
    32.662569    -25.836246    -16.999556      7.024000 
    32.662581    -25.825817    -16.936665      7.423000 
    32.662604    -25.815400    -16.873772      7.327000 
    32.662616    -25.804990    -16.810877      7.533000 
    32.662627    -25.794592    -16.747980      8.095000 
    32.662639    -25.784203    -16.685083      7.950000 
    32.662650    -25.773823    -16.622183      8.065001 
    32.662662    -25.763453    -16.559282      8.095000 
    32.662674    -25.753092    -16.496380      7.864000 
    32.662685    -25.742740    -16.433475      7.960000 
    32.662697    -25.732400    -16.370570      7.568000 
    32.662708    -25.722069    -16.307661      7.688000 
    32.662731    -25.711746    -16.244751      7.678000 
    32.662743    -25.701433    -16.181840      7.804000 
    32.662755    -25.691130    -16.118927      7.960000 
    32.662766    -25.680836    -16.056013      8.035001 
    32.662778    -25.670551    -15.993097      8.548000 
    32.662789    -25.660276    -15.930180      8.414001 
    32.662801    -25.650010    -15.867260      8.354000 
    32.662813    -25.639751    -15.804340      7.744000 
    32.662824    -25.629503    -15.741417      7.804000 
    32.662836    -25.619265    -15.678493      7.688000 
    32.662859    -25.609035    -15.615568      7.930000 
    32.662870    -25.598814    -15.552640      7.347000 
    32.662882    -25.588602    -15.489712      7.638001 
    32.662894    -25.578400    -15.426781      7.834001 
    32.662905    -25.568205    -15.363850      7.473001 
    32.662917    -25.558020    -15.300916      7.347000 
    32.662928    -25.547842    -15.237981      8.209001 
    32.662940    -25.537674    -15.175045      8.219001 
    32.662951    -25.527514    -15.112107      7.533000 
    32.662963    -25.517365    -15.049167      8.384001 
    32.662986    -25.507221    -14.986226      7.930000 
    32.662998    -25.497087    -14.923284      8.035001 
    32.663009    -25.486963    -14.860340      7.990000 
    32.663021    -25.476847    -14.797394      8.105000 
    32.663032    -25.466738    -14.734447      8.175000 
    32.663044    -25.456638    -14.671498      8.155001 
    32.663056    -25.446547    -14.608548      8.618000 
    32.663067    -25.436462    -14.545597      8.289001 
    32.663079    -25.426388    -14.482644      8.454000 
    32.663090    -25.416320    -14.419689      8.464001 
    32.663113    -25.406263    -14.356734      8.782001 
    32.663125    -25.396212    -14.293776      8.732000 
    32.663137    -25.386170    -14.230817      8.329000 
    32.663148    -25.376137    -14.167857      8.638001 
    32.663160    -25.366110    -14.104895      8.968000 
    32.663171    -25.356090    -14.041932      8.364000 
    32.663183    -25.346080    -13.978968      8.885000 
    32.663194    -25.336079    -13.916002      8.945001 
    32.663206    -25.326082    -13.853035      9.088000 
    32.663218    -25.316095    -13.790066      8.935000 
    32.663241    -25.306116    -13.727096      9.231001 
    32.663252    -25.296146    -13.664124      9.111000 
    32.663264    -25.286182    -13.601151      9.088000 
    32.663275    -25.276226    -13.538177      8.682000 
    32.663287    -25.266277    -13.475201      8.558001 
    32.663299    -25.256336    -13.412224      8.742001 
    32.663310    -25.246403    -13.349246      8.958000 
    32.663322    -25.236477    -13.286266      9.342000 
    32.663333    -25.226559    -13.223285      9.161000 
    32.663356    -25.216646    -13.160303      8.998000 
    32.663368    -25.206743    -13.097319      9.544001 
    32.663380    -25.196846    -13.034334      9.241000 
    39.135197    -24.371647    -13.016511      7.210000 
    39.135208    -24.361748    -13.079507      7.473001 
    39.135220    -24.351845    -13.142501      6.964000 
    39.135231    -24.341932    -13.205493      7.120000 
    39.135243    -24.332012    -13.268484      6.918000 
    39.135255    -24.322086    -13.331474      6.682000 
    39.135266    -24.312151    -13.394463      7.387001 
    39.135278    -24.302210    -13.457450      7.160000 
    39.135289    -24.292260    -13.520436      6.798000 
    39.135312    -24.282305    -13.583420      6.304000 
    39.135324    -24.272339    -13.646404      6.848001 
    39.135336    -24.262367    -13.709385      6.858000 
    39.135347    -24.252386    -13.772366      6.526001 
    39.135359    -24.242400    -13.835345      6.214000 
    39.135370    -24.232405    -13.898322      6.369000 
    39.135382    -24.222400    -13.961298      6.808000 
    39.135394    -24.212390    -14.024273      6.379000 
    39.135405    -24.202372    -14.087246      6.858000 
    39.135417    -24.192345    -14.150218      6.546000 
    39.135440    -24.182308    -14.213188      6.429000 
    39.135451    -24.172266    -14.276157      6.496000 
    39.135463    -24.162214    -14.339125      6.652000 
    39.135475    -24.152157    -14.402091      6.858000 
    39.135486    -24.142090    -14.465056      6.174000 
    39.135498    -24.132013    -14.528019      6.596000 
    39.135509    -24.121930    -14.590981      6.349000 
    39.135521    -24.111837    -14.653941      6.632000 
    39.135532    -24.101736    -14.716899      6.108000 
    39.135544    -24.091627    -14.779857      6.098001 
    39.135567    -24.081510    -14.842812      6.184000 
    39.135579    -24.071384    -14.905767      6.098001 
    39.135590    -24.061250    -14.968719      5.883000 
    39.135602    -24.051110    -15.031671      5.893000 
    39.135613    -24.040956    -15.094620      5.708000 
    39.135625    -24.030798    -15.157568      6.128000 
    39.135637    -24.020630    -15.220515      6.018000 
    39.135648    -24.010452    -15.283460      5.573000 
    39.135660    -24.000265    -15.346404      5.748000 
    39.135671    -23.990070    -15.409346      5.449000 
    39.135694    -23.979868    -15.472286      5.808000 
    39.135706    -23.969654    -15.535225      6.138001 
    39.135718    -23.959433    -15.598162      6.128000 
    39.135729    -23.949203    -15.661098      5.818000 
    39.135741    -23.938965    -15.724032      6.379000 
    39.135752    -23.928715    -15.786965      5.643000 
    39.135764    -23.918457    -15.849896      6.264000 
    39.135775    -23.908192    -15.912825      6.712000 
    39.135787    -23.897915    -15.975753      6.118000 
    39.135810    -23.887630    -16.038680      6.662000 
    39.135822    -23.877335    -16.101603      7.423000 
    39.135833    -23.867031    -16.164526      7.160000 
    39.135845    -23.856718    -16.227448      7.140000 
    39.135856    -23.846395    -16.290367      7.054000 
    39.135868    -23.836063    -16.353285      6.888001 
    39.135880    -23.825724    -16.416200      6.642000 
    39.135891    -23.815372    -16.479116      6.662000 
    39.135903    -23.805012    -16.542028      6.632000 
    39.135914    -23.794641    -16.604940      6.566001 
    39.135938    -23.784262    -16.667850      7.257000 
    39.135949    -23.773870    -16.730759      7.074000 
    39.135961    -23.763472    -16.793665      7.200000 
    39.135972    -23.753063    -16.856570      7.210000 
    39.135984    -23.742643    -16.919472      7.503000 
    39.135995    -23.732216    -16.982372      7.397000 
    40.135567    -26.830929    -13.061341      8.945001 
    40.135579    -26.821026    -13.124335      8.978001 
    40.135590    -26.811115    -13.187328      8.628000 
    40.135602    -26.801199    -13.250320      8.722000 
    40.135613    -26.791275    -13.313310      8.424001 
    40.135625    -26.781343    -13.376298      8.772000 
    40.135637    -26.771404    -13.439286      8.464001 
    40.135648    -26.761457    -13.502272      8.548000 
    40.135660    -26.751503    -13.565256      8.394000 
    40.135683    -26.741540    -13.628239      8.538000 
    40.135694    -26.731571    -13.691221      8.010000 
    40.135706    -26.721594    -13.754202      8.199000 
    40.135718    -26.711609    -13.817181      8.319000 
    40.135729    -26.701616    -13.880158      8.209001 
    40.135741    -26.691616    -13.943135      8.085000 
    40.135752    -26.681606    -14.006110      8.145000 
    40.135764    -26.671590    -14.069083      8.145000 
    40.135775    -26.661568    -14.132055      8.000000 
    40.135787    -26.651535    -14.195026      8.095000 
    40.135810    -26.641495    -14.257995      7.950000 
    40.135822    -26.631447    -14.320962      8.125000 
    40.135833    -26.621390    -14.383929      7.834001 
    40.135845    -26.611324    -14.446893      8.289001 
    40.135856    -26.601252    -14.509857      8.374001 
    40.135868    -26.591171    -14.572819      8.175000 
    40.135880    -26.581081    -14.635779      8.259001 
    40.135891    -26.570984    -14.698738      8.319000 
    40.135903    -26.560879    -14.761695      8.165000 
    40.135914    -26.550764    -14.824651      8.239000 
    40.135938    -26.540642    -14.887605      8.020000 
    40.135949    -26.530510    -14.950558      7.744000 
    40.135961    -26.520370    -15.013510      7.678000 
    40.135972    -26.510221    -15.076460      7.970000 
    40.135984    -26.500065    -15.139408      7.744000 
    40.135995    -26.489899    -15.202355      7.553000 
    40.136007    -26.479725    -15.265300      7.628000 
    40.136019    -26.469542    -15.328244      7.638001 
    40.136030    -26.459349    -15.391186      7.784000 
    40.136053    -26.449148    -15.454126      7.724000 
    40.136065    -26.438938    -15.517065      7.668000 
    40.136076    -26.428720    -15.580003      8.239000 
    40.136088    -26.418493    -15.642939      8.075001 
    40.136100    -26.408257    -15.705873      8.229000 
    40.136111    -26.398010    -15.768806      8.269000 
    40.136123    -26.387756    -15.831737      8.209001 
    40.136134    -26.377493    -15.894666      8.065001 
    40.136146    -26.367220    -15.957594      8.229000 
    40.136157    -26.356937    -16.020521      7.950000 
    40.136181    -26.346645    -16.083445      7.980001 
    40.136192    -26.336346    -16.146368      8.045000 
    40.136204    -26.326035    -16.209290      8.020000 
    40.136215    -26.315716    -16.272210      7.744000 
    40.136227    -26.305387    -16.335129      8.219001 
    40.136238    -26.295050    -16.398045      7.854001 
    40.136250    -26.284700    -16.460958      8.055000 
    40.136262    -26.274343    -16.523872      8.145000 
    40.136273    -26.263975    -16.586784      8.175000 
    40.136285    -26.253600    -16.649693      7.658000 
    40.136308    -26.243214    -16.712603      7.970000 
    40.136319    -26.232817    -16.775509      7.940001 
    40.136331    -26.222410    -16.838413      8.145000 
    40.136343    -26.211994    -16.901316      7.698000 
    40.136354    -26.201569    -16.964216      7.638001 
    42.594722    -24.595552    -16.966160      7.180000 
    42.594734    -24.585130    -16.903267      7.200000 
    42.594745    -24.574717    -16.840370      7.413001 
    42.594757    -24.564314    -16.777473      7.578000 
    42.594769    -24.553920    -16.714575      7.140000 
    42.594780    -24.543535    -16.651674      7.628000 
    42.594792    -24.533161    -16.588772      7.377000 
    42.594803    -24.522797    -16.525867      7.327000 
    42.594815    -24.512444    -16.462961      7.533000 
    42.594826    -24.502096    -16.400055      7.463000 
    42.594850    -24.491762    -16.337147      7.240000 
    42.594861    -24.481436    -16.274235      7.387001 
    42.594873    -24.471119    -16.211323      7.598001 
    42.594884    -24.460812    -16.148409      7.648000 
    42.594896    -24.450514    -16.085493      7.200000 
    42.594907    -24.440224    -16.022575      7.357000 
    42.594919    -24.429945    -15.959657      7.130000 
    42.594931    -24.419674    -15.896737      7.120000 
    42.594942    -24.409412    -15.833815      6.868000 
    42.594954    -24.399160    -15.770892      6.954001 
    42.594977    -24.388918    -15.707966      7.100000 
    42.594988    -24.378683    -15.645040      6.984000 
    42.595000    -24.368460    -15.582111      6.429000 
    42.595012    -24.358244    -15.519181      6.486001 
    42.595023    -24.348036    -15.456250      6.496000 
    42.595035    -24.337837    -15.393317      6.506000 
    42.595046    -24.327648    -15.330382      6.928000 
    42.595058    -24.317469    -15.267446      6.439000 
    42.595069    -24.307297    -15.204508      7.044000 
    42.595093    -24.297132    -15.141569      6.762000 
    42.595104    -24.286980    -15.078628      6.944000 
    42.595116    -24.276833    -15.015686      6.586000 
    42.595127    -24.266697    -14.952742      7.130000 
    42.595139    -24.256567    -14.889797      7.240000 
    42.595150    -24.246447    -14.826850      7.120000 
    42.595162    -24.236336    -14.763901      7.638001 
    42.595174    -24.226230    -14.700951      7.568000 
    42.595185    -24.216137    -14.638000      8.020000 
    42.595197    -24.206049    -14.575047      7.930000 
    42.595220    -24.195970    -14.512093      7.834001 
    42.595231    -24.185902    -14.449137      7.930000 
    42.595243    -24.175838    -14.386180      7.493000 
    42.595255    -24.165785    -14.323221      7.200000 
    42.595266    -24.155739    -14.260261      7.533000 
    42.595278    -24.145700    -14.197300      7.024000 
    42.595289    -24.135672    -14.134337      7.140000 
    42.595301    -24.125648    -14.071372      7.397000 
    42.595313    -24.115637    -14.008406      7.307000 
    42.595324    -24.105630    -13.945439      7.317000 
    42.595347    -24.095633    -13.882470      7.337000 
    42.595359    -24.085642    -13.819500      7.688000 
    42.595370    -24.075659    -13.756529      7.044000 
    42.595382    -24.065683    -13.693556      7.598001 
    42.595394    -24.055717    -13.630581      6.898000 
    42.595405    -24.045757    -13.567605      6.848001 
    42.595417    -24.035807    -13.504628      7.100000 
    42.595428    -24.025862    -13.441650      7.257000 
    42.595440    -24.015924    -13.378670      7.784000 
    42.595451    -24.005997    -13.315689      6.878000 
    42.595475    -23.996075    -13.252706      6.858000 
    42.595486    -23.986158    -13.189722      6.798000 
    42.595498    -23.976252    -13.126737      6.772000 
    42.595509    -23.966352    -13.063751      7.367001 
    42.595521    -23.956460    -13.000763      7.377000 
    43.595162    -26.996080    -16.569466      5.429000 
    43.595174    -26.985720    -16.506561      5.893000 
    43.595185    -26.975368    -16.443655      6.274000 
    43.595197    -26.965025    -16.380747      5.469000 
    43.595208    -26.954693    -16.317837      5.953000 
    43.595220    -26.944368    -16.254925      5.573000 
    43.595231    -26.934055    -16.192010      5.708000 
    43.595243    -26.923750    -16.129097      5.963000 
    43.595266    -26.913454    -16.066180      6.449000 
    43.595278    -26.903170    -16.003262      5.563000 
    43.595289    -26.892893    -15.940342      5.708000 
    43.595301    -26.882624    -15.877421      5.529000 
    43.595313    -26.872366    -15.814498      5.563000 
    43.595324    -26.862118    -15.751573      5.673000 
    43.595336    -26.851875    -15.688647      5.543000 
    43.595347    -26.841644    -15.625719      6.058000 
    43.595359    -26.831423    -15.562790      6.038000 
    43.595370    -26.821210    -15.499859      6.038000 
    43.595394    -26.811005    -15.436926      6.506000 
    43.595405    -26.800810    -15.373992      6.244000 
    43.595417    -26.790623    -15.311057      6.349000 
    43.595428    -26.780445    -15.248119      6.576000 
    43.595440    -26.770275    -15.185181      6.536000 
    43.595451    -26.760115    -15.122240      6.772000 
    43.595463    -26.749964    -15.059299      6.732000 
    43.595475    -26.739820    -14.996355      6.828000 
    43.595486    -26.729685    -14.933410      7.317000 
    43.595509    -26.719559    -14.870464      6.596000 
    43.595521    -26.709440    -14.807516      6.918000 
    43.595532    -26.699331    -14.744567      6.682000 
    43.595544    -26.689232    -14.681616      7.064000 
    43.595556    -26.679138    -14.618664      7.297000 
    43.595567    -26.669054    -14.555710      6.868000 
    43.595579    -26.658978    -14.492755      7.754000 
    43.595590    -26.648910    -14.429798      6.732000 
    43.595602    -26.638851    -14.366840      6.672000 
    43.595613    -26.628800    -14.303880      6.672000 
    43.595637    -26.618755    -14.240919      7.307000 
    43.595648    -26.608720    -14.177956      7.034000 
    43.595660    -26.598694    -14.114992      7.110000 
    43.595671    -26.588673    -14.052027      7.377000 
    43.595683    -26.578663    -13.989060      6.944000 
    43.595694    -26.568659    -13.926092      6.984000 
    43.595706    -26.558662    -13.863122      6.868000 
    43.595718    -26.548676    -13.800151      6.214000 
    43.595729    -26.538694    -13.737179      6.098001 
    43.595741    -26.528723    -13.674205      6.078000 
    43.595764    -26.518757    -13.611229      6.506000 
    43.595775    -26.508800    -13.548253      6.214000 
    43.595787    -26.498850    -13.485275      5.973000 
    43.595799    -26.488909    -13.422295      6.642000 
    43.595810    -26.478973    -13.359315      6.652000 
    43.595822    -26.469048    -13.296333      7.044000 
    43.595833    -26.459127    -13.233349      6.828000 
    43.595845    -26.449215    -13.170364      7.014000 
    43.595856    -26.439310    -13.107378      6.808000 
    43.595868    -26.429413    -13.044391      7.503000 
    49.067350    -23.143557    -13.009414      6.399000 
    49.067361    -23.133661    -13.072406      6.319000 
    49.067373    -23.123758    -13.135397      6.476000 
    49.067384    -23.113848    -13.198386      6.672000 
    49.067396    -23.103930    -13.261374      7.210000 
    49.067419    -23.094004    -13.324360      7.267000 
    49.067431    -23.084070    -13.387346      6.652000 
    49.067442    -23.074130    -13.450329      6.596000 
    49.067454    -23.064182    -13.513312      7.297000 
    49.067465    -23.054228    -13.576293      6.798000 
    49.067477    -23.044264    -13.639272      6.798000 
    49.067488    -23.034292    -13.702251      7.287000 
    49.067500    -23.024315    -13.765228      7.377000 
    49.067512    -23.014328    -13.828203      7.413001 
    49.067523    -23.004333    -13.891177      7.277000 
    50.067720    -25.603928    -13.042148      7.553000 
    50.067731    -25.594027    -13.105139      7.920001 
    50.067743    -25.584120    -13.168128      8.319000 
    50.067755    -25.574205    -13.231116      8.364000 
    50.067766    -25.564283    -13.294103      8.508000 
    50.067778    -25.554354    -13.357088      8.199000 
    50.067789    -25.544416    -13.420073      8.474000 
    50.067801    -25.534472    -13.483055      7.804000 
    50.067813    -25.524520    -13.546036      8.035001 
    50.067836    -25.514560    -13.609016      8.010000 
    50.067847    -25.504593    -13.671995      7.724000 
    50.067859    -25.494620    -13.734972      7.890000 
    50.067870    -25.484636    -13.797948      8.055000 
    50.067882    -25.474646    -13.860922      7.864000 
    50.067894    -25.464647    -13.923895      8.319000 
    50.067905    -25.454641    -13.986867      8.145000 
    50.067917    -25.444628    -14.049837      7.844000 
    50.067928    -25.434605    -14.112806      7.493000 
    50.067940    -25.424576    -14.175773      7.854001 
    50.067963    -25.414537    -14.238739      7.804000 
    50.067975    -25.404491    -14.301703      8.085000 
    50.067986    -25.394438    -14.364666      8.364000 
    50.067998    -25.384377    -14.427627      8.135000 
    50.068009    -25.374306    -14.490587      8.309000 
    50.068021    -25.364227    -14.553546      8.289001 
    50.068032    -25.354140    -14.616503      8.219001 
    50.068044    -25.344046    -14.679459      8.309000 
    50.068056    -25.333940    -14.742413      8.618000 
    50.068079    -25.323830    -14.805365      8.319000 
    50.068090    -25.313710    -14.868317      8.414001 
    50.068102    -25.303581    -14.931266      8.394000 
    50.068113    -25.293444    -14.994214      7.708000 
    50.068125    -25.283298    -15.057161      8.055000 
    50.068137    -25.273144    -15.120106      7.794000 
    50.068148    -25.262980    -15.183049      8.165000 
    50.068160    -25.252808    -15.245991      7.628000 
    50.068171    -25.242628    -15.308932      7.483000 
    50.068183    -25.232439    -15.371871      7.900001 
    50.068206    -25.222240    -15.434808      7.543000 
    50.068218    -25.212034    -15.497744      7.024000 
    50.068229    -25.201818    -15.560678      7.523000 
    50.068241    -25.191593    -15.623611      7.668000 
    50.068252    -25.181360    -15.686542      7.970000 
    50.068264    -25.171118    -15.749471      8.189000 
    50.068275    -25.160866    -15.812399      7.920001 
    50.068287    -25.150604    -15.875325      8.279000 
    50.068299    -25.140333    -15.938250      8.299001 
    50.068310    -25.130054    -16.001173      8.638001 
    50.068333    -25.119766    -16.064095      8.279000 
    50.068345    -25.109468    -16.127014      8.454000 
    50.068356    -25.099161    -16.189932      8.618000 
    50.068368    -25.088844    -16.252850      8.414001 
    50.068380    -25.078520    -16.315763      8.444000 
    50.068391    -25.068184    -16.378677      8.404000 
    50.068403    -25.057838    -16.441590      8.299001 
    50.068414    -25.047483    -16.504500      8.239000 
    50.068426    -25.037120    -16.567408      8.145000 
    50.068438    -25.026747    -16.630314      8.289001 
    50.068461    -25.016361    -16.693218      8.404000 
    50.068472    -25.005968    -16.756120      8.528001 
    50.068484    -24.995565    -16.819023      8.175000 
    50.068495    -24.985153    -16.881924      8.165000 
    50.068507    -24.974731    -16.944820      8.020000 
    52.526875    -23.360498    -16.939053      7.054000 
    52.526887    -23.350077    -16.876156      7.160000 
    52.526898    -23.339666    -16.813255      7.054000 
    52.526910    -23.329264    -16.750355      7.443000 
    52.526921    -23.318872    -16.687452      8.125000 
    52.526933    -23.308490    -16.624550      8.035001 
    52.526956    -23.298119    -16.561644      7.804000 
    52.526968    -23.287756    -16.498735      8.394000 
    52.526979    -23.277403    -16.435827      8.269000 
    52.526991    -23.267060    -16.372915      7.920001 
    52.527002    -23.256725    -16.310003      8.444000 
    52.527014    -23.246400    -16.247090      8.354000 
    52.527025    -23.236086    -16.184174      8.508000 
    52.527037    -23.225780    -16.121256      8.269000 
    52.527049    -23.215485    -16.058336      7.708000 
    52.527060    -23.205196    -15.995417      7.960000 
    52.527083    -23.194920    -15.932495      7.698000 
    52.527095    -23.184650    -15.869571      7.397000 
    52.527106    -23.174390    -15.806645      7.553000 
    52.527118    -23.164140    -15.743718      7.054000 
    52.527130    -23.153900    -15.680790      5.973000 
    52.527141    -23.143667    -15.617859      6.274000 
    52.527153    -23.133444    -15.554928      6.294000 
    52.527164    -23.123230    -15.491994      6.898000 
    52.527176    -23.113024    -15.429059      6.788000 
    52.527188    -23.102827    -15.366123      6.878000 
    52.527211    -23.092640    -15.303185      7.267000 
    52.527222    -23.082460    -15.240245      7.064000 
    52.527234    -23.072290    -15.177304      7.140000 
    52.527245    -23.062128    -15.114361      6.964000 
    52.527257    -23.051975    -15.051417      6.616000 
    52.527269    -23.041832    -14.988471      6.138001 
    52.527280    -23.031696    -14.925524      5.768000 
    52.527292    -23.021568    -14.862575      5.335000 
    52.527303    -23.011450    -14.799624      5.112000 
    52.527326    -23.001339    -14.736673      5.489000 
    53.527222    -25.833998    -16.986750      8.105000 
    53.527234    -25.823570    -16.923853      8.035001 
    53.527245    -25.813150    -16.860954      7.930000 
    53.527257    -25.802742    -16.798056      7.628000 
    53.527280    -25.792343    -16.735153      7.034000 
    53.527292    -25.781954    -16.672250      6.954001 
    53.527303    -25.771574    -16.609344      6.349000 
    53.527315    -25.761204    -16.546438      6.642000 
    53.527326    -25.750843    -16.483530      7.130000 
    53.527338    -25.740494    -16.420620      6.984000 
    53.527350    -25.730152    -16.357708      7.120000 
    53.527361    -25.719822    -16.294794      6.702000 
    53.527373    -25.709500    -16.231880      6.274000 
    53.527384    -25.699186    -16.168962      6.772000 
    53.527407    -25.688883    -16.106045      6.184000 
    53.527419    -25.678589    -16.043125      6.138001 
    53.527431    -25.668304    -15.980203      6.722000 
    53.527442    -25.658028    -15.917280      6.419000 
    53.527454    -25.647762    -15.854355      5.913000 
    53.527465    -25.637505    -15.791429      6.304000 
    53.527477    -25.627256    -15.728501      5.738000 
    53.527488    -25.617018    -15.665571      6.174000 
    53.527500    -25.606789    -15.602640      6.722000 
    53.527523    -25.596567    -15.539707      5.933000 
    53.527535    -25.586355    -15.476773      6.264000 
    53.527546    -25.576150    -15.413837      5.673000 
    53.527558    -25.565956    -15.350900      5.883000 
    53.527569    -25.555770    -15.287961      5.673000 
    53.527581    -25.545593    -15.225020      6.596000 
    53.527593    -25.535425    -15.162078      5.943000 
    53.527604    -25.525267    -15.099135      6.586000 
    53.527616    -25.515116    -15.036189      6.214000 
    53.527627    -25.504974    -14.973243      6.389000 
    53.527650    -25.494840    -14.910294      6.148000 
    53.527662    -25.484715    -14.847345      6.294000 
    53.527674    -25.474598    -14.784393      6.476000 
    53.527685    -25.464490    -14.721441      6.682000 
    53.527697    -25.454390    -14.658487      6.788000 
    53.527708    -25.444298    -14.595531      6.576000 
    53.527720    -25.434216    -14.532574      6.429000 
    53.527731    -25.424139    -14.469615      6.304000 
    53.527743    -25.414072    -14.406655      6.224000 
    53.527755    -25.404015    -14.343693      6.329001 
    53.527778    -25.393963    -14.280730      6.204001 
    53.527789    -25.383920    -14.217766      6.586000 
    53.527801    -25.373886    -14.154800      6.274000 
    53.527813    -25.363860    -14.091832      6.409000 
    53.527824    -25.353842    -14.028864      6.642000 
    53.527836    -25.343830    -13.965893      5.953000 
    53.527847    -25.333826    -13.902922      5.593000 
    53.527859    -25.323832    -13.839949      5.663000 
    53.527870    -25.313845    -13.776974      5.673000 
    53.527882    -25.303865    -13.713998      5.863000 
    53.527905    -25.293894    -13.651021      6.028000 
    53.527917    -25.283930    -13.588042      5.798000 
    53.527928    -25.273973    -13.525062      5.863000 
    53.527940    -25.264025    -13.462081      5.583000 
    53.527951    -25.254084    -13.399098      5.873000 
    53.527963    -25.244148    -13.336114      5.893000 
    53.527975    -25.234222    -13.273128      5.828000 
    53.527986    -25.224304    -13.210141      5.489000 
    53.527998    -25.214392    -13.147153      5.529000 
    53.528009    -25.204489    -13.084164      5.489000 
    53.528032    -25.194592    -13.021173      6.058000 
    59.999850    -24.371328    -13.013975      9.595000 
    59.999861    -24.361431    -13.076963      9.088000 
    59.999873    -24.351526    -13.139949      9.504001 
    59.999884    -24.341616    -13.202934      9.444000 
    59.999896    -24.331696    -13.265918      9.474000 
    59.999907    -24.321770    -13.328900      9.615001 
    59.999919    -24.311834    -13.391881      9.605000 
    59.999931    -24.301893    -13.454860      9.504001 
    59.999942    -24.291945    -13.517838      9.241000 
    59.999965    -24.281986    -13.580815      9.191000 
    59.999977    -24.272022    -13.643791      9.835000 
    59.999988    -24.262050    -13.706765      9.474000 
    60.000000    -24.252071    -13.769737      9.464001 
    60.000012    -24.242083    -13.832709      9.362000 
    60.000023    -24.232088    -13.895679      9.201000 
    60.000035    -24.222086    -13.958647      8.998000 
    60.000046    -24.212072    -14.021614      9.048000 
    60.000058    -24.202055    -14.084580      8.618000 
    60.000069    -24.192028    -14.147544      8.885000 
    60.000093    -24.181993    -14.210507      9.008000 
    60.000104    -24.171950    -14.273468      9.141001 
    60.000116    -24.161900    -14.336428      8.752001 
    60.000127    -24.151840    -14.399386      9.241000 
    60.000139    -24.141771    -14.462343      9.302000 
    60.000150    -24.131697    -14.525299      8.835000 
    60.000162    -24.121613    -14.588253      9.161000 
    60.000174    -24.111520    -14.651205      8.865001 
    60.000185    -24.101421    -14.714156      8.835000 
    60.000197    -24.091312    -14.777106      8.618000 
    60.000220    -24.081196    -14.840054      8.568001 
    60.000231    -24.071070    -14.903001      8.978001 
    60.000243    -24.060934    -14.965946      8.638001 
    60.000255    -24.050793    -15.028889      8.905001 
    60.000266    -24.040642    -15.091831      8.805000 
    60.000278    -24.030481    -15.154772      9.008000 
    60.000289    -24.020313    -15.217711      8.712001 
    60.000301    -24.010136    -15.280648      9.272000 
    60.000313    -23.999950    -15.343584      8.825001 
    60.000324    -23.989756    -15.406518      8.722000 
    60.000347    -23.979551    -15.469451      8.865001 
    60.000359    -23.969340    -15.532382      9.058001 
    60.000370    -23.959118    -15.595312      8.945001 
    60.000382    -23.948889    -15.658240      8.958000 
    60.000394    -23.938648    -15.721167      8.875000 
    60.000405    -23.928400    -15.784091      8.845000 
    60.000417    -23.918142    -15.847015      8.915000 
    60.000428    -23.907875    -15.909936      8.825001 
    60.000440    -23.897600    -15.972857      9.058001 
    60.000451    -23.887316    -16.035774      8.998000 
    60.000475    -23.877022    -16.098692      9.272000 
    60.000486    -23.866716    -16.161608      9.121000 
    60.000498    -23.856403    -16.224522      9.241000 
    60.000509    -23.846083    -16.287434      8.815001 
    60.000521    -23.835750    -16.350344      8.722000 
    60.000532    -23.825409    -16.413252      8.638001 
    60.000544    -23.815058    -16.476158      8.865001 
    60.000556    -23.804697    -16.539064      9.131001 
    60.000567    -23.794327    -16.601969      8.988001 
    60.000590    -23.783947    -16.664870      9.342000 
    60.000602    -23.773558    -16.727770      9.494000 
    60.000613    -23.763159    -16.790668      9.392000 
    60.000625    -23.752748    -16.853565      9.875000 
    60.000637    -23.742330    -16.916460      9.292001 
    60.000648    -23.731901    -16.979355      9.151000 
   209.511852    -24.597880    -16.960218      7.160000 
   209.511863    -24.587452    -16.897322      7.120000 
   209.511875    -24.577032    -16.834421      7.568000 
   209.511887    -24.566624    -16.771519      8.568001 
   209.511898    -24.556227    -16.708616      8.209001 
   209.511910    -24.545835    -16.645710      8.045000 
   209.511921    -24.535458    -16.582804      9.262000 
   209.511933    -24.525087    -16.519896      8.672001 
   209.511944    -24.514727    -16.456985      8.444000 
   209.511968    -24.504377    -16.394073      7.970000 
   209.511979    -24.494036    -16.331160      8.414001 
   209.511991    -24.483706    -16.268246      7.774000 
   209.512002    -24.473383    -16.205328      9.464001 
   209.512014    -24.463070    -16.142410      8.508000 
   209.512025    -24.452766    -16.079490      8.035001 
   209.512037    -24.442472    -16.016567      7.210000 
   209.512049    -24.432188    -15.953645      7.210000 
   209.512060    -24.421911    -15.890720      7.453000 
   209.512072    -24.411646    -15.827794      6.732000 
   209.512095    -24.401388    -15.764865      6.449000 
   209.512106    -24.391142    -15.701936      6.516000 
   209.512118    -24.380901    -15.639005      5.923000 
   209.512130    -24.370672    -15.576072      5.788000 
   209.512141    -24.360450    -15.513137      6.184000 
   209.512153    -24.350239    -15.450201      5.459000 
   209.512164    -24.340034    -15.387264      6.058000 
   209.512176    -24.329842    -15.324325      6.476000 
   209.512188    -24.319654    -15.261384      5.623000 
   209.512199    -24.309479    -15.198442      6.038000 
   209.512222    -24.299310    -15.135499      6.359000 
   209.512234    -24.289150    -15.072553      6.586000 
   209.512245    -24.279000    -15.009607      7.004000 
   209.512257    -24.268856    -14.946658      7.240000 
   209.512269    -24.258722    -14.883709      7.463000 
   209.512280    -24.248596    -14.820757      7.463000 
   209.512292    -24.238480    -14.757805      7.784000 
   209.512303    -24.228373    -14.694850      7.854001 
   209.512315    -24.218271    -14.631895      7.513001 
   209.512326    -24.208180    -14.568937      8.135000 
   209.512350    -24.198095    -14.505979      7.483000 
   209.512361    -24.188020    -14.443018      7.754000 
   209.512373    -24.177954    -14.380057      8.394000 
   209.512384    -24.167894    -14.317094      8.279000 
   209.512396    -24.157843    -14.254129      8.269000 
   209.512407    -24.147800    -14.191163      8.155001 
   209.512419    -24.137766    -14.128196      8.065001 
   209.512431    -24.127739    -14.065227      7.920001 
   209.512442    -24.117720    -14.002257      7.734000 
   209.512454    -24.107708    -13.939285      7.814001 
   209.512477    -24.097706    -13.876312      7.734000 
   209.512488    -24.087710    -13.813338      8.474000 
   209.512500    -24.077723    -13.750362      8.855000 
   209.512512    -24.067741    -13.687385      8.578000 
   209.512523    -24.057770    -13.624406      8.702001 
   209.512535    -24.047806    -13.561426      8.978001 
   209.512546    -24.037848    -13.498444      9.068001 
   209.512558    -24.027899    -13.435462      8.692000 
   209.512569    -24.017958    -13.372477      9.018001 
   209.512593    -24.008022    -13.309492      9.068001 
   209.512604    -23.998096    -13.246505      8.958000 
   209.512616    -23.988176    -13.183517      8.752001 
   209.512627    -23.978264    -13.120527      9.181001 
   209.512639    -23.968359    -13.057537      9.211000 
   210.512292    -26.997498    -16.561947      7.618000 
   210.512303    -26.987131    -16.499037      7.347000 
   210.512315    -26.976774    -16.436125      6.848001 
   210.512326    -26.966427    -16.373213      7.084000 
   210.512338    -26.956087    -16.310299      6.818000 
   210.512350    -26.945759    -16.247383      6.339000 
   210.512361    -26.935440    -16.184465      7.064000 
   210.512373    -26.925130    -16.121546      7.423000 
   210.512384    -26.914830    -16.058624      7.844000 
   210.512396    -26.904540    -15.995703      7.824000 
   210.512419    -26.894257    -15.932779      6.848001 
   210.512431    -26.883984    -15.869853      5.172000 
   210.512442    -26.873720    -15.806926      4.838000 
   210.512454    -26.863466    -15.743997      6.174000 
   210.512465    -26.853222    -15.681067      7.180000 
   210.512477    -26.842983    -15.618135      6.148000 
   210.512488    -26.832758    -15.555201      6.974000 
   210.512500    -26.822538    -15.492266      6.459000 
   210.512512    -26.812328    -15.429329      6.214000 
   210.512523    -26.802128    -15.366391      6.234000 
   210.512546    -26.791937    -15.303451      6.058000 
   210.512558    -26.781754    -15.240510      6.194000 
   210.512569    -26.771580    -15.177567      5.983000 
   210.512581    -26.761414    -15.114622      6.616000 
   210.512593    -26.751257    -15.051677      6.888001 
   210.512604    -26.741108    -14.988729      7.024000 
   210.512616    -26.730967    -14.925780      7.190001 
   210.512627    -26.720837    -14.862830      7.327000 
   210.512639    -26.710712    -14.799878      7.110000 
   210.512650    -26.700600    -14.736924      6.788000 
   210.512674    -26.690493    -14.673969      7.170001 
   210.512685    -26.680395    -14.611013      7.287000 
   210.512697    -26.670305    -14.548055      7.150001 
   210.512708    -26.660225    -14.485095      7.277000 
   210.512720    -26.650150    -14.422134      6.868000 
   210.512731    -26.640085    -14.359172      7.074000 
   210.512743    -26.630030    -14.296208      6.848001 
   210.512755    -26.619982    -14.233243      7.034000 
   210.512766    -26.609940    -14.170276      6.848001 
   210.512789    -26.599909    -14.107308      6.858000 
   210.512801    -26.589884    -14.044339      6.898000 
   210.512813    -26.579866    -13.981368      6.632000 
   210.512824    -26.569859    -13.918396      7.064000 
   210.512836    -26.559856    -13.855422      6.828000 
   210.512847    -26.549864    -13.792447      6.556000 
   210.512859    -26.539879    -13.729470      7.347000 
   210.512870    -26.529900    -13.666492      7.120000 
   210.512882    -26.519930    -13.603513      7.618000 
   210.512894    -26.509968    -13.540532      6.984000 
   210.512917    -26.500013    -13.477550      6.964000 
   210.512928    -26.490067    -13.414566      7.130000 
   210.512940    -26.480127    -13.351582      7.317000 
   210.512951    -26.470194    -13.288595      7.287000 
   210.512963    -26.460270    -13.225608      7.297000 
   210.512975    -26.450352    -13.162619      7.100000 
   210.512986    -26.440441    -13.099629      6.918000 
   210.512998    -26.430540    -13.036637      6.732000 
   215.984468    -23.135855    -13.039205      8.925000 
   215.984479    -23.125954    -13.102195      9.484000 
   215.984491    -23.116043    -13.165183      9.775001 
   215.984502    -23.106127    -13.228171      9.835000 
   215.984514    -23.096203    -13.291157      9.925000 
   215.984525    -23.086270    -13.354141     10.084001 
   215.984549    -23.076330    -13.417124     10.054001 
   215.984560    -23.066383    -13.480106     10.094001 
   215.984572    -23.056429    -13.543087     10.311001 
   215.984583    -23.046467    -13.606066      9.875000 
   215.984595    -23.036497    -13.669044     10.044001 
   215.984606    -23.026520    -13.732020     10.762000 
   215.984618    -23.016535    -13.794995      9.935000 
   215.984630    -23.006542    -13.857969     10.163000 
   216.984826    -25.597763    -13.056812      8.945001 
   216.984838    -25.587858    -13.119802      8.895000 
   216.984850    -25.577948    -13.182790      9.895000 
   216.984861    -25.568027    -13.245777      9.048000 
   216.984884    -25.558102    -13.308762      9.078000 
   216.984896    -25.548168    -13.371746      9.312000 
   216.984907    -25.538225    -13.434729      9.181001 
   216.984919    -25.528276    -13.497711      9.048000 
   216.984931    -25.518320    -13.560691      8.835000 
   216.984942    -25.508356    -13.623670      9.302000 
   216.984954    -25.498384    -13.686647      8.835000 
   216.984965    -25.488405    -13.749623      9.058001 
   216.984977    -25.478418    -13.812598      9.018001 
   216.984988    -25.468424    -13.875571      8.895000 
   216.985012    -25.458420    -13.938543      9.111000 
   216.985023    -25.448410    -14.001513      8.329000 
   216.985035    -25.438390    -14.064482      8.329000 
   216.985046    -25.428364    -14.127450      7.854001 
   216.985058    -25.418330    -14.190416      7.844000 
   216.985069    -25.408287    -14.253381      7.754000 
   216.985081    -25.398237    -14.316344      7.638001 
   216.985093    -25.388178    -14.379306      7.628000 
   216.985104    -25.378110    -14.442266      7.678000 
   216.985116    -25.368036    -14.505225      8.299001 
   216.985139    -25.357952    -14.568183      8.329000 
   216.985150    -25.347862    -14.631138      7.990000 
   216.985162    -25.337763    -14.694093      8.269000 
   216.985174    -25.327654    -14.757046      8.578000 
   216.985185    -25.317537    -14.819998      7.890000 
   216.985197    -25.307411    -14.882948      8.608001 
   216.985208    -25.297277    -14.945896      8.825001 
   216.985220    -25.287136    -15.008843      9.685000 
   216.985231    -25.276985    -15.071789      9.985001 
   216.985243    -25.266827    -15.134733      9.795000 
   216.985266    -25.256659    -15.197675      9.402000 
   216.985278    -25.246483    -15.260616      8.424001 
   216.985289    -25.236298    -15.323556     10.094001 
   216.985301    -25.226103    -15.386494      9.424001 
   216.985313    -25.215900    -15.449430      9.895000 
   216.985324    -25.205688    -15.512365      9.494000 
   216.985336    -25.195467    -15.575298      7.568000 
   216.985347    -25.185238    -15.638229      9.855000 
   216.985359    -25.175000    -15.701160      9.825001 
   216.985370    -25.164751    -15.764088      9.191000 
   216.985394    -25.154493    -15.827015      9.008000 
   216.985405    -25.144228    -15.889940      8.968000 
   216.985417    -25.133953    -15.952864      9.272000 
   216.985428    -25.123669    -16.015785      8.945001 
   216.985440    -25.113375    -16.078707      8.608001 
   216.985451    -25.103071    -16.141624      9.028001 
   216.985463    -25.092760    -16.204542      8.998000 
   216.985475    -25.082438    -16.267458      9.715000 
   216.985486    -25.072107    -16.330372      9.745001 
   216.985498    -25.061768    -16.393284      9.655001 
   216.985521    -25.051416    -16.456196     10.421000 
   216.985532    -25.041058    -16.519104      9.282001 
   216.985544    -25.030687    -16.582010      9.895000 
   216.985556    -25.020310    -16.644917      9.705001 
   216.985567    -25.009920    -16.707820      9.965000 
   216.985579    -24.999521    -16.770723      9.474000 
   216.985590    -24.989115    -16.833624      9.675000 
   216.985602    -24.978697    -16.896523      9.625000 
   216.985613    -24.968267    -16.959420      9.795000 
   219.443981    -23.356647    -16.942345      6.586000 
   219.443993    -23.346222    -16.879448      6.878000 
   219.444005    -23.335806    -16.816545      6.712000 
   219.444016    -23.325400    -16.753645      6.586000 
   219.444028    -23.315002    -16.690740      6.808000 
   219.444039    -23.304617    -16.627834      6.808000 
   219.444051    -23.294240    -16.564926      6.944000 
   219.444063    -23.283873    -16.502018      7.180000 
   219.444074    -23.273516    -16.439108      6.868000 
   219.444086    -23.263166    -16.376196      7.004000 
   219.444109    -23.252829    -16.313282      6.752000 
   219.444120    -23.242498    -16.250366      6.798000 
   219.444132    -23.232180    -16.187449      6.908000 
   219.444144    -23.221869    -16.124530      6.566001 
   219.444155    -23.211569    -16.061610      6.702000 
   219.444167    -23.201277    -15.998688      6.506000 
   219.444178    -23.190994    -15.935764      6.389000 
   219.444190    -23.180721    -15.872839      6.632000 
   219.444201    -23.170458    -15.809912      6.556000 
   219.444213    -23.160204    -15.746983      6.284000 
   219.444236    -23.149958    -15.684053      5.863000 
   219.444248    -23.139720    -15.621122      6.128000 
   219.444259    -23.129492    -15.558188      6.008000 
   219.444271    -23.119272    -15.495253      5.993000 
   219.444282    -23.109064    -15.432317      6.184000 
   219.444294    -23.098862    -15.369379      6.284000 
   219.444306    -23.088670    -15.306440      6.254000 
   219.444317    -23.078487    -15.243499      6.319000 
   219.444329    -23.068312    -15.180556      6.304000 
   219.444340    -23.058146    -15.117612      6.369000 
   219.444363    -23.047989    -15.054666      6.606000 
   219.444375    -23.037840    -14.991719      6.858000 
   219.444387    -23.027699    -14.928770      6.359000 
   219.444398    -23.017569    -14.865820      7.034000 
   219.444410    -23.007444    -14.802868      7.160000 
   220.444329    -25.826860    -16.963478      5.265000 
   220.444340    -25.816431    -16.900580      5.355000 
   220.444363    -25.806011    -16.837680      5.245000 
   220.444375    -25.795600    -16.774778      5.479000 
   220.444387    -25.785200    -16.711874      5.222000 
   220.444398    -25.774810    -16.648970      5.255000 
   220.444410    -25.764430    -16.586061      4.940000 
   220.444421    -25.754059    -16.523153      5.202000 
   220.444433    -25.743696    -16.460243      5.285000 
   220.444444    -25.733347    -16.397331      5.212000 
   220.444456    -25.723003    -16.334420      5.419000 
   220.444468    -25.712671    -16.271503      5.663000 
   220.444491    -25.702347    -16.208588      5.818000 
   220.444502    -25.692034    -16.145670      5.788000 
   220.444514    -25.681728    -16.082748      5.798000 
   220.444525    -25.671434    -16.019827      5.903000 
   220.444537    -25.661148    -15.956904      5.953000 
   220.444549    -25.650871    -15.893979      6.068000 
   220.444560    -25.640602    -15.831052      6.254000 
   220.444572    -25.630344    -15.768124      6.798000 
   220.444583    -25.620094    -15.705195      6.868000 
   220.444595    -25.609856    -15.642263      6.389000 
   220.444618    -25.599625    -15.579331      6.546000 
   220.444630    -25.589401    -15.516396      6.632000 
   220.444641    -25.579187    -15.453460      6.642000 
   220.444653    -25.568983    -15.390523      6.429000 
   220.444664    -25.558786    -15.327584      6.632000 
   220.444676    -25.548601    -15.264643      6.818000 
   220.444688    -25.538422    -15.201701      6.898000 
   220.444699    -25.528254    -15.138757      6.419000 
   220.444711    -25.518091    -15.075812      6.808000 
   220.444734    -25.507940    -15.012865      6.692000 
   220.444745    -25.497795    -14.949917      7.814001 
   220.444757    -25.487661    -14.886967      7.463000 
   220.444769    -25.477533    -14.824016      7.764000 
   220.444780    -25.467417    -14.761063      6.984000 
   220.444792    -25.457306    -14.698109      7.317000 
   220.444803    -25.447205    -14.635153      7.543000 
   220.444815    -25.437110    -14.572196      7.980001 
   220.444826    -25.427027    -14.509237      7.744000 
   220.444838    -25.416950    -14.446277      7.397000 
   220.444861    -25.406881    -14.383315      7.004000 
   220.444873    -25.396820    -14.320352      6.944000 
   220.444884    -25.386768    -14.257388      7.220000 
   220.444896    -25.376724    -14.194422      6.642000 
   220.444907    -25.366690    -14.131454      7.064000 
   220.444919    -25.356660    -14.068486      7.443000 
   220.444931    -25.346640    -14.005515      7.287000 
   220.444942    -25.336628    -13.942544      7.523000 
   220.444954    -25.326624    -13.879570      7.588000 
   220.444965    -25.316628    -13.816596      7.648000 
   220.444988    -25.306639    -13.753620      7.347000 
   220.445000    -25.296658    -13.690643      7.433001 
   220.445012    -25.286684    -13.627664      7.844000 
   220.445023    -25.276718    -13.564684      8.424001 
   220.445035    -25.266760    -13.501703      7.890000 
   220.445046    -25.256810    -13.438720      7.960000 
   220.445058    -25.246866    -13.375736      8.742001 
   220.445069    -25.236930    -13.312750      8.289001 
   220.445081    -25.227001    -13.249763      8.835000 
   220.445093    -25.217081    -13.186775      8.404000 
   220.445116    -25.207169    -13.123786      8.568001 
   220.445127    -25.197262    -13.060795      8.105000 
   226.916968    -24.372875    -13.031221      7.230001 
   226.916979    -24.362972    -13.094210      7.044000 
   226.916991    -24.353064    -13.157198      7.397000 
   226.917002    -24.343145    -13.220184      7.307000 
   226.917014    -24.333220    -13.283170      7.744000 
   226.917037    -24.323286    -13.346154      7.688000 
   226.917049    -24.313347    -13.409136      7.513001 
   226.917060    -24.303398    -13.472117      7.347000 
   226.917072    -24.293444    -13.535097      7.734000 
   226.917083    -24.283482    -13.598076      7.523000 
   226.917095    -24.273512    -13.661053      7.327000 
   226.917106    -24.263533    -13.724029      7.930000 
   226.917118    -24.253548    -13.787003      7.347000 
   226.917130    -24.243553    -13.849976      7.568000 
   226.917141    -24.233553    -13.912948      7.387001 
   226.917164    -24.223543    -13.975918      7.638001 
   226.917176    -24.213526    -14.038886      7.483000 
   226.917188    -24.203500    -14.101854      7.678000 
   226.917199    -24.193468    -14.164820      7.588000 
   226.917211    -24.183428    -14.227784      7.210000 
   226.917222    -24.173378    -14.290747      7.648000 
   226.917234    -24.163320    -14.353709      7.220000 
   226.917245    -24.153255    -14.416669      6.928000 
   226.917257    -24.143183    -14.479628      6.459000 
   226.917269    -24.133100    -14.542585      6.174000 
   226.917292    -24.123010    -14.605541      6.108000 
   226.917303    -24.112913    -14.668495      5.863000 
   226.917315    -24.102806    -14.731448      6.224000 
   226.917326    -24.092691    -14.794399      6.409000 
   226.917338    -24.082567    -14.857349      5.853000 
   226.917350    -24.072437    -14.920297      6.399000 
   226.917361    -24.062296    -14.983244      6.439000 
   226.917373    -24.052147    -15.046190      6.319000 
   226.917384    -24.041990    -15.109133      6.174000 
   226.917396    -24.031824    -15.172076      6.369000 
   226.917419    -24.021648    -15.235017      6.429000 
   226.917431    -24.011465    -15.297956      5.903000 
   226.917442    -24.001272    -15.360893      5.718000 
   226.917454    -23.991072    -15.423830      5.708000 
   226.917465    -23.980862    -15.486764      5.439000 
   226.917477    -23.970644    -15.549697      5.399000 
   226.917488    -23.960417    -15.612629      5.152000 
   226.917500    -23.950178    -15.675559      5.010000 
   226.917512    -23.939934    -15.738487      4.898000 
   226.917523    -23.929680    -15.801414      4.767000 
   226.917546    -23.919415    -15.864339      4.858000 
   226.917558    -23.909142    -15.927262      4.990000 
   226.917569    -23.898859    -15.990184      4.858000 
   226.917581    -23.888569    -16.053104      4.697000 
   226.917593    -23.878267    -16.116022      4.717000 
   226.917604    -23.867956    -16.178940      4.667000 
   226.917616    -23.857637    -16.241856      4.868000 
   226.917627    -23.847307    -16.304770      4.697000 
   226.917639    -23.836970    -16.367682      4.518000 
   226.917650    -23.826622    -16.430592      4.498000 
   226.917674    -23.816263    -16.493502      4.250000 
   226.917685    -23.805897    -16.556408      4.210000 
   226.917697    -23.795520    -16.619314      4.270000 
   226.917708    -23.785133    -16.682219      4.300000 
   226.917720    -23.774738    -16.745120      4.349000 
   226.917731    -23.764332    -16.808020      4.449000 
   226.917743    -23.753916    -16.870918      4.339000 
   226.917755    -23.743490    -16.933817      4.280000 
   226.917766    -23.733055    -16.996712      4.210000 
   227.917326    -26.841436    -13.013672      5.479000 
   227.917338    -26.831535    -13.076662      5.315000 
   227.917350    -26.821627    -13.139650      5.439000 
   227.917361    -26.811710    -13.202637      5.285000 
   227.917373    -26.801788    -13.265623      5.469000 
   227.917384    -26.791859    -13.328607      5.182000 
   227.917396    -26.781920    -13.391590      5.245000 
   227.917407    -26.771975    -13.454572      5.235000 
   227.917431    -26.762022    -13.517552      5.375000 
   227.917442    -26.752062    -13.580531      5.295000 
   227.917454    -26.742094    -13.643508      5.245000 
   227.917465    -26.732119    -13.706485      5.305000 
   227.917477    -26.722134    -13.769459      4.918000 
   227.917488    -26.712143    -13.832433      5.092000 
   227.917500    -26.702145    -13.895405      5.050000 
   227.917512    -26.692137    -13.958375      5.152000 
   227.917523    -26.682123    -14.021344      5.122000 
   227.917535    -26.672100    -14.084312      5.102000 
   227.917558    -26.662070    -14.147278      5.235000 
   227.917569    -26.652030    -14.210243      5.192000 
   227.917581    -26.641985    -14.273207      5.070000 
   227.917593    -26.631930    -14.336169      5.030000 
   227.917604    -26.621866    -14.399129      4.767000 
   227.917616    -26.611795    -14.462088      4.548000 
   227.917627    -26.601717    -14.525046      4.828000 
   227.917639    -26.591629    -14.588002      4.459000 
   227.917650    -26.581533    -14.650957      4.469000 
   227.917674    -26.571430    -14.713910      4.459000 
   227.917685    -26.561317    -14.776862      4.114000 
   227.917697    -26.551197    -14.839812      4.260000 
   227.917708    -26.541067    -14.902761      4.174000 
   227.917720    -26.530930    -14.965708      4.044000 
   227.917731    -26.520782    -15.028654      4.164000 
   227.917743    -26.510628    -15.091598      4.144000 
   227.917755    -26.500465    -15.154541      3.888000 
   227.917766    -26.490294    -15.217482      3.744000 
   227.917778    -26.480112    -15.280421      3.884000 
   227.917801    -26.469921    -15.343360      3.470000 
   227.917813    -26.459724    -15.406296      3.570000 
   227.917824    -26.449516    -15.469231      3.282000 
   227.917836    -26.439300    -15.532165      2.981000 
   227.917847    -26.429075    -15.595096      2.658000 
   227.917859    -26.418840    -15.658027      2.389000 
   227.917870    -26.408598    -15.720955      2.379000 
   227.917882    -26.398346    -15.783883      2.309000 
   227.917894    -26.388084    -15.846808      2.168000 
   227.917905    -26.377815    -15.909732      2.042000 
   227.917928    -26.367535    -15.972654      1.849000 
   227.917940    -26.357246    -16.035576      1.909000 
   227.917951    -26.346949    -16.098494      1.769000 
   227.917963    -26.336641    -16.161411      1.446000 
   227.917975    -26.326324    -16.224327      1.348000 
   227.917986    -26.315998    -16.287243      1.204000 
   227.918009    -26.295317    -16.413065      1.254000 
   227.918021    -26.284962    -16.475975      0.991000 
   227.918032    -26.274597    -16.538881      0.961000 
   230.376481    -24.599627    -16.961914      5.162000 
   230.376493    -24.589197    -16.899015      5.345000 
   230.376505    -24.578775    -16.836117      5.828000 
   230.376516    -24.568365    -16.773212      5.893000 
   230.376528    -24.557964    -16.710310      6.284000 
   230.376551    -24.547573    -16.647404      6.108000 
   230.376563    -24.537193    -16.584497      6.898000 
   230.376574    -24.526821    -16.521587      7.357000 
   230.376586    -24.516460    -16.458677      8.219001 
   230.376597    -24.506107    -16.395765      7.940001 
   230.376609    -24.495766    -16.332851      8.045000 
   230.376620    -24.485432    -16.269936      8.095000 
   230.376632    -24.475107    -16.207020      7.190001 
   230.376644    -24.464794    -16.144100      6.496000 
   230.376667    -24.454489    -16.081179      6.642000 
   230.376678    -24.444193    -16.018257      5.529000 
   230.376701    -24.423630    -15.892408      2.389000 
   230.376713    -24.413360    -15.829482      1.992000 
   230.376725    -24.403103    -15.766553      1.749000 
   230.376736    -24.392853    -15.703623      1.972000 
   230.376748    -24.382610    -15.640691      1.819000 
   230.376759    -24.372380    -15.577758      2.032000 
   230.376771    -24.362158    -15.514823      1.942000 
   230.376794    -24.351942    -15.451887      1.809000 
   230.376806    -24.341738    -15.388949      2.022000 
   230.376817    -24.331541    -15.326009      1.992000 
   230.376829    -24.321354    -15.263068      2.118000 
   230.376840    -24.311174    -15.200126      2.157000 
   230.376852    -24.301004    -15.137182      2.503000 
   230.376863    -24.290844    -15.074236      2.981000 
   230.376875    -24.280691    -15.011289      2.638000 
   230.376887    -24.270548    -14.948340      2.888000 
   230.376898    -24.260410    -14.885390      3.292000 
   230.376921    -24.250284    -14.822438      3.282000 
   230.376933    -24.240166    -14.759485      3.222000 
   230.376944    -24.230055    -14.696530      3.192000 
   230.376956    -24.219954    -14.633574      3.450000 
   230.376968    -24.209860    -14.570616      3.731000 
   230.376979    -24.199774    -14.507657      3.731000 
   230.376991    -24.189697    -14.444697      4.174000 
   230.377002    -24.179628    -14.381735      4.459000 
   230.377014    -24.169567    -14.318771      4.459000 
   230.377025    -24.159513    -14.255806      4.687000 
   230.377049    -24.149470    -14.192840      4.568000 
   230.377060    -24.139433    -14.129872      4.647000 
   230.377072    -24.129404    -14.066903      4.558000 
   230.377083    -24.119383    -14.003932      4.848000 
   230.377095    -24.109371    -13.940960      4.637000 
   230.377106    -24.099365    -13.877986      4.737000 
   230.377118    -24.089369    -13.815011      4.778000 
   230.377130    -24.079378    -13.752035      5.060000 
   230.377141    -24.069399    -13.689057      5.192000 
   230.377153    -24.059423    -13.626078      5.172000 
   230.377176    -24.049458    -13.563098      5.663000 
   230.377188    -24.039500    -13.500116      5.192000 
   230.377199    -24.029549    -13.437133      5.192000 
   230.377211    -24.019604    -13.374148      5.603000 
   230.377222    -24.009668    -13.311162      5.399000 
   230.377234    -23.999739    -13.248175      5.375000 
   230.377245    -23.989819    -13.185186      5.409000 
   230.377257    -23.979904    -13.122196      5.728000 
   230.377269    -23.969997    -13.059205      5.738000 
   231.376933    -26.995901    -16.537895      6.918000 
   231.376944    -26.985537    -16.474985      6.954001 
   231.376956    -26.975182    -16.412073      7.084000 
   231.376968    -26.964834    -16.349160      7.734000 
   231.376979    -26.954498    -16.286243      7.493000 
   231.376991    -26.944172    -16.223328      8.219001 
   231.377002    -26.933855    -16.160410      8.020000 
   231.377014    -26.923548    -16.097488      8.000000 
   231.377025    -26.913248    -16.034567      8.424001 
   231.377049    -26.902960    -15.971643      7.970000 
   231.377060    -26.892680    -15.908718      8.125000 
   231.377072    -26.882408    -15.845791      8.165000 
   231.377083    -26.872147    -15.782863      8.384001 
   231.377095    -26.861895    -15.719933      8.309000 
   231.377106    -26.851650    -15.657001      8.915000 
   231.377118    -26.841415    -15.594068      8.105000 
   231.377130    -26.831190    -15.531134      8.702001 
   231.377141    -26.820974    -15.468198      8.825001 
   231.377153    -26.810766    -15.405260      8.578000 
   231.377176    -26.800568    -15.342320      8.742001 
   231.377188    -26.790377    -15.279379      8.792001 
   231.377199    -26.780195    -15.216437      8.568001 
   231.377211    -26.770023    -15.153493      8.925000 
   231.377222    -26.759860    -15.090548      8.732000 
   231.377234    -26.749702    -15.027601      8.875000 
   231.377245    -26.739555    -14.964652      9.088000 
   231.377257    -26.729418    -14.901702      7.970000 
   231.377269    -26.719288    -14.838751      8.299001 
   231.377280    -26.709167    -14.775797      7.940001 
   231.377303    -26.699055    -14.712843      8.085000 
   231.377315    -26.688950    -14.649887      8.895000 
   231.377326    -26.678852    -14.586929      8.010000 
   231.377338    -26.668764    -14.523970      7.890000 
   231.377350    -26.658686    -14.461010      7.543000 
   231.377361    -26.648615    -14.398048      7.240000 
   231.377373    -26.638552    -14.335085      7.433001 
   231.377384    -26.628496    -14.272120      7.678000 
   231.377396    -26.618448    -14.209154      7.678000 
   231.377407    -26.608410    -14.146186      7.920001 
   231.377431    -26.598377    -14.083217      7.774000 
   231.377442    -26.588354    -14.020246      8.020000 
   231.377454    -26.578340    -13.957274      7.764000 
   231.377465    -26.568333    -13.894301      7.804000 
   231.377477    -26.558332    -13.831326      7.433001 
   231.377488    -26.548342    -13.768350      8.055000 
   231.377500    -26.538357    -13.705372      7.794000 
   231.377512    -26.528381    -13.642393      7.744000 
   231.377523    -26.518412    -13.579413      7.658000 
   231.377546    -26.508451    -13.516431      7.160000 
   231.377558    -26.498499    -13.453448      7.513001 
   231.377569    -26.488552    -13.390464      6.808000 
   231.377581    -26.478615    -13.327478      7.930000 
   231.377593    -26.468683    -13.264491      8.035001 
   231.377604    -26.458760    -13.201502      7.880001 
   231.377616    -26.448843    -13.138512      8.528001 
   231.377627    -26.438934    -13.075521      8.319000 
   231.377639    -26.429033    -13.012529      8.518001 
   236.849120    -23.143148    -13.043376     10.163000 
   236.849132    -23.133244    -13.106365     10.431001 
   236.849144    -23.123330    -13.169352     10.746000 
   236.849155    -23.113410    -13.232338     10.686001 
   236.849167    -23.103481    -13.295323     10.559001 
   236.849178    -23.093546    -13.358306     10.706000 
   236.849190    -23.083605    -13.421288     10.958000 
   236.849201    -23.073652    -13.484268     10.549001 
   236.849213    -23.063696    -13.547247     10.303000 
   236.849225    -23.053730    -13.610225     10.706000 
   236.849248    -23.043756    -13.673201     10.842001 
   236.849259    -23.033775    -13.736176     10.666000 
   236.849271    -23.023788    -13.799150     10.361000 
   236.849282    -23.013790    -13.862122     10.451000 
   236.849294    -23.003786    -13.925093     10.928000 
   237.849479    -25.606260    -13.060329      8.875000 
   237.849491    -25.596354    -13.123317      8.742001 
   237.849502    -25.586440    -13.186304      8.732000 
   237.849514    -25.576517    -13.249290      8.762000 
   237.849525    -25.566587    -13.312274      8.538000 
   237.849537    -25.556650    -13.375257      8.682000 
   237.849549    -25.546705    -13.438238      8.608001 
   237.849560    -25.536753    -13.501219      8.558001 
   237.849583    -25.526793    -13.564197      8.672001 
   237.849595    -25.516827    -13.627175      8.538000 
   237.849606    -25.506851    -13.690151      8.762000 
   237.849618    -25.496868    -13.753126      8.374001 
   237.849630    -25.486877    -13.816099      7.900001 
   237.849641    -25.476880    -13.879071      7.814001 
   237.849653    -25.466873    -13.942042      7.708000 
   237.849664    -25.456860    -14.005011      7.658000 
   237.849676    -25.446838    -14.067978      8.155001 
   237.849699    -25.436808    -14.130945      8.528001 
   237.849711    -25.426770    -14.193910      8.055000 
   237.849722    -25.416725    -14.256873      8.384001 
   237.849734    -25.406672    -14.319835      8.249001 
   237.849745    -25.396608    -14.382795      8.508000 
   237.849757    -25.386540    -14.445755      8.269000 
   237.849769    -25.376461    -14.508712      8.752001 
   237.849780    -25.366373    -14.571668      8.702001 
   237.849792    -25.356280    -14.634623      9.038000 
   237.849803    -25.346176    -14.697576      8.815001 
   237.849826    -25.336065    -14.760528      8.568001 
   237.849838    -25.325945    -14.823478      8.628000 
   237.849850    -25.315817    -14.886427      9.141001 
   237.849861    -25.305680    -14.949374      8.672001 
   237.849873    -25.295534    -15.012320      9.028001 
   237.849884    -25.285381    -15.075264      9.262000 
   237.849896    -25.275217    -15.138207      9.251000 
   237.849907    -25.265047    -15.201148      8.792001 
   237.849919    -25.254868    -15.264088      9.645000 
   237.849931    -25.244678    -15.327026      9.454000 
   237.849954    -25.234482    -15.389963      9.675000 
   237.849965    -25.224276    -15.452898      9.565001 
   237.849977    -25.214060    -15.515831      9.745001 
   237.849988    -25.203836    -15.578763      9.595000 
   237.850000    -25.193604    -15.641694      9.534000 
   237.850012    -25.183361    -15.704622      9.554001 
   237.850023    -25.173110    -15.767550      9.382000 
   237.850035    -25.162850    -15.830475      9.312000 
   237.850046    -25.152580    -15.893399      9.554001 
   237.850058    -25.142302    -15.956322      9.825001 
   237.850081    -25.132013    -16.019241      9.392000 
   237.850093    -25.121717    -16.082163      9.382000 
   237.850104    -25.111410    -16.145079      9.815001 
   237.850116    -25.101095    -16.207994      9.251000 
   237.850127    -25.090770    -16.270910      9.181001 
   237.850139    -25.080437    -16.333822      9.111000 
   237.850150    -25.070091    -16.396732      9.008000 
   237.850162    -25.059738    -16.459642      9.088000 
   237.850174    -25.049376    -16.522550      9.241000 
   237.850185    -25.039003    -16.585457      9.302000 
   237.850208    -25.028620    -16.648361      8.978001 
   237.850220    -25.018229    -16.711264      8.825001 
   237.850231    -25.007826    -16.774164      9.251000 
   237.850243    -24.997416    -16.837065      9.504001 
   237.850255    -24.986994    -16.899961      9.272000 
   237.850266    -24.976562    -16.962856      9.392000 
   240.308611    -23.377176    -16.996975      6.908000 
   240.308634    -23.366741    -16.934076      6.138001 
   240.308646    -23.356314    -16.871178      6.449000 
   240.308657    -23.345898    -16.808275      6.672000 
   240.308669    -23.335491    -16.745373      7.287000 
   240.308681    -23.325094    -16.682468      7.754000 
   240.308692    -23.314707    -16.619560      7.804000 
   240.308704    -23.304330    -16.556652      7.678000 
   240.308715    -23.293962    -16.493744      7.240000 
   240.308727    -23.283604    -16.430832      7.463000 
   240.308738    -23.273254    -16.367918      7.190001 
   240.308762    -23.262917    -16.305002      7.930000 
   240.308773    -23.252586    -16.242086      7.628000 
   240.308785    -23.242266    -16.179169      8.000000 
   240.308796    -23.231955    -16.116247      7.307000 
   240.308808    -23.221653    -16.053328      7.804000 
   240.308819    -23.211360    -15.990404      8.075001 
   240.308831    -23.201078    -15.927479      7.688000 
   240.308843    -23.190804    -15.864553      7.210000 
   240.308854    -23.180540    -15.801625      7.423000 
   240.308866    -23.170284    -15.738695      7.804000 
   240.308889    -23.160036    -15.675764      7.648000 
   240.308900    -23.149800    -15.612831      8.444000 
   240.308912    -23.139572    -15.549897      7.864000 
   240.308924    -23.129353    -15.486961      8.035001 
   240.308935    -23.119140    -15.424024      8.209001 
   240.308947    -23.108940    -15.361085      8.354000 
   240.308958    -23.098747    -15.298144      7.920001 
   240.308970    -23.088562    -15.235202      8.065001 
   240.308981    -23.078386    -15.172259      7.160000 
   240.308993    -23.068220    -15.109314      8.454000 
   240.309016    -23.058062    -15.046367      8.498000 
   240.309028    -23.047913    -14.983419      7.930000 
   240.309039    -23.037771    -14.920469      7.794000 
   240.309051    -23.027640    -14.857518      7.533000 
   240.309063    -23.017515    -14.794565      7.553000 
   240.309074    -23.007399    -14.731611      7.044000 
   241.308981    -25.836527    -16.958720      6.722000 
   241.308993    -25.826097    -16.895820      6.642000 
   241.309005    -25.815678    -16.832920      7.054000 
   241.309016    -25.805265    -16.770018      6.798000 
   241.309039    -25.794867    -16.707113      7.004000 
   241.309051    -25.784475    -16.644205      6.944000 
   241.309063    -25.774094    -16.581299      6.652000 
   241.309074    -25.763721    -16.518389      6.798000 
   241.309086    -25.753360    -16.455479      6.329001 
   241.309097    -25.743008    -16.392565      6.349000 
   241.309109    -25.732666    -16.329650      6.184000 
   241.309120    -25.722332    -16.266733      6.214000 
   241.309132    -25.712010    -16.203815      6.018000 
   241.309144    -25.701694    -16.140898      6.908000 
   241.309167    -25.691390    -16.077976      6.742000 
   241.309178    -25.681093    -16.015053      7.307000 
   241.309190    -25.670807    -15.952129      6.752000 
   241.309201    -25.660530    -15.889203      7.044000 
   241.309213    -25.650263    -15.826275      6.918000 
   241.309225    -25.640003    -15.763346      7.180000 
   241.309236    -25.629753    -15.700415      8.319000 
   241.309248    -25.619513    -15.637483      8.742001 
   241.309259    -25.609280    -15.574549      8.010000 
   241.309271    -25.599056    -15.511614      6.184000 
   241.309294    -25.588842    -15.448677      6.898000 
   241.309306    -25.578638    -15.385738      7.210000 
   241.309317    -25.568441    -15.322798      7.734000 
   241.309329    -25.558254    -15.259856      8.319000 
   241.309340    -25.548077    -15.196913      7.834001 
   241.309352    -25.537907    -15.133968      7.880001 
   241.309363    -25.527744    -15.071022      7.367001 
   241.309375    -25.517591    -15.008074      7.014000 
   241.309387    -25.507446    -14.945125      6.566001 
   241.309398    -25.497313    -14.882174      6.722000 
   241.309421    -25.487185    -14.819222      6.389000 
   241.309433    -25.477066    -14.756268      6.908000 
   241.309444    -25.466955    -14.693312      7.503000 
   241.309456    -25.456854    -14.630355      7.413001 
   241.309468    -25.446760    -14.567397      6.576000 
   241.309479    -25.436674    -14.504438      7.100000 
   241.309491    -25.426598    -14.441476      6.616000 
   241.309502    -25.416529    -14.378514      7.110000 
   241.309514    -25.406467    -14.315549      7.648000 
   241.309525    -25.396414    -14.252584      7.990000 
   241.309549    -25.386370    -14.189617      7.724000 
   241.309560    -25.376333    -14.126648      7.764000 
   241.309572    -25.366304    -14.063678      7.543000 
   241.309583    -25.356283    -14.000707      7.180000 
   241.309595    -25.346272    -13.937734      6.798000 
   241.309606    -25.336266    -13.874760      6.586000 
   241.309618    -25.326270    -13.811785      6.672000 
   241.309630    -25.316278    -13.748808      6.389000 
   241.309641    -25.306297    -13.685829      6.652000 
   241.309664    -25.296324    -13.622850      6.606000 
   241.309676    -25.286358    -13.559868      6.409000 
   241.309688    -25.276400    -13.496886      6.419000 
   241.309699    -25.266447    -13.433902      6.304000 
   241.309711    -25.256504    -13.370917      6.254000 
   241.309722    -25.246569    -13.307930      5.953000 
   241.309734    -25.236639    -13.244943      5.663000 
   241.309745    -25.226719    -13.181953      5.459000 
   241.309757    -25.216805    -13.118963      5.439000 
   241.309769    -25.206898    -13.055971      5.953000 
