    56.757188    -31.986416    -11.956566      6.930000 
    56.757199    -31.967976    -11.907756      6.380000 
    56.757211    -31.949543    -11.858944      7.180000 
    56.757222    -31.931120    -11.810130      7.000000 
    56.757234    -31.912704    -11.761313      7.520001 
    56.757245    -31.894297    -11.712495      6.790000 
    56.757257    -31.875896    -11.663675      7.100000 
    56.757269    -31.857506    -11.614853      7.120000 
    56.757280    -31.839120    -11.566029      7.030000 
    56.757292    -31.820745    -11.517204      7.710000 
    56.757303    -31.802378    -11.468376      6.680000 
    56.757315    -31.784016    -11.419546      6.860000 
    56.757326    -31.765663    -11.370714      6.440001 
    56.757338    -31.747316    -11.321881      6.820000 
    56.757350    -31.728980    -11.273045      7.380000 
    56.757361    -31.710650    -11.224208      7.760000 
    56.757373    -31.692326    -11.175369      7.320000 
    56.757384    -31.674011    -11.126528      7.110000 
    56.757396    -31.655703    -11.077685      6.820000 
    56.757407    -31.637403    -11.028840      7.510000 
    56.757419    -31.619110    -10.979993      8.840000 
    56.757431    -31.600824    -10.931145      8.330000 
    56.757442    -31.582546    -10.882294      7.550000 
    56.757454    -31.564276    -10.833442      7.050000 
    56.757465    -31.546011    -10.784588      7.390000 
    56.757477    -31.527756    -10.735733      7.450000 
    56.757488    -31.509504    -10.686875      7.670001 
    56.757500    -31.491262    -10.638016      6.980001 
    56.757512    -31.473028    -10.589155      7.350000 
    56.757523    -31.454800    -10.540292      7.850000 
    56.757535    -31.436579    -10.491427      7.840000 
    56.757546    -31.418365    -10.442561      8.360001 
    56.757558    -31.400158    -10.393693      7.880001 
    56.757569    -31.381958    -10.344823      7.230001 
    56.757581    -31.363766    -10.295951      9.810000 
    56.757593    -31.345577    -10.247078      8.860001 
    56.757604    -31.327398    -10.198203      8.980000 
    56.757616    -31.309225    -10.149326      8.190001 
    56.757627    -31.291060    -10.100448      7.490000 
    56.757639    -31.272902    -10.051568      8.410001 
    56.757650    -31.254747    -10.002686      8.300000 
    56.757662    -31.236603     -9.953803      7.350000 
    56.757674    -31.218464     -9.904918      7.760000 
    56.757685    -31.200330     -9.856031      7.230001 
    56.757697    -31.182203     -9.807143      6.850000 
    56.757708    -31.164083     -9.758253      8.030001 
    56.757720    -31.145971     -9.709361      6.990000 
    56.757731    -31.127865     -9.660468      7.390000 
    56.757743    -31.109764     -9.611573      6.720000 
    56.757755    -31.091670     -9.562677      7.430000 
    56.757766    -31.073582     -9.513779      7.140000 
    56.757778    -31.055502     -9.464880      8.200001 
    56.757789    -31.037426     -9.415978      7.620000 
    56.757801    -31.019358     -9.367076      7.060000 
    56.757812    -31.001293     -9.318172      7.350000 
    56.757824    -30.983238     -9.269266      7.590000 
    56.757836    -30.965187     -9.220359      6.950000 
    56.757847    -30.947144     -9.171450      6.730001 
    56.757859    -30.929106     -9.122539      6.340000 
    56.757870    -30.911074     -9.073628      6.470000 
    56.757882    -30.893045     -9.024714      8.030001 
    56.757894    -30.875027     -8.975800      7.310000 
    56.757905    -30.857012     -8.926883      7.300000 
    56.757917    -30.839003     -8.877965      7.460000 
    56.757928    -30.821001     -8.829046      7.450000 
    56.757940    -30.803003     -8.780126      7.020001 
    56.757951    -30.785013     -8.731203      7.200000 
    56.757963    -30.767029     -8.682280      7.310000 
    56.757975    -30.749048     -8.633355      8.750000 
    56.757986    -30.731073     -8.584428      6.970000 
    56.757998    -30.713106     -8.535501      7.920001 
    56.758009    -30.695145     -8.486571      6.280000 
    56.758021    -30.677187     -8.437641      8.020000 
    56.758032    -30.659235     -8.388709      6.480001 
    56.758044    -30.641289     -8.339775      6.500000 
    56.758056    -30.623348     -8.290840      7.630001 
    56.758067    -30.605413     -8.241904      6.210000 
    56.758079    -30.587484     -8.192967      6.190000 
    56.758090    -30.569560     -8.144028      7.250000 
    56.758102    -30.551641     -8.095088      6.660000 
    56.758113    -30.533728     -8.046146      6.620000 
    57.269398    -29.006252     -8.022335      7.640000 
    57.269410    -28.988344     -8.071268      8.260000 
    57.269421    -28.970432     -8.120200      7.930000 
    57.269433    -28.952515     -8.169130      8.270000 
    57.269444    -28.934590     -8.218060      8.180000 
    57.269456    -28.916660     -8.266988      8.320001 
    57.269468    -28.898727     -8.315914      7.690001 
    57.269479    -28.880787     -8.364839      7.630001 
    57.269491    -28.862843     -8.413763      8.390000 
    57.269502    -28.844890     -8.462686      8.110001 
    57.269514    -28.826935     -8.511607      7.520001 
    57.269525    -28.808971     -8.560526      8.040000 
    57.269537    -28.791004     -8.609445      8.380000 
    57.269549    -28.773031     -8.658361      8.120001 
    57.269560    -28.755053     -8.707277      8.450001 
    57.269572    -28.737066     -8.756191      7.770001 
    57.269583    -28.719076     -8.805103      7.880001 
    57.269595    -28.701080     -8.854014      8.210000 
    57.269606    -28.683079     -8.902924      8.070001 
    57.269618    -28.665070     -8.951832      7.220000 
    57.269630    -28.647055     -9.000739      7.370000 
    57.269641    -28.629036     -9.049644      7.060000 
    57.269653    -28.611010     -9.098548      7.010000 
    57.269664    -28.592978     -9.147450      7.000000 
    57.269676    -28.574940     -9.196351      7.470000 
    57.269687    -28.556896     -9.245250      6.530000 
    57.269699    -28.538845     -9.294147      6.730001 
    57.269711    -28.520788     -9.343043      7.420001 
    57.269722    -28.502728     -9.391938      6.830000 
    57.269734    -28.484657     -9.440831      7.100000 
    57.269745    -28.466583     -9.489722      6.860000 
    57.269757    -28.448502     -9.538612      6.950000 
    57.269769    -28.430414     -9.587501      6.190000 
    57.269780    -28.412320     -9.636387      6.510000 
    57.269792    -28.394220     -9.685272      6.710000 
    57.269803    -28.376114     -9.734156      6.720000 
    57.269815    -28.358000     -9.783038      6.670001 
    57.269826    -28.339880     -9.831918      6.690001 
    57.269838    -28.321754     -9.880797      5.880000 
    57.269850    -28.303621     -9.929674      6.140000 
    57.269861    -28.285482     -9.978549      5.700000 
    57.269873    -28.267336    -10.027423      6.060000 
    57.269884    -28.249184    -10.076295      6.100000 
    57.269896    -28.231024    -10.125165      6.420000 
    57.269907    -28.212858    -10.174034      7.010000 
    57.269919    -28.194685    -10.222901      6.790000 
    57.269931    -28.176506    -10.271766      6.580000 
    57.269942    -28.158320    -10.320630      6.180000 
    57.269954    -28.140125    -10.369492      6.720000 
    57.269965    -28.121925    -10.418352      6.450000 
    57.269977    -28.103718    -10.467210      7.590000 
    57.269988    -28.085505    -10.516067      7.350000 
    57.270000    -28.067284    -10.564922      6.480001 
    57.270012    -28.049053    -10.613775      6.850000 
    57.270023    -28.030819    -10.662626      7.030000 
    57.270035    -28.012577    -10.711476      6.800000 
    59.724063    -29.163666    -11.990127      8.950001 
    59.724074    -29.145222    -11.941317      7.190001 
    59.724086    -29.126785    -11.892506      8.110001 
    59.724097    -29.108358    -11.843692      9.010000 
    59.724109    -29.089937    -11.794877      8.360001 
    59.724120    -29.071526    -11.746059      9.200001 
    59.724132    -29.053122    -11.697240      8.410001 
    59.724144    -29.034725    -11.648418      8.180000 
    59.724155    -29.016336    -11.599595      8.420000 
    59.724167    -28.997957    -11.550769      8.620001 
    59.724178    -28.979584    -11.501942      8.010000 
    59.724190    -28.961220    -11.453113      7.830000 
    59.724201    -28.942862    -11.404282      8.480000 
    59.724213    -28.924513    -11.355449      8.240001 
    59.724225    -28.906170    -11.306614      7.810000 
    59.724236    -28.887836    -11.257777      8.620001 
    59.724248    -28.869509    -11.208938      8.400001 
    59.724259    -28.851189    -11.160097      8.000000 
    59.724271    -28.832878    -11.111255      8.720000 
    59.724282    -28.814573    -11.062411      8.660001 
    59.724294    -28.796276    -11.013564      8.420000 
    59.724306    -28.777987    -10.964716      8.320001 
    59.724317    -28.759705    -10.915866      8.760000 
    59.724329    -28.741430    -10.867015      8.860001 
    59.724340    -28.723162    -10.818161      8.120001 
    59.724352    -28.704900    -10.769306      8.120001 
    59.724363    -28.686647    -10.720449      8.240001 
    59.724375    -28.668402    -10.671590      7.920001 
    59.724387    -28.650164    -10.622729      7.800000 
    59.724398    -28.631931    -10.573866      7.800000 
    59.724410    -28.613707    -10.525002      8.500000 
    59.724421    -28.595490    -10.476136      8.250000 
    59.724433    -28.577278    -10.427268      7.280000 
    59.724444    -28.559074    -10.378399      8.190001 
    59.724456    -28.540876    -10.329528      8.320001 
    59.724468    -28.522688    -10.280655      7.590000 
    59.724479    -28.504503    -10.231780      7.580000 
    59.724491    -28.486328    -10.182904      8.930000 
    59.724502    -28.468159    -10.134026      8.170000 
    59.724514    -28.449997    -10.085146      8.400001 
    59.724525    -28.431839    -10.036265      8.030001 
    59.724537    -28.413690     -9.987382      7.790000 
    59.724549    -28.395548     -9.938497      8.030001 
    59.724560    -28.377410     -9.889610      7.780000 
    59.724572    -28.359282     -9.840722      7.620000 
    59.724583    -28.341158     -9.791833      7.770001 
    59.724595    -28.323042     -9.742941      7.960000 
    59.724606    -28.304932     -9.694049      8.330000 
    59.724618    -28.286827     -9.645154      8.070001 
    59.724630    -28.268730     -9.596258      8.070001 
    59.724641    -28.250640     -9.547360      7.960000 
    59.724653    -28.232555     -9.498461      7.840000 
    59.724664    -28.214478     -9.449560      8.280001 
    59.724676    -28.196405     -9.400658      7.640000 
    59.724688    -28.178339     -9.351754      7.450000 
    59.724699    -28.160278     -9.302848      8.240001 
    59.724711    -28.142225     -9.253941      7.580000 
    59.724722    -28.124178     -9.205033      6.980001 
    59.724734    -28.106136     -9.156122      7.530000 
    59.724745    -28.088100     -9.107211      7.520001 
    59.724757    -28.070072     -9.058298      8.160001 
    59.724769    -28.052050     -9.009383      7.710000 
    59.724780    -28.034033     -8.960467      7.880001 
    59.724792    -28.016020     -8.911549      7.660000 
   210.446539    -31.984407    -11.523080      4.860000 
   210.446551    -31.965923    -11.474006      4.800000 
   210.446562    -31.947449    -11.424929      4.990000 
   210.446574    -31.928980    -11.375851      4.820000 
   210.446586    -31.910519    -11.326771      5.330000 
   210.446597    -31.892065    -11.277689      4.680000 
   210.446609    -31.873621    -11.228605      4.950000 
   210.446620    -31.855185    -11.179519      4.860000 
   210.446632    -31.836754    -11.130431      4.780000 
   210.446644    -31.818330    -11.081341      5.040000 
   210.446655    -31.799915    -11.032250      4.490000 
   210.446667    -31.781510    -10.983156      4.640000 
   210.446678    -31.763110    -10.934061      5.030000 
   210.446690    -31.744717    -10.884964      5.010000 
   210.446701    -31.726332    -10.835865      4.860000 
   210.446713    -31.707952    -10.786764      4.750000 
   210.446725    -31.689583    -10.737661      5.230000 
   210.446736    -31.671219    -10.688557      5.280000 
   210.446748    -31.652863    -10.639450      5.100000 
   210.446759    -31.634514    -10.590342      5.490000 
   210.446771    -31.616173    -10.541232      5.700000 
   210.446782    -31.597837    -10.492121      6.330000 
   210.446794    -31.579510    -10.443007      5.450000 
   210.446806    -31.561190    -10.393892      6.370000 
   210.446817    -31.542875    -10.344775      5.690000 
   210.446829    -31.524569    -10.295657      5.850000 
   210.446840    -31.506270    -10.246536      6.220000 
   210.446852    -31.487976    -10.197414      5.750000 
   210.446863    -31.469690    -10.148290      5.850000 
   210.446875    -31.451410    -10.099165      5.730001 
   210.446887    -31.433140    -10.050037      5.990000 
   210.446898    -31.414873    -10.000908      5.950000 
   210.446910    -31.396614     -9.951778      5.660000 
   210.446921    -31.378363     -9.902645      5.610000 
   210.446933    -31.360115     -9.853511      5.960000 
   210.446944    -31.341877     -9.804376      5.050000 
   210.446956    -31.323645     -9.755238      5.500000 
   210.446968    -31.305420     -9.706100      5.960000 
   210.446979    -31.287199     -9.656959      6.130000 
   210.446991    -31.268988     -9.607817      5.840000 
   210.447002    -31.250780     -9.558673      5.770001 
   210.447014    -31.232580     -9.509528      5.820000 
   210.447025    -31.214386     -9.460381      6.540000 
   210.447037    -31.196200     -9.411232      5.500000 
   210.447049    -31.178019     -9.362082      5.510000 
   210.447060    -31.159843     -9.312930      6.080000 
   210.447072    -31.141674     -9.263777      5.600000 
   210.447083    -31.123512     -9.214622      5.950000 
   210.447095    -31.105354     -9.165466      5.990000 
   210.447106    -31.087206     -9.116308      5.630000 
   210.447118    -31.069061     -9.067148      5.930000 
   210.447130    -31.050922     -9.017988      6.340000 
   210.447141    -31.032791     -8.968825      6.290000 
   210.447153    -31.014666     -8.919661      6.260000 
   210.447164    -30.996546     -8.870496      5.940000 
   210.447176    -30.978430     -8.821329      6.260000 
   210.447187    -30.960321     -8.772160      6.460000 
   210.447199    -30.942219     -8.722990      6.230001 
   210.447211    -30.924124     -8.673819      6.580000 
   210.447222    -30.906033     -8.624646      6.190000 
   210.447234    -30.887947     -8.575472      6.680000 
   210.447245    -30.869867     -8.526297      6.670001 
   210.447257    -30.851793     -8.477119      6.510000 
   210.447269    -30.833725     -8.427941      7.060000 
   210.447280    -30.815662     -8.378761      7.070000 
   210.447292    -30.797606     -8.329580      6.220000 
   210.447303    -30.779554     -8.280397      6.230001 
   210.447315    -30.761509     -8.231213      6.490000 
   210.447326    -30.743467     -8.182028      6.710000 
   210.447338    -30.725431     -8.132841      5.840000 
   210.447350    -30.707401     -8.083653      6.630000 
   210.447361    -30.689379     -8.034463      7.010000 
   210.955984    -28.208897     -8.032244      5.040000 
   210.955995    -28.190868     -8.081441      5.840000 
   210.956007    -28.172834     -8.130636      5.940000 
   210.956019    -28.154797     -8.179830      5.840000 
   210.956030    -28.136751     -8.229023      5.430000 
   210.956042    -28.118702     -8.278214      5.580000 
   210.956053    -28.100645     -8.327404      5.240000 
   210.956065    -28.082586     -8.376593      5.490000 
   210.956076    -28.064520     -8.425780      6.130000 
   210.956088    -28.046448     -8.474966      5.300000 
   210.956100    -28.028370     -8.524150      6.030000 
   210.956111    -28.010286     -8.573333      6.270001 
   214.407593    -30.406944    -11.979986     10.400001 
   214.407604    -30.388388    -11.930930     11.040001 
   214.407616    -30.369839    -11.881873     11.190001 
   214.407627    -30.351297    -11.832813     11.220000 
   214.407639    -30.332766    -11.783751     10.600000 
   214.407650    -30.314240    -11.734687     10.580001 
   214.407662    -30.295723    -11.685622     11.170000 
   214.407674    -30.277214    -11.636554     12.000001 
   214.407685    -30.258713    -11.587484     11.270000 
   214.407697    -30.240220    -11.538412     10.300000 
   214.407708    -30.221733    -11.489339     10.030001 
   214.407720    -30.203257    -11.440263     10.500001 
   214.407731    -30.184788    -11.391186     12.650001 
   214.407743    -30.166325    -11.342106     11.950001 
   214.407755    -30.147870    -11.293025     11.870001 
   214.407766    -30.129423    -11.243941     10.350000 
   214.407778    -30.110985    -11.194856      9.800000 
   214.407789    -30.092552    -11.145769     10.260000 
   214.407801    -30.074130    -11.096680     10.900001 
   214.407813    -30.055714    -11.047589     10.390000 
   214.407824    -30.037304    -10.998496     10.630000 
   214.407836    -30.018902    -10.949402     10.440001 
   214.407847    -30.000507    -10.900305      9.760000 
   214.407859    -29.982120    -10.851207     10.160001 
   214.407870    -29.963741    -10.802107      7.390000 
   214.407882    -29.945370    -10.753005      8.930000 
   214.407894    -29.927006    -10.703901      9.540001 
   214.407905    -29.908648    -10.654795      8.280001 
   214.407917    -29.890297    -10.605688     10.140000 
   214.407928    -29.871954    -10.556578     10.090000 
   214.407940    -29.853619    -10.507467     10.120001 
   214.407951    -29.835289    -10.458355     10.200001 
   214.407963    -29.816967    -10.409240      9.040000 
   214.407975    -29.798653    -10.360124      8.770000 
   214.407986    -29.780342    -10.311006      9.190001 
   214.407998    -29.762041    -10.261886      9.530001 
   214.408009    -29.743748    -10.212764      9.440001 
   214.408021    -29.725460    -10.163641      9.040000 
   214.408032    -29.707180    -10.114516      9.260000 
   214.408044    -29.688908    -10.065390      8.790000 
   214.408056    -29.670640    -10.016261      8.900001 
   214.408067    -29.652378     -9.967131      8.750000 
   214.408079    -29.634127     -9.918000      8.690001 
   214.408090    -29.615880     -9.868866      8.640000 
   214.408102    -29.597640     -9.819731      8.730000 
   214.408113    -29.579405     -9.770594      8.640000 
   214.408125    -29.561178     -9.721456      9.260000 
   214.408137    -29.542957     -9.672316      8.760000 
   214.408148    -29.524742     -9.623175      8.980000 
   214.408160    -29.506535     -9.574031      9.760000 
   214.408171    -29.488335     -9.524887      9.430000 
   214.408183    -29.470139     -9.475740      9.730000 
   214.408194    -29.451950     -9.426592      9.330001 
   214.408206    -29.433767     -9.377443      9.360001 
   214.408218    -29.415592     -9.328292      8.540000 
   214.408229    -29.397423     -9.279139      9.090000 
   214.408241    -29.379260     -9.229985      9.280001 
   214.408252    -29.361101     -9.180829      9.120001 
   214.408264    -29.342950     -9.131671      9.410001 
   214.408275    -29.324804     -9.082513      8.750000 
   214.408287    -29.306665     -9.033352      9.880000 
   214.408299    -29.288532     -8.984190      9.300000 
   214.408310    -29.270405     -8.935027      9.580001 
   214.408322    -29.252283     -8.885862      9.130000 
   214.408333    -29.234169     -8.836696      9.230000 
   214.408345    -29.216059     -8.787528      9.270000 
   214.408356    -29.197956     -8.738358      8.780001 
   214.408368    -29.179857     -8.689188      8.170000 
   214.408380    -29.161766     -8.640015      8.860001 
   214.408391    -29.143680     -8.590842      9.510000 
   214.408403    -29.125599     -8.541667      8.790000 
   214.408414    -29.107525     -8.492490      9.010000 
   214.408426    -29.089455     -8.443312      8.920000 
   214.408438    -29.071392     -8.394133      9.200001 
   214.408449    -29.053333     -8.344952      8.900001 
   214.408461    -29.035280     -8.295770      9.250000 
   214.408472    -29.017235     -8.246586      9.010000 
   214.408484    -28.999193     -8.197401      9.050000 
   214.408495    -28.981155     -8.148215      9.270000 
   214.408507    -28.963125     -8.099027      8.710000 
   214.408519    -28.945100     -8.049838      9.700001 
   214.408530    -28.927080     -8.000648      9.240001 
   215.927535    -31.998627    -10.930073      8.590000 
   215.927546    -31.980225    -10.979176     10.100000 
   215.927558    -31.961815    -11.028277      9.510000 
   215.927569    -31.943396    -11.077376     10.200001 
   215.927581    -31.924970    -11.126473      9.930000 
   215.927593    -31.906538    -11.175568     10.470000 
   215.927604    -31.888098    -11.224662      9.820001 
   215.927616    -31.869650    -11.273753     10.320001 
   215.927627    -31.851192    -11.322843      9.540001 
   215.927639    -31.832730    -11.371931      9.340000 
   215.927650    -31.814259    -11.421016      9.620001 
   215.927662    -31.795780    -11.470100      9.120001 
   215.927674    -31.777292    -11.519182      9.460000 
   215.927685    -31.758799    -11.568262      9.280001 
   215.927697    -31.740295    -11.617340      9.350000 
   215.927708    -31.721786    -11.666416      9.150001 
   215.927720    -31.703266    -11.715490      9.450001 
   215.927731    -31.684740    -11.764562      9.760000 
   215.927743    -31.666206    -11.813632      9.820001 
   215.927755    -31.647665    -11.862700      9.060000 
   215.927766    -31.629114    -11.911766      9.740001 
   215.927778    -31.610556    -11.960830      9.520000 
   218.368750    -28.662813    -11.994432      8.770000 
   218.368762    -28.644255    -11.945377      8.640000 
   218.368773    -28.625702    -11.896321      9.500000 
   218.368785    -28.607159    -11.847262      8.790000 
   218.368796    -28.588623    -11.798201      8.520000 
   218.368808    -28.570095    -11.749139      8.280001 
   218.368819    -28.551577    -11.700074      8.150001 
   218.368831    -28.533066    -11.651008      8.420000 
   218.368843    -28.514560    -11.601939      8.130000 
   218.368854    -28.496065    -11.552869      8.510000 
   218.368866    -28.477577    -11.503796      8.080000 
   218.368877    -28.459099    -11.454722      8.610001 
   218.368889    -28.440624    -11.405645      7.800000 
   218.368900    -28.422161    -11.356567      8.380000 
   218.368912    -28.403704    -11.307487      7.910000 
   218.368924    -28.385256    -11.258404      7.360000 
   218.368935    -28.366814    -11.209320      7.700000 
   218.368947    -28.348380    -11.160234      8.470000 
   218.368958    -28.329952    -11.111146      8.730000 
   218.368970    -28.311535    -11.062057      8.450001 
   218.368981    -28.293123    -11.012965      7.360000 
   218.368993    -28.274720    -10.963872      7.320000 
   218.369005    -28.256323    -10.914776      7.060000 
   218.369016    -28.237934    -10.865679      7.780000 
   218.369028    -28.219551    -10.816580      7.320000 
   218.369039    -28.201178    -10.767479      8.060000 
   218.369051    -28.182810    -10.718376      6.510000 
   218.369062    -28.164450    -10.669272      6.810000 
   218.369074    -28.146097    -10.620165      7.800000 
   218.369086    -28.127752    -10.571057      7.700000 
   218.369097    -28.109413    -10.521947      7.930000 
   218.369109    -28.091082    -10.472836      6.790000 
   218.369120    -28.072758    -10.423722      7.620000 
   218.369132    -28.054441    -10.374607      7.390000 
   218.369144    -28.036130    -10.325490      7.390000 
   218.369155    -28.017826    -10.276371      6.650000 
   219.888009    -31.327368     -8.018535      6.640000 
   219.888021    -31.309341     -8.067732      6.280000 
   219.888032    -31.291310     -8.116928      6.960000 
   219.888044    -31.273272     -8.166123      8.730000 
   219.888056    -31.255226     -8.215317      7.250000 
   219.888067    -31.237179     -8.264509      7.960000 
   219.888079    -31.219124     -8.313699      8.220000 
   219.888090    -31.201065     -8.362889      9.140000 
   219.888102    -31.182999     -8.412077      8.430000 
   219.888113    -31.164928     -8.461263      7.400001 
   219.888125    -31.146852     -8.510448      6.460000 
   219.888137    -31.128769     -8.559632      8.220000 
   219.888148    -31.110682     -8.608814      8.380000 
   219.888160    -31.092588     -8.657995      7.430000 
   219.888171    -31.074490     -8.707174      7.220000 
   219.888183    -31.056383     -8.756352      6.310000 
   219.888194    -31.038273     -8.805529      6.460000 
   219.888206    -31.020155     -8.854704      6.370000 
   219.888218    -31.002033     -8.903877      6.050000 
   219.888229    -30.983904     -8.953049      6.230001 
   219.888241    -30.965769     -9.002220      6.360000 
   219.888252    -30.947630     -9.051389      5.960000 
   219.888264    -30.929482     -9.100556      5.800000 
   219.888275    -30.911330     -9.149722      6.030000 
   219.888287    -30.893170     -9.198886      6.600000 
   219.888299    -30.875006     -9.248049      6.160000 
   219.888310    -30.856834     -9.297211      5.920000 
   219.888322    -30.838657     -9.346370      6.900000 
   219.888333    -30.820473     -9.395529      6.430000 
   219.888345    -30.802282     -9.444685      6.070000 
   219.888356    -30.784086     -9.493840      5.930000 
   219.888368    -30.765884     -9.542994      6.500000 
   219.888380    -30.747675     -9.592145      5.960000 
   219.888391    -30.729460     -9.641296      6.180000 
   219.888403    -30.711239     -9.690444      6.450000 
   219.888414    -30.693010     -9.739591      6.530000 
   219.888426    -30.674774     -9.788736      6.360000 
   219.888437    -30.656532     -9.837880      5.820000 
   219.888449    -30.638285     -9.887022      5.990000 
   219.888461    -30.620031     -9.936162      6.150000 
   219.888472    -30.601768     -9.985301      6.300000 
   219.888484    -30.583502    -10.034438      5.990000 
   219.888495    -30.565228    -10.083573      6.240000 
   219.888507    -30.546946    -10.132707      6.460000 
   219.888519    -30.528658    -10.181839      6.100000 
   219.888530    -30.510360    -10.230969      6.690001 
   219.888542    -30.492060    -10.280097      6.180000 
   219.888553    -30.473750    -10.329224      6.130000 
   219.888565    -30.455435    -10.378349      6.260000 
   219.888576    -30.437110    -10.427472      6.310000 
   219.888588    -30.418781    -10.476594      6.620000 
   219.888600    -30.400444    -10.525713      5.830000 
   219.888611    -30.382100    -10.574831      6.000000 
   219.888623    -30.363749    -10.623947      6.180000 
   219.888634    -30.345390    -10.673062      5.930000 
   219.888646    -30.327024    -10.722174      6.010000 
   219.888657    -30.308653    -10.771285      6.420000 
   219.888669    -30.290272    -10.820394      6.000000 
   219.888681    -30.271885    -10.869501      6.530000 
   219.888692    -30.253490    -10.918606      6.350000 
   219.888704    -30.235086    -10.967709      6.430000 
   219.888715    -30.216679    -11.016811      6.350000 
   219.888727    -30.198261    -11.065910      5.830000 
   219.888738    -30.179836    -11.115008      5.870000 
   219.888750    -30.161404    -11.164104      5.500000 
   219.888762    -30.142963    -11.213198      5.410000 
   219.888773    -30.124517    -11.262290      5.590000 
   219.888785    -30.106062    -11.311380      5.770001 
   219.888796    -30.087600    -11.360468      6.060000 
   219.888808    -30.069130    -11.409554      6.350000 
   219.888819    -30.050652    -11.458639      6.410000 
   219.888831    -30.032166    -11.507721      6.170000 
   219.888843    -30.013672    -11.556802      6.040000 
   219.888854    -29.995170    -11.605880      5.630000 
   219.888866    -29.976662    -11.654956      6.550000 
   219.888877    -29.958143    -11.704031      6.160000 
   219.888889    -29.939617    -11.753103      6.030000 
   219.888900    -29.921085    -11.802174      6.460000 
   219.888912    -29.902544    -11.851242      6.010000 
   219.888924    -29.883993    -11.900309      6.520001 
   219.888935    -29.865437    -11.949373      7.400001 
   219.888947    -29.846870    -11.998436      7.210000 
   223.849167    -29.581026     -8.012136      5.870000 
   223.849178    -29.563002     -8.061335      5.890000 
   223.849190    -29.544970     -8.110531      5.230000 
   223.849201    -29.526932     -8.159727      5.530000 
   223.849213    -29.508890     -8.208921      5.680000 
   223.849225    -29.490843     -8.258114      5.580000 
   223.849236    -29.472788     -8.307306      5.360000 
   223.849248    -29.454730     -8.356496      5.650000 
   223.849259    -29.436665     -8.405684      5.540000 
   223.849271    -29.418594     -8.454872      5.300000 
   223.849282    -29.400520     -8.504057      5.420000 
   223.849294    -29.382439     -8.553242      5.330000 
   223.849306    -29.364351     -8.602425      5.350000 
   223.849317    -29.346258     -8.651606      5.590000 
   223.849329    -29.328160     -8.700787      5.610000 
   223.849340    -29.310057     -8.749965      5.280000 
   223.849352    -29.291946     -8.799142      4.790000 
   223.849363    -29.273830     -8.848318      5.000000 
   223.849375    -29.255709     -8.897492      4.930000 
   223.849387    -29.237581     -8.946665      5.670000 
   223.849398    -29.219446     -8.995836      5.110000 
   223.849410    -29.201307     -9.045006      5.350000 
   223.849421    -29.183163     -9.094174      5.780000 
   223.849433    -29.165010     -9.143341      6.050000 
   223.849444    -29.146852     -9.192506      5.600000 
   223.849456    -29.128689     -9.241670      5.390000 
   223.849468    -29.110518     -9.290832      5.530000 
   223.849479    -29.092340     -9.339992      5.820000 
   223.849491    -29.074160     -9.389151      5.670000 
   223.849502    -29.055970     -9.438309      5.820000 
   223.849514    -29.037775     -9.487464      5.760000 
   223.849525    -29.019573     -9.536619      6.430000 
   223.849537    -29.001366     -9.585771      6.050000 
   223.849549    -28.983150     -9.634922      6.380000 
   223.849560    -28.964930     -9.684072      6.770001 
   223.849572    -28.946703     -9.733219      5.700000 
   223.849583    -28.928469     -9.782365      5.850000 
   223.849595    -28.910229     -9.831510      6.170000 
   223.849606    -28.891981     -9.880653      5.710000 
   223.849618    -28.873728     -9.929794      5.720000 
   223.849630    -28.855469     -9.978933      5.990000 
   223.849641    -28.837200    -10.028071      5.740000 
   223.849653    -28.818928    -10.077207      6.270001 
   223.849664    -28.800648    -10.126341      5.340000 
   223.849676    -28.782360    -10.175474      6.030000 
   223.849688    -28.764067    -10.224605      5.980001 
   223.849699    -28.745766    -10.273734      5.940000 
   223.849711    -28.727457    -10.322862      5.510000 
   223.849722    -28.709143    -10.371987      5.430000 
   223.849734    -28.690820    -10.421111      5.350000 
   223.849745    -28.672491    -10.470234      5.250000 
   223.849757    -28.654156    -10.519354      5.590000 
   223.849769    -28.635813    -10.568473      4.950000 
   223.849780    -28.617462    -10.617590      5.420000 
   223.849792    -28.599106    -10.666705      5.150000 
   223.849803    -28.580740    -10.715818      5.190000 
   223.849815    -28.562368    -10.764929      5.070000 
   223.849826    -28.543990    -10.814039      5.250000 
   223.849838    -28.525602    -10.863147      5.110000 
   223.849850    -28.507210    -10.912253      4.810000 
   223.849861    -28.488810    -10.961357      5.140000 
   223.849873    -28.470400    -11.010459      5.860000 
   223.849884    -28.451984    -11.059560      5.480001 
   223.849896    -28.433561    -11.108658      5.040000 
   223.849907    -28.415130    -11.157755      5.120000 
   223.849919    -28.396692    -11.206850      5.050000 
   223.849931    -28.378246    -11.255942      5.170000 
   223.849942    -28.359793    -11.305033      4.770001 
   223.849954    -28.341331    -11.354122      4.580000 
   223.849965    -28.322863    -11.403209      4.830000 
   223.849977    -28.304384    -11.452295      4.510000 
   223.849988    -28.285900    -11.501378      4.140000 
   223.850000    -28.267408    -11.550459      4.880000 
   223.850012    -28.248907    -11.599538      4.890000 
   223.850023    -28.230398    -11.648616      4.460000 
   223.850035    -28.211884    -11.697691      4.540000 
   223.850046    -28.193360    -11.746764      4.770001 
   223.850058    -28.174828    -11.795835      5.130000 
   223.850069    -28.156286    -11.844905      4.890000 
   223.850081    -28.137740    -11.893972      4.900000 
   223.850093    -28.119183    -11.943037      4.770001 
   223.850104    -28.100618    -11.992100      4.840000 
   227.300775    -31.777515    -11.996412      8.350000 
   227.300787    -31.758957    -11.947358      7.630001 
   227.300799    -31.740408    -11.898302      7.790000 
   227.300810    -31.721865    -11.849244      7.500000 
   227.300822    -31.703330    -11.800184      7.890000 
   227.300833    -31.684803    -11.751122      6.570000 
   227.300845    -31.666285    -11.702058      6.980001 
   227.300856    -31.647774    -11.652992      6.700000 
   227.300868    -31.629272    -11.603924      7.170001 
   227.300880    -31.610777    -11.554854      6.810000 
   227.300891    -31.592290    -11.505783      6.970000 
   227.300903    -31.573810    -11.456709      6.820000 
   227.300914    -31.555340    -11.407633      7.590000 
   227.300926    -31.536877    -11.358555      7.320000 
   227.300937    -31.518421    -11.309476      7.690001 
   227.300949    -31.499973    -11.260394      7.600000 
   227.300961    -31.481531    -11.211311      8.270000 
   227.300972    -31.463100    -11.162225      8.160001 
   227.300984    -31.444674    -11.113138      7.960000 
   227.300995    -31.426256    -11.064049      7.920001 
   227.301007    -31.407846    -11.014958      8.450001 
   227.301019    -31.389442    -10.965865      8.430000 
   227.301030    -31.371048    -10.916770      8.660001 
   227.301042    -31.352660    -10.867673      8.240001 
   227.301053    -31.334278    -10.818575      8.550000 
   227.301065    -31.315907    -10.769475      8.120001 
   227.301076    -31.297540    -10.720373      8.090000 
   227.301088    -31.279180    -10.671269      8.370001 
   227.301100    -31.260830    -10.622163      8.280001 
   227.301111    -31.242485    -10.573055      8.210000 
   227.301123    -31.224148    -10.523946      8.410001 
   227.301134    -31.205816    -10.474835      8.640000 
   227.301146    -31.187494    -10.425722      8.450001 
   227.301157    -31.169178    -10.376608      8.770000 
   227.301169    -31.150867    -10.327491      8.310000 
   227.301181    -31.132566    -10.278373      8.120001 
   227.301192    -31.114271    -10.229253      8.900001 
   227.301204    -31.095982    -10.180132      8.160001 
   227.301215    -31.077702    -10.131009      8.140000 
   227.301227    -31.059425    -10.081884      9.540001 
   227.301238    -31.041159    -10.032757      8.530001 
   227.301250    -31.022896     -9.983629      8.660001 
   227.301262    -31.004642     -9.934499      9.120001 
   227.301273    -30.986395     -9.885367      9.020000 
   227.301285    -30.968153     -9.836234      8.950001 
   227.301296    -30.949919     -9.787098      9.290001 
   227.301308    -30.931690     -9.737962      9.360001 
   227.301319    -30.913467     -9.688824      8.910001 
   227.301331    -30.895252     -9.639684      8.690001 
   227.301343    -30.877045     -9.590542      9.240001 
   227.301354    -30.858843     -9.541399      9.230000 
   227.301366    -30.840647     -9.492254      9.340000 
   227.301377    -30.822456     -9.443108      8.590000 
   227.301389    -30.804274     -9.393960      9.360001 
   227.301400    -30.786097     -9.344810      8.860001 
   227.301412    -30.767925     -9.295659      8.800000 
   227.301424    -30.749762     -9.246507      9.250000 
   227.301435    -30.731602     -9.197352      8.770000 
   227.301447    -30.713450     -9.148197      8.750000 
   227.301458    -30.695305     -9.099039      9.080001 
   227.301470    -30.677164     -9.049881      8.960000 
   227.301481    -30.659030     -9.000720      9.750000 
   227.301493    -30.640902     -8.951559      9.390000 
   227.301505    -30.622780     -8.902395      9.560000 
   227.301516    -30.604664     -8.853230      9.920000 
   227.301528    -30.586554     -8.804064      8.640000 
   227.301539    -30.568449     -8.754896      9.490001 
   227.301551    -30.550350     -8.705727      9.900001 
   227.301562    -30.532257     -8.656557      8.970000 
   227.301574    -30.514172     -8.607385      9.140000 
   227.301586    -30.496090     -8.558211      9.210000 
   227.301597    -30.478014     -8.509036      8.890000 
   227.301609    -30.459944     -8.459860      9.720000 
   227.301620    -30.441880     -8.410682      9.600000 
   227.301632    -30.423820     -8.361503      9.790001 
   227.301644    -30.405767     -8.312322      9.630000 
   227.301655    -30.387720     -8.263140      8.760000 
   227.301667    -30.369677     -8.213957     10.020000 
   227.301678    -30.351640     -8.164772     10.100000 
   227.301690    -30.333609     -8.115586      9.030001 
   227.301701    -30.315582     -8.066398      9.060000 
   227.301713    -30.297564     -8.017209      8.530001 
   231.261944    -30.013428    -11.957834      6.470000 
   231.261956    -29.994877    -11.908779      6.390000 
   231.261968    -29.976332    -11.859722      6.550000 
   231.261979    -29.957794    -11.810662      6.640000 
   231.261991    -29.939266    -11.761601      6.550000 
   231.262002    -29.920746    -11.712538      6.340000 
   231.262014    -29.902233    -11.663473      6.970000 
   231.262025    -29.883730    -11.614406      6.960000 
   231.262037    -29.865232    -11.565337      7.420001 
   231.262049    -29.846745    -11.516266      7.290000 
   231.262060    -29.828264    -11.467193      6.750000 
   231.262072    -29.809792    -11.418118      7.140000 
   231.262083    -29.791327    -11.369041      7.180000 
   231.262095    -29.772867    -11.319963      7.330000 
   231.262106    -29.754417    -11.270882      7.020001 
   231.262118    -29.735975    -11.221799      6.270001 
   231.262130    -29.717543    -11.172715      6.490000 
   231.262141    -29.699116    -11.123628      7.130000 
   231.262153    -29.680695    -11.074540      7.750000 
   231.262164    -29.662283    -11.025450      7.350000 
   231.262176    -29.643879    -10.976358      7.820000 
   231.262188    -29.625483    -10.927264      7.850000 
   231.262199    -29.607092    -10.878168      7.770001 
   231.262211    -29.588709    -10.829071      8.000000 
   231.262222    -29.570333    -10.779971      7.500000 
   231.262234    -29.551968    -10.730870      7.970000 
   231.262245    -29.533606    -10.681767      8.100000 
   231.262257    -29.515253    -10.632662      7.920001 
   231.262269    -29.496906    -10.583555      8.310000 
   231.262280    -29.478567    -10.534447      8.250000 
   231.262292    -29.460236    -10.485337      8.190001 
   231.262303    -29.441912    -10.436225      8.310000 
   231.262315    -29.423594    -10.387111      7.620000 
   231.262326    -29.405281    -10.337995      8.270000 
   231.262338    -29.386978    -10.288878      8.110001 
   231.262350    -29.368683    -10.239759      8.190001 
   231.262361    -29.350391    -10.190638      8.180000 
   231.262373    -29.332108    -10.141516      8.060000 
   231.262384    -29.313831    -10.092392      8.040000 
   231.262396    -29.295563    -10.043266      7.790000 
   231.262407    -29.277300     -9.994138      7.970000 
   231.262419    -29.259043     -9.945009      7.910000 
   231.262431    -29.240793     -9.895878      8.340000 
   231.262442    -29.222551     -9.846746      8.370001 
   231.262454    -29.204315     -9.797612      8.140000 
   231.262465    -29.186085     -9.748476      8.210000 
   231.262477    -29.167862     -9.699338      7.660000 
   231.262488    -29.149645     -9.650199      7.750000 
   231.262500    -29.131435     -9.601058      8.320001 
   231.262512    -29.113232     -9.551916      7.920001 
   231.262523    -29.095034     -9.502772      8.260000 
   231.262535    -29.076843     -9.453627      8.190001 
   231.262546    -29.058659     -9.404479      8.190001 
   231.262558    -29.040480     -9.355331      8.260000 
   231.262569    -29.022306     -9.306180      7.890000 
   231.262581    -29.004143     -9.257029      7.800000 
   231.262593    -28.985983     -9.207875      8.230000 
   231.262604    -28.967829     -9.158720      8.200001 
   231.262616    -28.949680     -9.109564      8.000000 
   231.262627    -28.931540     -9.060406      7.770001 
   231.262639    -28.913404     -9.011246      8.810000 
   231.262650    -28.895273     -8.962085      8.750000 
   231.262662    -28.877151     -8.912923      8.580001 
   231.262674    -28.859034     -8.863759      7.880001 
   231.262685    -28.840921     -8.814593      8.120001 
   231.262697    -28.822817     -8.765426      8.260000 
   231.262708    -28.804716     -8.716258      8.320001 
   231.262720    -28.786621     -8.667088      7.810000 
   231.262731    -28.768534     -8.617917      8.660001 
   231.262743    -28.750450     -8.568744      8.130000 
   231.262755    -28.732374     -8.519570      7.960000 
   231.262766    -28.714302     -8.470394      8.880000 
   231.262778    -28.696238     -8.421217      7.830000 
   231.262789    -28.678177     -8.372039      8.540000 
   231.262801    -28.660124     -8.322859      8.700001 
   231.262813    -28.642075     -8.273677      8.260000 
   231.262824    -28.624030     -8.224495      7.070000 
   231.262836    -28.605991     -8.175311      7.920001 
   231.262847    -28.587960     -8.126125      6.630000 
   231.262859    -28.569933     -8.076939      7.960000 
   231.262870    -28.551910     -8.027751      7.130000 
   232.781644    -31.996521     -9.908465     10.330001 
   232.781655    -31.978264     -9.957606     10.360001 
   232.781667    -31.960001    -10.006745      9.950001 
   232.781678    -31.941730    -10.055883     10.100000 
   232.781690    -31.923454    -10.105018     10.420000 
   232.781701    -31.905170    -10.154152     11.060000 
   232.781713    -31.886879    -10.203285     10.240001 
   232.781725    -31.868582    -10.252415     10.140000 
   232.781736    -31.850277    -10.301544      9.590000 
   232.781748    -31.831966    -10.350671     10.220000 
   232.781759    -31.813648    -10.399797     10.300000 
   232.781771    -31.795322    -10.448920      9.580001 
   232.781782    -31.776990    -10.498042      9.770000 
   232.781794    -31.758652    -10.547162      9.980000 
   232.781806    -31.740305    -10.596281     10.220000 
   232.781817    -31.721950    -10.645397      9.680000 
   232.781829    -31.703590    -10.694512      9.780001 
   232.781840    -31.685223    -10.743625     10.070001 
   232.781852    -31.666847    -10.792736      9.870001 
   232.781863    -31.648464    -10.841845     10.820001 
   232.781875    -31.630075    -10.890953     10.370001 
   232.781887    -31.611677    -10.940058     10.710000 
   232.781898    -31.593273    -10.989162     11.010000 
   232.781910    -31.574862    -11.038264     10.710000 
   232.781921    -31.556440    -11.087364     10.600000 
   232.781933    -31.538013    -11.136462     10.240001 
   232.781944    -31.519579    -11.185558     10.840000 
   232.781956    -31.501137    -11.234652     10.330001 
   232.781968    -31.482687    -11.283745     10.620001 
   232.781979    -31.464230    -11.332835     10.710000 
   232.781991    -31.445765    -11.381924     10.360001 
   232.782002    -31.427292    -11.431010     10.160001 
   232.782014    -31.408812    -11.480095     10.000000 
   232.782025    -31.390324    -11.529178      9.610001 
   232.782037    -31.371826    -11.578258      9.740001 
   232.782049    -31.353321    -11.627337      9.830001 
   232.782060    -31.334810    -11.676414      9.560000 
   232.782072    -31.316290    -11.725489      9.510000 
   232.782083    -31.297762    -11.774562      9.650001 
   232.782095    -31.279226    -11.823632      9.450001 
   232.782106    -31.260681    -11.872701      9.540001 
   232.782118    -31.242130    -11.921768      9.630000 
   232.782130    -31.223570    -11.970833      9.430000 
   235.223113    -28.268800    -11.960781      9.030001 
   235.223125    -28.250250    -11.911726      9.570001 
   235.223137    -28.231705    -11.862669      9.420000 
   235.223148    -28.213170    -11.813610      9.140000 
   235.223160    -28.194641    -11.764548      9.360001 
   235.223171    -28.176123    -11.715485      9.570001 
   235.223183    -28.157610    -11.666420      8.950001 
   235.223194    -28.139107    -11.617353      9.020000 
   235.223206    -28.120610    -11.568284      9.530001 
   235.223218    -28.102121    -11.519213      9.400001 
   235.223229    -28.083641    -11.470140      9.670000 
   235.223241    -28.065168    -11.421065      9.560000 
   235.223252    -28.046705    -11.371988      9.390000 
   235.223264    -28.028248    -11.322909      9.790001 
   235.223275    -28.009798    -11.273829      9.430000 
   236.742373    -30.940828     -8.036965      7.460000 
   236.742384    -30.922800     -8.086165      7.410000 
   236.742396    -30.904768     -8.135363      8.290000 
   236.742407    -30.886730     -8.184559      7.920001 
   236.742419    -30.868687     -8.233754      7.710000 
   236.742431    -30.850637     -8.282948      8.190001 
   236.742442    -30.832582     -8.332141      8.350000 
   236.742454    -30.814524     -8.381332      8.220000 
   236.742465    -30.796457     -8.430521      7.620000 
   236.742477    -30.778385     -8.479709      6.710000 
   236.742488    -30.760310     -8.528896      8.070001 
   236.742500    -30.742228     -8.578082      7.940001 
   236.742512    -30.724138     -8.627266      7.630001 
   236.742523    -30.706045     -8.676448      7.890000 
   236.742535    -30.687944     -8.725629      7.490000 
   236.742546    -30.669840     -8.774809      7.400001 
   236.742558    -30.651728     -8.823987      6.960000 
   236.742569    -30.633612     -8.873163      6.790000 
   236.742581    -30.615488     -8.922339      7.170001 
   236.742593    -30.597359     -8.971512      7.080000 
   236.742604    -30.579224     -9.020684      7.250000 
   236.742616    -30.561083     -9.069855      7.270001 
   236.742627    -30.542934     -9.119024      7.030000 
   236.742639    -30.524782     -9.168192      7.430000 
   236.742650    -30.506622     -9.217358      7.370000 
   236.742662    -30.488457     -9.266522      7.680000 
   236.742674    -30.470285     -9.315685      7.820000 
   236.742685    -30.452108     -9.364847      7.000000 
   236.742697    -30.433924     -9.414007      7.500000 
   236.742708    -30.415733     -9.463165      8.200001 
   236.742720    -30.397535     -9.512321      7.400001 
   236.742731    -30.379333     -9.561476      7.090000 
   236.742743    -30.361124     -9.610630      7.290000 
   236.742755    -30.342909     -9.659782      7.840000 
   236.742766    -30.324684     -9.708932      7.870000 
   236.742778    -30.306456     -9.758080      8.490001 
   236.742789    -30.288221     -9.807227      7.870000 
   236.742801    -30.269980     -9.856373      7.850000 
   236.742812    -30.251730     -9.905516      7.400001 
   236.742824    -30.233475     -9.954658      7.570000 
   236.742836    -30.215214    -10.003798      8.230000 
   236.742847    -30.196943    -10.052937      8.330000 
   236.742859    -30.178669    -10.102074      7.630001 
   236.742870    -30.160387    -10.151209      7.740000 
   236.742882    -30.142097    -10.200342      8.340000 
   236.742894    -30.123802    -10.249474      8.230000 
   236.742905    -30.105500    -10.298604      8.410001 
   236.742917    -30.087189    -10.347732      7.500000 
   236.742928    -30.068872    -10.396859      8.460000 
   236.742940    -30.050549    -10.445984      8.290000 
   236.742951    -30.032219    -10.495107      7.900001 
   236.742963    -30.013880    -10.544228      8.060000 
   236.742975    -29.995535    -10.593347      7.690001 
   236.742986    -29.977182    -10.642465      7.480001 
   236.742998    -29.958824    -10.691581      7.990000 
   236.743009    -29.940456    -10.740695      8.220000 
   236.743021    -29.922083    -10.789807      7.110000 
   236.743032    -29.903702    -10.838918      7.960000 
   236.743044    -29.885315    -10.888026      7.540000 
   236.743056    -29.866919    -10.937133      7.780000 
   236.743067    -29.848515    -10.986238      8.320001 
   236.743079    -29.830105    -11.035341      7.700000 
   236.743090    -29.811687    -11.084442      7.550000 
   236.743102    -29.793260    -11.133541      6.980001 
   236.743113    -29.774828    -11.182638      7.470000 
   236.743125    -29.756388    -11.231734      7.100000 
   236.743137    -29.737940    -11.280827      6.800000 
   236.743148    -29.719482    -11.329919      8.390000 
   236.743160    -29.701020    -11.379009      8.540000 
   236.743171    -29.682549    -11.428096      6.470000 
   236.743183    -29.664068    -11.477182      7.930000 
   236.743194    -29.645582    -11.526266      8.550000 
   236.743206    -29.627087    -11.575348      8.570001 
   236.743218    -29.608585    -11.624428      9.200001 
   236.743229    -29.590075    -11.673506      8.520000 
   236.743241    -29.571556    -11.722582      8.540000 
   236.743252    -29.553028    -11.771656      9.030001 
   236.743264    -29.534494    -11.820728      8.740001 
   236.743275    -29.515951    -11.869798     10.060000 
   236.743287    -29.497402    -11.918866     10.360001 
   236.743299    -29.478844    -11.967931      9.790001 
   240.194711    -31.998419     -8.916136      9.840000 
   240.194722    -31.980303     -8.866972      9.440001 
   240.194734    -31.962193     -8.817806      8.660001 
   240.194745    -31.944090     -8.768639      9.240001 
   240.194757    -31.925991     -8.719470      9.540001 
   240.194769    -31.907900     -8.670300      9.590000 
   240.194780    -31.889812     -8.621129      8.750000 
   240.194792    -31.871730     -8.571956      9.580001 
   240.194803    -31.853657     -8.522781      9.550000 
   240.194815    -31.835587     -8.473606     10.250001 
   240.194826    -31.817522     -8.424428      8.990001 
   240.194838    -31.799463     -8.375250      8.820001 
   240.194850    -31.781412     -8.326070      9.010000 
   240.194861    -31.763365     -8.276888      8.820001 
   240.194873    -31.745323     -8.227705      8.710000 
   240.194884    -31.727287     -8.178521      9.130000 
   240.194896    -31.709255     -8.129336      9.370001 
   240.194907    -31.691230     -8.080149      9.100000 
   240.194919    -31.673210     -8.030961      8.340000 
   240.703542    -29.194654     -8.033417      5.370000 
   240.703553    -29.176628     -8.082617      5.170000 
   240.703565    -29.158596     -8.131815      5.010000 
   240.703576    -29.140558     -8.181013      5.220000 
   240.703588    -29.122517     -8.230209      6.120000 
   240.703600    -29.104467     -8.279403      5.880000 
   240.703611    -29.086414     -8.328596      5.960000 
   240.703623    -29.068356     -8.377788      6.220000 
   240.703634    -29.050290     -8.426979      5.630000 
   240.703646    -29.032220     -8.476167      6.670001 
   240.703657    -29.014145     -8.525355      6.990000 
   240.703669    -28.996063     -8.574541      6.590000 
   240.703681    -28.977976     -8.623726      6.570000 
   240.703692    -28.959883     -8.672909      7.060000 
   240.703704    -28.941784     -8.722091      7.520001 
   240.703715    -28.923680     -8.771271      8.220000 
   240.703727    -28.905567     -8.820450      7.360000 
   240.703738    -28.887451     -8.869627      6.470000 
   240.703750    -28.869330     -8.918803      7.900001 
   240.703762    -28.851202     -8.967978      7.390000 
   240.703773    -28.833067     -9.017151      7.970000 
   240.703785    -28.814926     -9.066322      7.550000 
   240.703796    -28.796782     -9.115492      9.580001 
   240.703808    -28.778630     -9.164660     10.040001 
   240.703819    -28.760470     -9.213827      8.520000 
   240.703831    -28.742306     -9.262992      8.380000 
   240.703843    -28.724134     -9.312156      8.030001 
   240.703854    -28.705957     -9.361318      7.820000 
   240.703866    -28.687775     -9.410479      8.510000 
   240.703877    -28.669584     -9.459638      9.120001 
   240.703889    -28.651390     -9.508795      7.870000 
   240.703900    -28.633186     -9.557951      8.550000 
   240.703912    -28.614979     -9.607105      9.760000 
   240.703924    -28.596764     -9.656258      9.750000 
   240.703935    -28.578543     -9.705409      9.280001 
   240.703947    -28.560314     -9.754558      8.860001 
   240.703958    -28.542080     -9.803706      9.120001 
   240.703970    -28.523840     -9.852852      8.980000 
   240.703981    -28.505590     -9.901996      9.020000 
   240.703993    -28.487337     -9.951139      8.870001 
   240.704005    -28.469076    -10.000280      9.390000 
   240.704016    -28.450808    -10.049419      9.560000 
   240.704028    -28.432533    -10.098557      9.460000 
   240.704039    -28.414251    -10.147693      9.260000 
   240.704051    -28.395964    -10.196827      9.810000 
   240.704063    -28.377668    -10.245960      9.370001 
   240.704074    -28.359367    -10.295090      9.390000 
   240.704086    -28.341059    -10.344219     10.070001 
   240.704097    -28.322742    -10.393347      9.650001 
   240.704109    -28.304420    -10.442472      9.480000 
   240.704120    -28.286090    -10.491596      9.540001 
   240.704132    -28.267754    -10.540718      9.310000 
   240.704144    -28.249409    -10.589838      9.710000 
   240.704155    -28.231058    -10.638957      9.490001 
   240.704167    -28.212700    -10.688073      9.310000 
   240.704178    -28.194336    -10.737188      9.330001 
   240.704190    -28.175962    -10.786301     10.170000 
   240.704201    -28.157581    -10.835412      9.320001 
   240.704213    -28.139194    -10.884522      9.210000 
   240.704225    -28.120800    -10.933629      8.930000 
   240.704236    -28.102398    -10.982735      9.450001 
   240.704248    -28.083988    -11.031839      9.230000 
   240.704259    -28.065570    -11.080941      9.780001 
   240.704271    -28.047148    -11.130041     10.020000 
   240.704282    -28.028715    -11.179139      9.890000 
   240.704294    -28.010275    -11.228235     10.010000 
   244.155162    -31.387148    -11.960618     10.150001 
   244.155174    -31.368597    -11.911563     10.470000 
   244.155185    -31.350054    -11.862506     10.250001 
   244.155197    -31.331520    -11.813447      9.750000 
   244.155208    -31.312992    -11.764385     10.270000 
   244.155220    -31.294474    -11.715322     10.150001 
   244.155231    -31.275965    -11.666257     10.230000 
   244.155243    -31.257462    -11.617190     10.070001 
   244.155255    -31.238966    -11.568120      9.810000 
   244.155266    -31.220478    -11.519049      9.480000 
   244.155278    -31.202000    -11.469976      9.280001 
   244.155289    -31.183529    -11.420901      8.110001 
   244.155301    -31.165066    -11.371824      9.840000 
   244.155312    -31.146610    -11.322745     10.250001 
   244.155324    -31.128162    -11.273664      9.960000 
   244.155336    -31.109720    -11.224581      9.740001 
   244.155347    -31.091288    -11.175497      9.070001 
   244.155359    -31.072863    -11.126410      9.340000 
   244.155370    -31.054445    -11.077322      9.660001 
   244.155382    -31.036036    -11.028231      9.370001 
   244.155394    -31.017632    -10.979139      9.310000 
   244.155405    -30.999235    -10.930045      9.040000 
   244.155417    -30.980848    -10.880949      9.180000 
   244.155428    -30.962467    -10.831851     10.090000 
   244.155440    -30.944094    -10.782752      9.620001 
   244.155451    -30.925728    -10.733650      9.070001 
   244.155463    -30.907370    -10.684547      9.060000 
   244.155475    -30.889017    -10.635442     10.130000 
   244.155486    -30.870674    -10.586335     10.900001 
   244.155498    -30.852337    -10.537227     11.600000 
   244.155509    -30.834005    -10.488116      9.820001 
   244.155521    -30.815683    -10.439004      8.710000 
   244.155532    -30.797367    -10.389890      9.390000 
   244.155544    -30.779058    -10.340774      8.890000 
   244.155556    -30.760756    -10.291657      9.450001 
   244.155567    -30.742460    -10.242538      9.570001 
   244.155579    -30.724173    -10.193417      9.350000 
   244.155590    -30.705890    -10.144294      9.460000 
   244.155602    -30.687616    -10.095170      9.060000 
   244.155613    -30.669348    -10.046044      9.340000 
   244.155625    -30.651087     -9.996916      9.770000 
   244.155637    -30.632832     -9.947787      9.360001 
   244.155648    -30.614586     -9.898656      9.840000 
   244.155660    -30.596344     -9.849523      9.880000 
   244.155671    -30.578110     -9.800389      9.930000 
   244.155683    -30.559881     -9.751253      9.150001 
   244.155694    -30.541660     -9.702115      9.440001 
   244.155706    -30.523445     -9.652976      8.300000 
   244.155718    -30.505236     -9.603835      9.050000 
   244.155729    -30.487034     -9.554693      8.780001 
   244.155741    -30.468840     -9.505548      9.090000 
   244.155752    -30.450650     -9.456403      9.830001 
   244.155764    -30.432467     -9.407255      9.280001 
   244.155775    -30.414290     -9.358107      9.860001 
   244.155787    -30.396118     -9.308956      9.550000 
   244.155799    -30.377954     -9.259804      9.940001 
   244.155810    -30.359797     -9.210651      9.520000 
   244.155822    -30.341644     -9.161496     10.420000 
   244.155833    -30.323500     -9.112339      9.140000 
   244.155845    -30.305360     -9.063181      8.680000 
   244.155856    -30.287226     -9.014021      9.520000 
   244.155868    -30.269098     -8.964860      9.370001 
   244.155880    -30.250977     -8.915697      8.840000 
   244.155891    -30.232860     -8.866533      8.510000 
   244.155903    -30.214750     -8.817367      9.450001 
   244.155914    -30.196648     -8.768200      9.860001 
   244.155926    -30.178549     -8.719032      9.150001 
   244.155937    -30.160458     -8.669862      9.140000 
   244.155949    -30.142370     -8.620690      8.760000 
   244.155961    -30.124289     -8.571517      9.450001 
   244.155972    -30.106215     -8.522343      9.620001 
   244.155984    -30.088144     -8.473167      9.230000 
   244.155995    -30.070082     -8.423990      9.180000 
   244.156007    -30.052023     -8.374811      9.520000 
   244.156019    -30.033970     -8.325631      9.140000 
   244.156030    -30.015923     -8.276450      8.990001 
   244.156042    -29.997880     -8.227267      8.730000 
   244.156053    -29.979843     -8.178083      8.530001 
   244.156065    -29.961815     -8.128898      8.280001 
   244.156076    -29.943789     -8.079711      8.950001 
   244.156088    -29.925768     -8.030523      8.710000 
