    28.316273    -20.145985     -8.009000           NaN 
    28.316285    -20.157024     -8.064999           NaN 
    28.316296    -20.170015     -8.128999           NaN 
    28.316308    -20.182016     -8.193000           NaN 
    28.316319    -20.195007     -8.255999           NaN 
    28.316331    -20.208000     -8.319999           NaN 
    28.316343    -20.219007     -8.382000           NaN 
    28.316354    -20.232992     -8.445000           NaN 
    28.316366    -20.246016     -8.509000           NaN 
    28.316377    -20.256992     -8.572000           NaN 
    28.316389    -20.271008     -8.636000           NaN 
    28.316400    -20.282017     -8.700000           NaN 
    28.316412    -20.296000     -8.763000           NaN 
    28.316424    -20.307009     -8.827000           NaN 
    28.316435    -20.320000     -8.889000           NaN 
    28.316447    -20.332993     -8.954000           NaN 
    28.316458    -20.344992     -9.016000           NaN 
    28.316470    -20.358015     -9.080000           NaN 
    28.316481    -20.371008     -9.143000           NaN 
    28.316493    -20.383007     -9.207000           NaN 
    28.316505    -20.396000     -9.271000           NaN 
    28.316516    -20.408993     -9.334000           NaN 
    28.316528    -20.420992     -9.398000           NaN 
    28.316539    -20.433985     -9.461000           NaN 
    28.316551    -20.444992     -9.523000           NaN 
    28.316562    -20.458977     -9.587000           NaN 
    28.316574    -20.472000     -9.650000           NaN 
    28.316586    -20.483007     -9.714000           NaN 
    28.316597    -20.497025     -9.778000           NaN 
    28.316609    -20.508000     -9.841000           NaN 
    28.316620    -20.520992     -9.905000           NaN 
    28.316632    -20.532000     -9.962000           NaN 
    28.316644    -20.545025    -10.018000           NaN 
    28.316655    -20.556000    -10.082000           NaN 
    28.316667    -20.570017    -10.146000           NaN 
    28.316678    -20.583008    -10.209000           NaN 
    28.316690    -20.593985    -10.273000           NaN 
    28.316701    -20.608000    -10.337000           NaN 
    28.316713    -20.620993    -10.400000           NaN 
    28.316725    -20.632000    -10.464000           NaN 
    28.316736    -20.645985    -10.527000           NaN 
    28.316748    -20.657024    -10.589000           NaN 
    28.316759    -20.670977    -10.653000           NaN 
    28.316771    -20.684000    -10.716000           NaN 
    28.316782    -20.695007    -10.780000           NaN 
    28.316794    -20.708992    -10.844000           NaN 
    28.316806    -20.721985    -10.907000           NaN 
    28.316817    -20.732992    -10.971000           NaN 
    28.316829    -20.747007    -11.035000           NaN 
    28.316840    -20.760000    -11.098000           NaN 
    28.316852    -20.771008    -11.160000           NaN 
    28.316863    -20.784992    -11.224000           NaN 
    28.316875    -20.798016    -11.287000           NaN 
    28.316887    -20.809984    -11.351000           NaN 
    28.316898    -20.823008    -11.414000           NaN 
    28.316910    -20.834976    -11.478000           NaN 
    28.316921    -20.848000    -11.542000           NaN 
    28.316933    -20.860992    -11.605000           NaN 
    28.316944    -20.872992    -11.669000           NaN 
    28.316956    -20.885023    -11.726000           NaN 
    28.316968    -20.896000    -11.782000           NaN 
    28.316979    -20.910015    -11.846000           NaN 
    28.316991    -20.920992    -11.910000           NaN 
    28.317002    -20.935007    -11.973000           NaN 
    33.822199    -20.002975    -10.134000           NaN 
    33.822211    -20.014015    -10.077000           NaN 
    33.822222    -20.024992    -10.018000           NaN 
    33.822234    -20.039007     -9.955000           NaN 
    33.822245    -20.049984     -9.891000           NaN 
    33.822257    -20.062977     -9.827000           NaN 
    33.822269    -20.076992     -9.763000           NaN 
    33.822280    -20.088000     -9.700000           NaN 
    33.822292    -20.101025     -9.636000           NaN 
    33.822303    -20.114977     -9.572000           NaN 
    33.822315    -20.128000     -9.507000           NaN 
    33.822326    -20.139008     -9.443000           NaN 
    33.822338    -20.153025     -9.379000           NaN 
    33.822350    -20.166016     -9.315000           NaN 
    33.822361    -20.176992     -9.259000           NaN 
    33.822373    -20.188000     -9.200000           NaN 
    33.822384    -20.200993     -9.136000           NaN 
    33.822396    -20.213024     -9.072000           NaN 
    33.822407    -20.226015     -9.009000           NaN 
    33.822419    -20.239008     -8.945000           NaN 
    33.822431    -20.251007     -8.881000           NaN 
    33.822442    -20.264000     -8.818000           NaN 
    33.822454    -20.276000     -8.754000           NaN 
    33.822465    -20.288992     -8.690000           NaN 
    33.822477    -20.302015     -8.625000           NaN 
    33.822488    -20.313984     -8.561000           NaN 
    33.822500    -20.327007     -8.497000           NaN 
    33.822512    -20.340000     -8.435000           NaN 
    33.822523    -20.351007     -8.377000           NaN 
    33.822535    -20.361984     -8.319999           NaN 
    33.822546    -20.375008     -8.255999           NaN 
    33.822558    -20.387009     -8.191000           NaN 
    33.822569    -20.400000     -8.127000           NaN 
    33.822581    -20.412992     -8.062999           NaN 
    34.320312    -21.687008     -8.024999           NaN 
    34.320324    -21.699009     -8.089000           NaN 
    34.320336    -21.712000     -8.152000           NaN 
    34.320347    -21.724993     -8.214000           NaN 
    34.320359    -21.736992     -8.278000           NaN 
    34.320370    -21.749985     -8.340999           NaN 
    34.320382    -21.760992     -8.405000           NaN 
    34.320394    -21.775007     -8.468000           NaN 
    34.320405    -21.786016     -8.532000           NaN 
    34.320417    -21.799007     -8.594000           NaN 
    34.320428    -21.812000     -8.657000           NaN 
    34.320440    -21.824000     -8.721000           NaN 
    34.320451    -21.836992     -8.785000           NaN 
    34.320463    -21.850016     -8.848000           NaN 
    34.320475    -21.861984     -8.912000           NaN 
    34.320486    -21.875008     -8.974000           NaN 
    34.320498    -21.885984     -9.037000           NaN 
    34.320509    -21.900000     -9.101000           NaN 
    34.320521    -21.911009     -9.164000           NaN 
    34.320532    -21.924000     -9.228000           NaN 
    34.320544    -21.937984     -9.292000           NaN 
    34.320556    -21.948992     -9.355000           NaN 
    34.320567    -21.962015     -9.419000           NaN 
    34.320579    -21.975008     -9.481000           NaN 
    34.320590    -21.987007     -9.544000           NaN 
    39.826933    -21.548000    -11.973000           NaN 
    39.826944    -21.560000    -11.908000           NaN 
    39.826956    -21.572992    -11.844000           NaN 
    39.826968    -21.584991    -11.780000           NaN 
    39.826979    -21.597984    -11.716000           NaN 
    39.826991    -21.612000    -11.653000           NaN 
    39.827002    -21.624992    -11.589000           NaN 
    39.827014    -21.636000    -11.525000           NaN 
    39.827025    -21.648993    -11.466000           NaN 
    39.827037    -21.660000    -11.410000           NaN 
    39.827049    -21.672993    -11.346000           NaN 
    39.827060    -21.684992    -11.282000           NaN 
    39.827072    -21.697985    -11.218000           NaN 
    39.827083    -21.712000    -11.153000           NaN 
    39.827095    -21.724993    -11.089000           NaN 
    39.827106    -21.736992    -11.025000           NaN 
    39.827118    -21.749985    -10.962000           NaN 
    39.827130    -21.761984    -10.898000           NaN 
    39.827141    -21.775007    -10.832000           NaN 
    39.827153    -21.786016    -10.775000           NaN 
    39.827164    -21.799007    -10.718000           NaN 
    39.827176    -21.809984    -10.653000           NaN 
    39.827187    -21.823008    -10.589000           NaN 
    39.827199    -21.836992    -10.525000           NaN 
    39.827211    -21.850016    -10.462000           NaN 
    39.827222    -21.861984    -10.398000           NaN 
    39.827234    -21.875008    -10.334000           NaN 
    39.827245    -21.887009    -10.271000           NaN 
    39.827257    -21.900000    -10.207000           NaN 
    39.827269    -21.912992    -10.143000           NaN 
    39.827280    -21.924992    -10.079000           NaN 
    39.827292    -21.937984    -10.014000           NaN 
    39.827303    -21.948992     -9.957000           NaN 
    39.827315    -21.962015     -9.900000           NaN 
    39.827326    -21.972992     -9.836000           NaN 
    39.827338    -21.987007     -9.771000           NaN 
    41.315451    -20.037985     -8.012999           NaN 
    41.315463    -20.049025     -8.076999           NaN 
    41.315475    -20.062977     -8.141000           NaN 
    41.315486    -20.074017     -8.205000           NaN 
    41.315498    -20.087008     -8.267999           NaN 
    41.315509    -20.100000     -8.332000           NaN 
    41.315521    -20.112000     -8.387999           NaN 
    41.315532    -20.122017     -8.447000           NaN 
    41.315544    -20.136000     -8.509000           NaN 
    41.315556    -20.147009     -8.573000           NaN 
    41.315567    -20.160000     -8.636000           NaN 
    41.315579    -20.172993     -8.700000           NaN 
    41.315590    -20.184992     -8.764000           NaN 
    41.315602    -20.197985     -8.827000           NaN 
    41.315613    -20.209984     -8.891000           NaN 
    41.315625    -20.222977     -8.955000           NaN 
    41.315637    -20.236000     -9.018000           NaN 
    41.315648    -20.248000     -9.082000           NaN 
    41.315660    -20.260992     -9.146000           NaN 
    41.315671    -20.273985     -9.209000           NaN 
    41.315683    -20.286016     -9.273000           NaN 
    41.315694    -20.299007     -9.337000           NaN 
    41.315706    -20.312000     -9.400000           NaN 
    41.315718    -20.324000     -9.464000           NaN 
    41.315729    -20.336992     -9.528000           NaN 
    41.315741    -20.348000     -9.584000           NaN 
    41.315752    -20.359009     -9.643000           NaN 
    41.315764    -20.372000     -9.707000           NaN 
    41.315775    -20.385023     -9.770000           NaN 
    41.315787    -20.396992     -9.834000           NaN 
    41.315799    -20.410015     -9.898000           NaN 
    41.315810    -20.423008     -9.961000           NaN 
    41.315822    -20.435007    -10.025000           NaN 
    41.315833    -20.448000    -10.089000           NaN 
    41.315845    -20.460000    -10.153000           NaN 
    41.315856    -20.472992    -10.216000           NaN 
    41.315868    -20.487007    -10.280000           NaN 
    41.315880    -20.497984    -10.344000           NaN 
    41.315891    -20.510977    -10.407000           NaN 
    41.315903    -20.524992    -10.471000           NaN 
    41.315914    -20.536000    -10.535000           NaN 
    41.315926    -20.549025    -10.598000           NaN 
    41.315937    -20.562016    -10.655000           NaN 
    41.315949    -20.572992    -10.712000           NaN 
    41.315961    -20.584991    -10.777000           NaN 
    41.315972    -20.597984    -10.841000           NaN 
    41.315984    -20.610975    -10.903000           NaN 
    41.315995    -20.622976    -10.968000           NaN 
    41.316007    -20.636000    -11.032000           NaN 
    41.316019    -20.648993    -11.094000           NaN 
    41.316030    -20.661024    -11.158000           NaN 
    41.316042    -20.674017    -11.223000           NaN 
    41.316053    -20.687008    -11.287000           NaN 
    41.316065    -20.699009    -11.349000           NaN 
    41.316076    -20.712000    -11.414000           NaN 
    41.316088    -20.726015    -11.478000           NaN 
    41.316100    -20.736992    -11.540000           NaN 
    41.316111    -20.749985    -11.605000           NaN 
    41.316123    -20.764000    -11.669000           NaN 
    41.316134    -20.776000    -11.731000           NaN 
    41.316146    -20.788000    -11.789000           NaN 
    41.316157    -20.799007    -11.846000           NaN 
    41.316169    -20.812000    -11.910000           NaN 
    41.316181    -20.824000    -11.974000           NaN 
    46.822315    -20.010015    -11.804000           NaN 
    46.822326    -20.022017    -11.740000           NaN 
    46.822338    -20.035007    -11.676000           NaN 
    46.822350    -20.048000    -11.612000           NaN 
    46.822361    -20.060000    -11.547000           NaN 
    46.822373    -20.072992    -11.483000           NaN 
    46.822384    -20.087008    -11.419000           NaN 
    46.822396    -20.097984    -11.363000           NaN 
    46.822407    -20.108992    -11.304000           NaN 
    46.822419    -20.122017    -11.240000           NaN 
    46.822431    -20.136000    -11.176000           NaN 
    46.822442    -20.147009    -11.113000           NaN 
    46.822454    -20.160000    -11.049000           NaN 
    46.822465    -20.174017    -10.985000           NaN 
    46.822477    -20.187008    -10.921000           NaN 
    46.822488    -20.197985    -10.858000           NaN 
    46.822500    -20.212000    -10.794000           NaN 
    46.822512    -20.224993    -10.730000           NaN 
    46.822523    -20.236992    -10.665000           NaN 
    46.822535    -20.249985    -10.601000           NaN 
    46.822546    -20.260992    -10.544000           NaN 
    46.822558    -20.272000    -10.487000           NaN 
    46.822569    -20.284992    -10.422000           NaN 
    46.822581    -20.299007    -10.358000           NaN 
    46.822593    -20.312000    -10.294000           NaN 
    46.822604    -20.323008    -10.230000           NaN 
    46.822616    -20.336992    -10.167000           NaN 
    46.822627    -20.350016    -10.103000           NaN 
    46.822639    -20.361984    -10.039000           NaN 
    46.822650    -20.375008     -9.976000           NaN 
    46.822662    -20.387009     -9.912000           NaN 
    46.822674    -20.400000     -9.848000           NaN 
    46.822685    -20.412992     -9.783000           NaN 
    46.822697    -20.424000     -9.726000           NaN 
    46.822708    -20.435007     -9.669000           NaN 
    46.822720    -20.448000     -9.605000           NaN 
    46.822731    -20.462015     -9.540000           NaN 
    46.822743    -20.472992     -9.476000           NaN 
    46.822755    -20.487007     -9.412000           NaN 
    46.822766    -20.500000     -9.348000           NaN 
    46.822778    -20.510977     -9.285000           NaN 
    46.822789    -20.524992     -9.221000           NaN 
    46.822801    -20.537985     -9.157000           NaN 
    46.822812    -20.549025     -9.094000           NaN 
    46.822824    -20.562977     -9.030000           NaN 
    46.822836    -20.576000     -8.966000           NaN 
    46.822847    -20.587008     -8.907000           NaN 
    46.822859    -20.597984     -8.851000           NaN 
    46.822870    -20.610975     -8.787000           NaN 
    46.822882    -20.622976     -8.723000           NaN 
    46.822894    -20.636000     -8.658000           NaN 
    46.822905    -20.648993     -8.594000           NaN 
    46.822917    -20.661024     -8.530000           NaN 
    46.822928    -20.674017     -8.468000           NaN 
    46.822940    -20.687008     -8.403000           NaN 
    46.822951    -20.697985     -8.339000           NaN 
    46.822963    -20.712000     -8.274999           NaN 
    46.822975    -20.724993     -8.212000           NaN 
    46.822986    -20.736992     -8.148000           NaN 
    46.822998    -20.749985     -8.083999           NaN 
    46.823009    -20.760992     -8.027000           NaN 
    52.827303    -21.872000    -11.940000           NaN 
    52.827315    -21.885984    -11.875000           NaN 
    52.827326    -21.898975    -11.811000           NaN 
    52.827338    -21.911009    -11.747000           NaN 
    52.827350    -21.924000    -11.685000           NaN 
    52.827361    -21.937023    -11.620000           NaN 
    52.827373    -21.948992    -11.556000           NaN 
    52.827384    -21.960000    -11.499000           NaN 
    52.827396    -21.972992    -11.441000           NaN 
    52.827407    -21.985985    -11.377000           NaN 
    52.827419    -21.997984    -11.313000           NaN 
    54.315602    -20.278976     -8.023000           NaN 
    54.315613    -20.292000     -8.087000           NaN 
    54.315625    -20.303007     -8.145000           NaN 
    54.315637    -20.313984     -8.201999           NaN 
    54.315648    -20.327007     -8.266000           NaN 
    54.315660    -20.340992     -8.329000           NaN 
    54.315671    -20.352000     -8.393000           NaN 
    54.315683    -20.364992     -8.455000           NaN 
    54.315694    -20.377983     -8.520000           NaN 
    54.315706    -20.390017     -8.584000           NaN 
    54.315718    -20.403008     -8.646000           NaN 
    54.315729    -20.416000     -8.711000           NaN 
    54.315741    -20.428000     -8.775000           NaN 
    54.315752    -20.441025     -8.837000           NaN 
    54.315764    -20.452991     -8.902000           NaN 
    54.315775    -20.466017     -8.964000           NaN 
    54.315787    -20.479008     -9.028000           NaN 
    54.315799    -20.491009     -9.093000           NaN 
    54.315810    -20.504000     -9.155000           NaN 
    54.315822    -20.516993     -9.219000           NaN 
    54.315833    -20.528000     -9.282000           NaN 
    54.315845    -20.541985     -9.346000           NaN 
    54.315856    -20.553024     -9.403000           NaN 
    54.315868    -20.564000     -9.462000           NaN 
    54.315880    -20.576992     -9.525000           NaN 
    54.315891    -20.589985     -9.589000           NaN 
    54.315903    -20.601984     -9.652000           NaN 
    54.315914    -20.614977     -9.716000           NaN 
    54.315926    -20.628000     -9.780000           NaN 
    54.315937    -20.640000     -9.843000           NaN 
    54.315949    -20.653025     -9.907000           NaN 
    54.315961    -20.666016     -9.969000           NaN 
    54.315972    -20.678017    -10.033000           NaN 
    54.315984    -20.691008    -10.098000           NaN 
    54.315995    -20.703009    -10.160000           NaN 
    54.316007    -20.716000    -10.224000           NaN 
    54.316019    -20.728992    -10.287000           NaN 
    54.316030    -20.740992    -10.351000           NaN 
    54.316042    -20.753984    -10.415000           NaN 
    54.316053    -20.767008    -10.478000           NaN 
    54.316065    -20.778976    -10.542000           NaN 
    54.316076    -20.792000    -10.606000           NaN 
    54.316088    -20.803007    -10.664000           NaN 
    54.316100    -20.813984    -10.721000           NaN 
    54.316111    -20.827007    -10.785000           NaN 
    54.316123    -20.840992    -10.848000           NaN 
    54.316134    -20.854015    -10.912000           NaN 
    54.316146    -20.864992    -10.976000           NaN 
    54.316157    -20.879007    -11.039000           NaN 
    54.316169    -20.892000    -11.103000           NaN 
    54.316181    -20.903008    -11.167000           NaN 
    54.316192    -20.916992    -11.230000           NaN 
    54.316204    -20.929983    -11.294000           NaN 
    54.316215    -20.941984    -11.358000           NaN 
    54.316227    -20.954975    -11.421000           NaN 
    54.316238    -20.967009    -11.485000           NaN 
    54.316250    -20.980000    -11.549000           NaN 
    54.316262    -20.993984    -11.613000           NaN 
    54.316273    -21.004992    -11.676000           NaN 
    54.316285    -21.018017    -11.733000           NaN 
    54.316296    -21.028000    -11.792000           NaN 
    54.316308    -21.041985    -11.855000           NaN 
    54.316319    -21.054976    -11.919000           NaN 
    54.316331    -21.066977    -11.983000           NaN 
    59.821678    -20.010977    -11.471000           NaN 
    59.821690    -20.024000    -11.407000           NaN 
    59.821701    -20.036000    -11.343000           NaN 
    59.821713    -20.049025    -11.278000           NaN 
    59.821725    -20.062016    -11.216000           NaN 
    59.821736    -20.074017    -11.152000           NaN 
    59.821748    -20.087008    -11.087000           NaN 
    59.821759    -20.101025    -11.023000           NaN 
    59.821771    -20.112000    -10.959000           NaN 
    59.821782    -20.124992    -10.903000           NaN 
    59.821794    -20.136000    -10.844000           NaN 
    59.821806    -20.148993    -10.780000           NaN 
    59.821817    -20.161024    -10.716000           NaN 
    59.821829    -20.174017    -10.653000           NaN 
    59.821840    -20.187008    -10.589000           NaN 
    59.821852    -20.199009    -10.525000           NaN 
    59.821863    -20.212000    -10.462000           NaN 
    59.821875    -20.224993    -10.398000           NaN 
    59.821887    -20.236992    -10.334000           NaN 
    59.821898    -20.249985    -10.270000           NaN 
    59.821910    -20.264000    -10.207000           NaN 
    59.821921    -20.275007    -10.143000           NaN 
    59.821933    -20.288992    -10.079000           NaN 
    59.821944    -20.299007    -10.021000           NaN 
    59.821956    -20.312000     -9.964000           NaN 
    59.821968    -20.323008     -9.900000           NaN 
    59.821979    -20.336992     -9.837000           NaN 
    59.821991    -20.350016     -9.773000           NaN 
    59.822002    -20.361984     -9.709000           NaN 
    59.822014    -20.375008     -9.645000           NaN 
    59.822025    -20.387009     -9.582000           NaN 
    59.822037    -20.400000     -9.518000           NaN 
    59.822049    -20.412992     -9.454000           NaN 
    59.822060    -20.424992     -9.389000           NaN 
    59.822072    -20.437984     -9.327000           NaN 
    59.822083    -20.450975     -9.263000           NaN 
    59.822095    -20.463009     -9.198000           NaN 
    59.822106    -20.476000     -9.134000           NaN 
    59.822118    -20.489023     -9.070000           NaN 
    59.822130    -20.500000     -9.013000           NaN 
    59.822141    -20.510977     -8.957000           NaN 
    59.822153    -20.524000     -8.893000           NaN 
    59.822164    -20.536000     -8.829000           NaN 
    59.822176    -20.549025     -8.764000           NaN 
    59.822187    -20.562016     -8.702000           NaN 
    59.822199    -20.574017     -8.638000           NaN 
    59.822211    -20.587008     -8.573000           NaN 
    59.822222    -20.600000     -8.509000           NaN 
    59.822234    -20.612000     -8.447000           NaN 
    59.822245    -20.624992     -8.382000           NaN 
    59.822257    -20.636992     -8.318000           NaN 
    59.822269    -20.649984     -8.253999           NaN 
    59.822280    -20.663008     -8.189999           NaN 
    59.822292    -20.674976     -8.127000           NaN 
    59.822303    -20.688000     -8.062999           NaN 
    59.822315    -20.699009     -8.005999           NaN 
    60.320058    -21.972992     -8.049000           NaN 
    60.320069    -21.985985     -8.113000           NaN 
    60.320081    -21.997025     -8.175999           NaN 
   210.307940    -20.000992     -9.553000           NaN 
   210.307951    -20.014015     -9.617000           NaN 
   210.307963    -20.026016     -9.681000           NaN 
   210.307975    -20.039007     -9.744000           NaN 
   210.307986    -20.053024     -9.808000           NaN 
   210.307998    -20.064000     -9.872000           NaN 
   210.308009    -20.076992     -9.936000           NaN 
   210.308021    -20.091007     -9.999000           NaN 
   210.308032    -20.101984    -10.063000           NaN 
   210.308044    -20.114977    -10.120000           NaN 
   210.308056    -20.124992    -10.179000           NaN 
   210.308067    -20.139008    -10.242000           NaN 
   210.308079    -20.151009    -10.306000           NaN 
   210.308090    -20.164000    -10.370000           NaN 
   210.308102    -20.176992    -10.433000           NaN 
   210.308113    -20.188992    -10.497000           NaN 
   210.308125    -20.201984    -10.561000           NaN 
   210.308137    -20.215008    -10.625000           NaN 
   210.308148    -20.226976    -10.690000           NaN 
   210.308160    -20.240000    -10.754000           NaN 
   210.308171    -20.252993    -10.816000           NaN 
   210.308183    -20.265024    -10.881000           NaN 
   210.308194    -20.278015    -10.945000           NaN 
   210.308206    -20.288992    -11.002000           NaN 
   210.308218    -20.302015    -11.060000           NaN 
   210.308229    -20.313984    -11.124000           NaN 
   210.308241    -20.327007    -11.188000           NaN 
   210.308252    -20.340000    -11.252000           NaN 
   210.308264    -20.352000    -11.315000           NaN 
   210.308275    -20.364992    -11.379000           NaN 
   210.308287    -20.377983    -11.443000           NaN 
   210.308299    -20.390017    -11.506000           NaN 
   210.308310    -20.403008    -11.570000           NaN 
   210.308322    -20.416992    -11.634000           NaN 
   210.308333    -20.429983    -11.698000           NaN 
   210.308345    -20.441025    -11.763000           NaN 
   210.308356    -20.454975    -11.825000           NaN 
   210.308368    -20.466017    -11.884000           NaN 
   210.308380    -20.476992    -11.940000           NaN 
   215.814699    -20.010977     -9.764000           NaN 
   215.814711    -20.022017     -9.700000           NaN 
   215.814722    -20.035007     -9.643000           NaN 
   215.814734    -20.045984     -9.586000           NaN 
   215.814745    -20.058975     -9.523000           NaN 
   215.814757    -20.070976     -9.459000           NaN 
   215.814769    -20.083967     -9.395000           NaN 
   215.814780    -20.096992     -9.332000           NaN 
   215.814792    -20.108000     -9.268000           NaN 
   215.814803    -20.122017     -9.204000           NaN 
   215.814815    -20.135008     -9.139000           NaN 
   215.814826    -20.145985     -9.077000           NaN 
   215.814838    -20.160000     -9.013000           NaN 
   215.814850    -20.172993     -8.948000           NaN 
   215.814861    -20.184992     -8.886000           NaN 
   215.814873    -20.197985     -8.822000           NaN 
   215.814884    -20.208992     -8.757000           NaN 
   215.814896    -20.222977     -8.693000           NaN 
   215.814907    -20.236000     -8.631000           NaN 
   215.814919    -20.247007     -8.572000           NaN 
   215.814931    -20.256992     -8.516000           NaN 
   215.814942    -20.271008     -8.452000           NaN 
   215.814954    -20.282017     -8.387999           NaN 
   215.814965    -20.296000     -8.325000           NaN 
   215.814977    -20.308992     -8.260999           NaN 
   215.814988    -20.320000     -8.196999           NaN 
   215.815000    -20.333984     -8.134000           NaN 
   215.815012    -20.344992     -8.069999           NaN 
   215.815023    -20.358015     -8.005999           NaN 
   216.312836    -21.649984     -8.012999           NaN 
   216.312847    -21.664000     -8.076999           NaN 
   216.312859    -21.674976     -8.141000           NaN 
   216.312870    -21.688000     -8.205000           NaN 
   216.312882    -21.701984     -8.267999           NaN 
   216.312894    -21.713024     -8.332000           NaN 
   216.312905    -21.726015     -8.396000           NaN 
   216.312917    -21.739008     -8.459000           NaN 
   216.312928    -21.751007     -8.523000           NaN 
   216.312940    -21.764000     -8.587000           NaN 
   216.312951    -21.776000     -8.652000           NaN 
   216.312963    -21.788992     -8.714000           NaN 
   216.312975    -21.802015     -8.778000           NaN 
   216.312986    -21.813984     -8.843000           NaN 
   216.312998    -21.825983     -8.900000           NaN 
   216.313009    -21.836992     -8.957000           NaN 
   216.313021    -21.850016     -9.021000           NaN 
   216.313032    -21.861984     -9.084000           NaN 
   216.313044    -21.875008     -9.148000           NaN 
   216.313056    -21.887009     -9.212000           NaN 
   216.313067    -21.900000     -9.275000           NaN 
   216.313079    -21.914017     -9.339000           NaN 
   216.313090    -21.924992     -9.403000           NaN 
   216.313102    -21.937984     -9.468000           NaN 
   216.313113    -21.952000     -9.532000           NaN 
   216.313125    -21.963009     -9.594000           NaN 
   216.313137    -21.976000     -9.658000           NaN 
   216.313148    -21.989985     -9.723000           NaN 
   221.819664    -21.591007    -11.976000           NaN 
   221.819676    -21.605024    -11.912000           NaN 
   221.819688    -21.618015    -11.848000           NaN 
   221.819699    -21.630016    -11.785000           NaN 
   221.819711    -21.643007    -11.721000           NaN 
   221.819722    -21.656000    -11.657000           NaN 
   221.819734    -21.668000    -11.594000           NaN 
   221.819745    -21.680992    -11.530000           NaN 
   221.819757    -21.695007    -11.466000           NaN 
   221.819769    -21.705984    -11.402000           NaN 
   221.819780    -21.719007    -11.344000           NaN 
   221.819792    -21.730017    -11.287000           NaN 
   221.819803    -21.743008    -11.223000           NaN 
   221.819815    -21.755009    -11.160000           NaN 
   221.819826    -21.768000    -11.096000           NaN 
   221.819838    -21.780993    -11.032000           NaN 
   221.819850    -21.792992    -10.969000           NaN 
   221.819861    -21.805984    -10.905000           NaN 
   221.819873    -21.819008    -10.841000           NaN 
   221.819884    -21.831009    -10.778000           NaN 
   221.819896    -21.844000    -10.714000           NaN 
   221.819907    -21.858015    -10.650000           NaN 
   221.819919    -21.868992    -10.586000           NaN 
   221.819931    -21.881985    -10.523000           NaN 
   221.819942    -21.896000    -10.459000           NaN 
   221.819954    -21.907007    -10.395000           NaN 
   221.819965    -21.920000    -10.337000           NaN 
   221.819977    -21.931007    -10.280000           NaN 
   221.819988    -21.944000    -10.216000           NaN 
   221.820000    -21.956000    -10.153000           NaN 
   221.820012    -21.968992    -10.089000           NaN 
   221.820023    -21.981983    -10.025000           NaN 
   221.820035    -21.993984     -9.961000           NaN 
   223.308125    -20.062977     -8.042000           NaN 
   223.308137    -20.076992     -8.106000           NaN 
   223.308148    -20.088000     -8.170999           NaN 
   223.308160    -20.101025     -8.233000           NaN 
   223.308171    -20.114016     -8.297000           NaN 
   223.308183    -20.124992     -8.354999           NaN 
   223.308194    -20.136000     -8.412000           NaN 
   223.308206    -20.149984     -8.476000           NaN 
   223.308218    -20.161024     -8.539000           NaN 
   223.308229    -20.174017     -8.603000           NaN 
   223.308241    -20.187008     -8.667000           NaN 
   223.308252    -20.199009     -8.731000           NaN 
   223.308264    -20.212000     -8.796000           NaN 
   223.308275    -20.224993     -8.858000           NaN 
   223.308287    -20.236992     -8.922000           NaN 
   223.308299    -20.249985     -8.987000           NaN 
   223.308310    -20.261984     -9.051000           NaN 
   223.308322    -20.275007     -9.113000           NaN 
   223.308333    -20.288000     -9.178000           NaN 
   223.308345    -20.300000     -9.242000           NaN 
   223.308356    -20.312992     -9.306000           NaN 
   223.308368    -20.324000     -9.363000           NaN 
   223.308380    -20.334976     -9.419000           NaN 
   223.308391    -20.348000     -9.483000           NaN 
   223.308403    -20.361984     -9.547000           NaN 
   223.308414    -20.372992     -9.612000           NaN 
   223.308426    -20.385984     -9.676000           NaN 
   223.308438    -20.400000     -9.738000           NaN 
   223.308449    -20.411009     -9.803000           NaN 
   223.308461    -20.424000     -9.867000           NaN 
   223.308472    -20.437984     -9.931000           NaN 
   223.308484    -20.448992     -9.994000           NaN 
   223.308495    -20.462015    -10.058000           NaN 
   223.308507    -20.476000    -10.122000           NaN 
   223.308519    -20.489023    -10.186000           NaN 
   223.308530    -20.500000    -10.244000           NaN 
   223.308542    -20.510977    -10.301000           NaN 
   223.308553    -20.524000    -10.365000           NaN 
   223.308565    -20.536000    -10.429000           NaN 
   223.308576    -20.549025    -10.492000           NaN 
   223.308588    -20.562016    -10.556000           NaN 
   223.308600    -20.574017    -10.620000           NaN 
   223.308611    -20.587008    -10.683000           NaN 
   223.308623    -20.601025    -10.747000           NaN 
   223.308634    -20.612000    -10.811000           NaN 
   223.308646    -20.624992    -10.875000           NaN 
   223.308657    -20.639008    -10.940000           NaN 
   223.308669    -20.649984    -11.004000           NaN 
   223.308681    -20.664000    -11.066000           NaN 
   223.308692    -20.674976    -11.124000           NaN 
   223.308704    -20.687008    -11.181000           NaN 
   223.308715    -20.699009    -11.245000           NaN 
   223.308727    -20.712000    -11.310000           NaN 
   223.308738    -20.724993    -11.374000           NaN 
   223.308750    -20.736992    -11.438000           NaN 
   223.308762    -20.749985    -11.502000           NaN 
   223.308773    -20.764000    -11.565000           NaN 
   223.308785    -20.776000    -11.629000           NaN 
   223.308796    -20.788992    -11.693000           NaN 
   223.308808    -20.802015    -11.756000           NaN 
   223.308819    -20.813984    -11.820000           NaN 
   223.308831    -20.827007    -11.884000           NaN 
   223.308843    -20.840992    -11.948000           NaN 
   228.814850    -20.000000    -11.707000           NaN 
   228.814861    -20.012000    -11.643000           NaN 
   228.814873    -20.024000    -11.586000           NaN 
   228.814884    -20.035007    -11.528000           NaN 
   228.814896    -20.048000    -11.464000           NaN 
   228.814907    -20.060000    -11.400000           NaN 
   228.814919    -20.072992    -11.337000           NaN 
   228.814931    -20.087008    -11.273000           NaN 
   228.814942    -20.097984    -11.209000           NaN 
   228.814954    -20.112000    -11.146000           NaN 
   228.814965    -20.124992    -11.082000           NaN 
   228.814977    -20.136992    -11.018000           NaN 
   228.814988    -20.149984    -10.954001           NaN 
   228.815000    -20.163008    -10.891000           NaN 
   228.815012    -20.174976    -10.827000           NaN 
   228.815023    -20.188000    -10.763000           NaN 
   228.815035    -20.200993    -10.698000           NaN 
   228.815046    -20.212000    -10.641000           NaN 
   228.815058    -20.222977    -10.584000           NaN 
   228.815069    -20.236992    -10.521000           NaN 
   228.815081    -20.249985    -10.457000           NaN 
   228.815093    -20.260992    -10.393000           NaN 
   228.815104    -20.275007    -10.329000           NaN 
   228.815116    -20.288000    -10.266000           NaN 
   228.815127    -20.299007    -10.202000           NaN 
   228.815139    -20.312992    -10.138000           NaN 
   228.815150    -20.325983    -10.073000           NaN 
   228.815162    -20.336992    -10.011000           NaN 
   228.815174    -20.351007     -9.947000           NaN 
   228.815185    -20.364000     -9.882000           NaN 
   228.815197    -20.375008     -9.818000           NaN 
   228.815208    -20.388992     -9.756000           NaN 
   228.815220    -20.400991     -9.691000           NaN 
   228.815231    -20.412992     -9.634000           NaN 
   228.815243    -20.424000     -9.577000           NaN 
   228.815255    -20.437023     -9.513000           NaN 
   228.815266    -20.448992     -9.450000           NaN 
   228.815278    -20.462015     -9.386000           NaN 
   228.815289    -20.475008     -9.322000           NaN 
   228.815301    -20.487007     -9.257000           NaN 
   228.815312    -20.500000     -9.195000           NaN 
   228.815324    -20.512000     -9.131000           NaN 
   228.815336    -20.524992     -9.066000           NaN 
   228.815347    -20.537985     -9.002000           NaN 
   228.815359    -20.549984     -8.940000           NaN 
   228.815370    -20.562977     -8.875000           NaN 
   228.815382    -20.576000     -8.811000           NaN 
   228.815394    -20.588000     -8.749000           NaN 
   228.815405    -20.601025     -8.685000           NaN 
   228.815417    -20.614016     -8.620000           NaN 
   228.815428    -20.624992     -8.563000           NaN 
   228.815440    -20.636000     -8.506000           NaN 
   228.815451    -20.648993     -8.443000           NaN 
   228.815463    -20.661024     -8.378999           NaN 
   228.815475    -20.674017     -8.314999           NaN 
   228.815486    -20.687008     -8.252000           NaN 
   228.815498    -20.697985     -8.187999           NaN 
   228.815509    -20.712000     -8.123999           NaN 
   228.815521    -20.724993     -8.060000           NaN 
   234.819884    -21.864992    -11.962000           NaN 
   234.819896    -21.879007    -11.898000           NaN 
   234.819907    -21.892000    -11.834000           NaN 
   234.819919    -21.904000    -11.771000           NaN 
   234.819931    -21.916000    -11.712000           NaN 
   234.819942    -21.928000    -11.655000           NaN 
   234.819954    -21.939009    -11.591000           NaN 
   234.819965    -21.952000    -11.528000           NaN 
   234.819977    -21.966017    -11.464000           NaN 
   234.819988    -21.979008    -11.400000           NaN 
   234.820000    -21.989985    -11.337000           NaN 
   236.308252    -20.299007     -8.024999           NaN 
   236.308264    -20.312992     -8.089000           NaN 
   236.308275    -20.324000     -8.153000           NaN 
   236.308287    -20.336992     -8.215999           NaN 
   236.308299    -20.348000     -8.273000           NaN 
   236.308310    -20.359009     -8.330000           NaN 
   236.308322    -20.372000     -8.395000           NaN 
   236.308333    -20.385984     -8.457000           NaN 
   236.308345    -20.396992     -8.521000           NaN 
   236.308356    -20.410015     -8.586000           NaN 
   236.308368    -20.423008     -8.650000           NaN 
   236.308380    -20.435007     -8.712000           NaN 
   236.308391    -20.448000     -8.777000           NaN 
   236.308403    -20.460000     -8.841000           NaN 
   236.308414    -20.472992     -8.903000           NaN 
   236.308426    -20.485985     -8.968000           NaN 
   236.308438    -20.497984     -9.032000           NaN 
   236.308449    -20.510977     -9.096000           NaN 
   236.308461    -20.524000     -9.158000           NaN 
   236.308472    -20.536000     -9.223000           NaN 
   236.308484    -20.549025     -9.287000           NaN 
   236.308495    -20.560000     -9.344000           NaN 
   236.308507    -20.570976     -9.400000           NaN 
   236.308519    -20.583967     -9.464000           NaN 
   236.308530    -20.596992     -9.528000           NaN 
   236.308542    -20.608992     -9.593000           NaN 
   236.308553    -20.622017     -9.655000           NaN 
   236.308565    -20.635008     -9.719000           NaN 
   236.308576    -20.647009     -9.783000           NaN 
   236.308588    -20.660000     -9.848000           NaN 
   236.308600    -20.672993     -9.910000           NaN 
   236.308611    -20.684992     -9.974000           NaN 
   236.308623    -20.697985    -10.039000           NaN 
   236.308634    -20.709984    -10.103000           NaN 
   236.308646    -20.722977    -10.167000           NaN 
   236.308657    -20.736992    -10.230000           NaN 
   236.308669    -20.749985    -10.294000           NaN 
   236.308681    -20.760992    -10.351000           NaN 
   236.308692    -20.771008    -10.408000           NaN 
   236.308704    -20.784992    -10.473000           NaN 
   236.308715    -20.798016    -10.535000           NaN 
   236.308727    -20.809984    -10.599000           NaN 
   236.308738    -20.823008    -10.664000           NaN 
   236.308750    -20.834976    -10.728000           NaN 
   236.308762    -20.848000    -10.790000           NaN 
   236.308773    -20.860992    -10.855000           NaN 
   236.308785    -20.872992    -10.919000           NaN 
   236.308796    -20.885984    -10.983000           NaN 
   236.308808    -20.900000    -11.046000           NaN 
   236.308819    -20.911009    -11.110000           NaN 
   236.308831    -20.924000    -11.174000           NaN 
   236.308843    -20.937984    -11.238000           NaN 
   236.308854    -20.948992    -11.301000           NaN 
   236.308866    -20.962015    -11.358000           NaN 
   236.308877    -20.972992    -11.415000           NaN 
   236.308889    -20.985985    -11.480000           NaN 
   236.308900    -20.997984    -11.544000           NaN 
   236.308912    -21.010977    -11.606000           NaN 
   236.308924    -21.024000    -11.671000           NaN 
   236.308935    -21.036000    -11.735000           NaN 
   236.308947    -21.049025    -11.799000           NaN 
   236.308958    -21.062977    -11.862000           NaN 
   236.308970    -21.076000    -11.926000           NaN 
   236.308981    -21.087008    -11.990000           NaN 
   241.814583    -20.058975    -11.976000           NaN 
   241.814595    -20.070976    -11.912000           NaN 
   241.814606    -20.083967    -11.848000           NaN 
   241.814618    -20.096992    -11.785000           NaN 
   241.814630    -20.108992    -11.721000           NaN 
   241.814641    -20.122017    -11.657000           NaN 
   241.814653    -20.132992    -11.599000           NaN 
   241.814664    -20.145985    -11.542000           NaN 
   241.814676    -20.159008    -11.478000           NaN 
   241.814688    -20.170977    -11.415000           NaN 
   241.814699    -20.184000    -11.351000           NaN 
   241.814711    -20.195969    -11.287000           NaN 
   241.814722    -20.208992    -11.223000           NaN 
   241.814734    -20.221985    -11.160000           NaN 
   241.814745    -20.234016    -11.096000           NaN 
   241.814757    -20.247007    -11.032000           NaN 
   241.814769    -20.260992    -10.969000           NaN 
   241.814780    -20.272000    -10.905000           NaN 
   241.814792    -20.284992    -10.841000           NaN 
   241.814803    -20.299007    -10.778000           NaN 
   241.814815    -20.309984    -10.714000           NaN 
   241.814826    -20.323008    -10.650000           NaN 
   241.814838    -20.334976    -10.593000           NaN 
   241.814850    -20.346975    -10.535000           NaN 
   241.814861    -20.359009    -10.471000           NaN 
   241.814873    -20.372000    -10.407000           NaN 
   241.814884    -20.385023    -10.344000           NaN 
   241.814896    -20.396992    -10.280000           NaN 
   241.814907    -20.410015    -10.216000           NaN 
   241.814919    -20.423008    -10.153000           NaN 
   241.814931    -20.435007    -10.089000           NaN 
   241.814942    -20.448000    -10.025000           NaN 
   241.814954    -20.460000     -9.962000           NaN 
   241.814965    -20.472992     -9.898000           NaN 
   241.814977    -20.487007     -9.834000           NaN 
   241.814988    -20.497984     -9.771000           NaN 
   241.815000    -20.510977     -9.707000           NaN 
   241.815012    -20.524992     -9.643000           NaN 
   241.815023    -20.535007     -9.586000           NaN 
   241.815035    -20.545984     -9.528000           NaN 
   241.815046    -20.560000     -9.464000           NaN 
   241.815058    -20.572992     -9.400000           NaN 
   241.815069    -20.583967     -9.337000           NaN 
   241.815081    -20.597984     -9.273000           NaN 
   241.815093    -20.610975     -9.209000           NaN 
   241.815104    -20.622017     -9.146000           NaN 
   241.815116    -20.636000     -9.082000           NaN 
   241.815127    -20.647009     -9.018000           NaN 
   241.815139    -20.660000     -8.955000           NaN 
   241.815150    -20.674017     -8.891000           NaN 
   241.815162    -20.684992     -8.827000           NaN 
   241.815174    -20.697985     -8.763000           NaN 
   241.815185    -20.709984     -8.700000           NaN 
   241.815197    -20.722977     -8.636000           NaN 
   241.815208    -20.736992     -8.572000           NaN 
   241.815220    -20.747007     -8.514000           NaN 
   241.815231    -20.757984     -8.457000           NaN 
   241.815243    -20.771008     -8.393000           NaN 
   241.815255    -20.784000     -8.330000           NaN 
   241.815266    -20.796000     -8.266000           NaN 
   241.815278    -20.809984     -8.201999           NaN 
   241.815289    -20.820992     -8.137999           NaN 
   241.815301    -20.833984     -8.075000           NaN 
   241.815312    -20.846975     -8.010999           NaN 
