    29.004248    -28.731995    -16.972376      0.675000 
    29.004259    -28.745892    -16.913439      0.674000 
    29.004271    -28.759783    -16.854500      0.672000 
    29.004282    -28.773664    -16.795560      0.670000 
    29.004294    -28.787544    -16.736618      0.668000 
    29.004306    -28.801418    -16.677677      0.665000 
    29.004317    -28.815285    -16.618734      0.662000 
    29.004329    -28.829145    -16.559792      0.658000 
    29.004340    -28.843000    -16.500847      0.655000 
    29.004352    -28.856852    -16.441900      0.651000 
    29.004363    -28.870695    -16.382954      0.646000 
    29.004375    -28.884533    -16.324005      0.644000 
    29.004387    -28.898365    -16.265059      0.640000 
    29.004398    -28.912191    -16.206108      0.638000 
    29.004410    -28.926012    -16.147158      0.635000 
    29.004421    -28.939827    -16.088207      0.633000 
    29.004433    -28.953636    -16.029253      0.631000 
    29.004444    -28.967440    -15.970301      0.631000 
    29.004456    -28.981240    -15.911347      0.631000 
    29.004468    -28.995031    -15.852391      0.633000 
    29.004479    -29.008820    -15.793435      0.637000 
    29.004491    -29.022600    -15.734478      0.641000 
    29.004502    -29.036377    -15.675520      0.646000 
    29.004514    -29.050146    -15.616561      0.652000 
    29.004525    -29.063911    -15.557600      0.658000 
    29.004537    -29.077671    -15.498639      0.662000 
    29.004549    -29.091427    -15.439678      0.664000 
    29.004560    -29.105177    -15.380715      0.663000 
    29.004572    -29.118920    -15.321751      0.660000 
    29.004583    -29.132656    -15.262786      0.655000 
    29.004595    -29.146390    -15.203821      0.650000 
    29.004606    -29.160118    -15.144854      0.644000 
    29.004618    -29.173841    -15.085887      0.639000 
    29.004630    -29.187560    -15.026918      0.635000 
    29.004641    -29.201271    -14.967949      0.632000 
    29.004653    -29.214980    -14.908979      0.631000 
    29.004664    -29.228680    -14.850008      0.630000 
    29.004676    -29.242376    -14.791036      0.630000 
    29.004687    -29.256070    -14.732063      0.631000 
    29.004699    -29.269756    -14.673089      0.630000 
    29.004711    -29.283436    -14.614114      0.630000 
    29.004722    -29.297113    -14.555139      0.630000 
    29.004734    -29.310785    -14.496162      0.629000 
    29.004745    -29.324451    -14.437185      0.628000 
    29.004757    -29.338114    -14.378207      0.629000 
    29.004769    -29.351768    -14.319228      0.630000 
    29.004780    -29.365421    -14.260248      0.631000 
    29.004792    -29.379068    -14.201267      0.631000 
    29.004803    -29.392712    -14.142285      0.630000 
    29.004815    -29.406347    -14.083303      0.631000 
    29.004826    -29.419981    -14.024320      0.630000 
    29.004838    -29.433607    -13.965335      0.630000 
    29.004850    -29.447230    -13.906350      0.630000 
    29.004861    -29.460848    -13.847364      0.631000 
    29.004873    -29.474463    -13.788377      0.633000 
    29.004884    -29.488070    -13.729390      0.636000 
    29.004896    -29.501675    -13.670401      0.639000 
    29.004907    -29.515274    -13.611412      0.643000 
    29.004919    -29.528870    -13.552422      0.643000 
    29.004931    -29.542460    -13.493431      0.643000 
    29.004942    -29.556046    -13.434439      0.641000 
    29.004954    -29.569626    -13.375446      0.637000 
    29.004965    -29.583202    -13.316453      0.631000 
    29.004977    -29.596775    -13.257459      0.624000 
    29.004988    -29.610342    -13.198464      0.618000 
    29.005000    -29.623905    -13.139468      0.613000 
    29.005012    -29.637465    -13.080471      0.609000 
    29.005023    -29.651018    -13.021473      0.606000 
    31.499699    -31.731916    -13.033120      0.623000 
    31.499711    -31.745470    -13.092121      0.628000 
    31.499722    -31.759030    -13.151120      0.632000 
    31.499734    -31.772594    -13.210119      0.633000 
    31.499745    -31.786161    -13.269117      0.635000 
    31.499757    -31.799734    -13.328114      0.635000 
    31.499769    -31.813313    -13.387110      0.636000 
    31.499780    -31.826897    -13.446105      0.638000 
    31.499792    -31.840483    -13.505100      0.640000 
    31.499803    -31.854074    -13.564094      0.644000 
    31.499815    -31.867670    -13.623086      0.647000 
    31.499826    -31.881270    -13.682079      0.652000 
    31.499838    -31.894875    -13.741070      0.655000 
    31.499850    -31.908485    -13.800060      0.660000 
    31.499861    -31.922100    -13.859050      0.664000 
    31.499873    -31.935719    -13.918038      0.666000 
    31.499884    -31.949343    -13.977026      0.667000 
    31.499896    -31.962973    -14.036013      0.668000 
    31.499907    -31.976604    -14.094999      0.668000 
    31.499919    -31.990244    -14.153985      0.667000 
    33.001829    -28.001274    -16.102951      0.632000 
    33.001840    -28.015085    -16.044000      0.632000 
    33.001852    -28.028889    -15.985047      0.634000 
    33.001863    -28.042688    -15.926093      0.636000 
    33.001875    -28.056484    -15.867138      0.639000 
    33.001887    -28.070272    -15.808181      0.642000 
    33.001898    -28.084057    -15.749224      0.647000 
    33.001910    -28.097834    -15.690266      0.650000 
    33.001921    -28.111605    -15.631307      0.654000 
    33.001933    -28.125374    -15.572348      0.657000 
    33.001944    -28.139133    -15.513387      0.660000 
    33.001956    -28.152890    -15.454425      0.663000 
    33.001968    -28.166640    -15.395462      0.666000 
    33.001979    -28.180386    -15.336499      0.669000 
    33.001991    -28.194126    -15.277534      0.671000 
    33.002002    -28.207860    -15.218569      0.671000 
    33.002014    -28.221588    -15.159602      0.671000 
    33.002025    -28.235313    -15.100635      0.668000 
    33.002037    -28.249031    -15.041667      0.663000 
    33.002049    -28.262745    -14.982698      0.656000 
    33.002060    -28.276455    -14.923728      0.648000 
    33.002072    -28.290157    -14.864757      0.640000 
    33.002083    -28.303856    -14.805785      0.632000 
    33.002095    -28.317549    -14.746812      0.626000 
    33.002106    -28.331236    -14.687839      0.621000 
    33.002118    -28.344920    -14.628864      0.618000 
    33.002130    -28.358599    -14.569889      0.617000 
    33.002141    -28.372270    -14.510912      0.614000 
    33.002153    -28.385939    -14.451935      0.612000 
    33.002164    -28.399603    -14.392957      0.609000 
    33.002176    -28.413260    -14.333978      0.604000 
    33.002188    -28.426912    -14.274998      0.599000 
    33.002199    -28.440561    -14.216018      0.594000 
    33.002211    -28.454205    -14.157036      0.588000 
    33.002222    -28.467842    -14.098054      0.585000 
    33.002234    -28.481476    -14.039071      0.582000 
    33.002245    -28.495106    -13.980087      0.582000 
    33.002257    -28.508730    -13.921102      0.583000 
    33.002269    -28.522348    -13.862116      0.585000 
    33.002280    -28.535963    -13.803129      0.588000 
    33.002292    -28.549574    -13.744142      0.590000 
    33.002303    -28.563177    -13.685153      0.592000 
    33.002315    -28.576778    -13.626164      0.593000 
    33.002326    -28.590374    -13.567174      0.593000 
    33.002338    -28.603968    -13.508183      0.594000 
    33.002350    -28.617552    -13.449191      0.596000 
    33.002361    -28.631136    -13.390199      0.598000 
    33.002373    -28.644712    -13.331206      0.601000 
    33.002384    -28.658287    -13.272211      0.605000 
    33.002396    -28.671854    -13.213216      0.610000 
    33.002407    -28.685420    -13.154221      0.614000 
    33.002419    -28.698978    -13.095224      0.618000 
    33.002431    -28.712536    -13.036227      0.622000 
    35.497106    -30.792150    -13.012382      0.604000 
    35.497118    -30.805704    -13.071383      0.602000 
    35.497130    -30.819263    -13.130383      0.601000 
    35.497141    -30.832825    -13.189382      0.601000 
    35.497153    -30.846392    -13.248380      0.600000 
    35.497164    -30.859962    -13.307377      0.602000 
    35.497176    -30.873539    -13.366374      0.604000 
    35.497188    -30.887121    -13.425369      0.607000 
    35.497199    -30.900705    -13.484364      0.612000 
    35.497211    -30.914295    -13.543358      0.617000 
    35.497222    -30.927889    -13.602351      0.625000 
    35.497234    -30.941488    -13.661344      0.633000 
    35.497245    -30.955091    -13.720335      0.639000 
    35.497257    -30.968700    -13.779326      0.647000 
    35.497269    -30.982313    -13.838316      0.653000 
    35.497280    -30.995932    -13.897305      0.659000 
    35.497292    -31.009554    -13.956293      0.664000 
    35.497303    -31.023180    -14.015280      0.667000 
    35.497315    -31.036812    -14.074267      0.670000 
    35.497326    -31.050450    -14.133252      0.671000 
    35.497338    -31.064090    -14.192237      0.671000 
    35.497350    -31.077738    -14.251221      0.671000 
    35.497361    -31.091387    -14.310204      0.669000 
    35.497373    -31.105045    -14.369186      0.667000 
    35.497384    -31.118706    -14.428167      0.666000 
    35.497396    -31.132372    -14.487148      0.663000 
    35.497407    -31.146044    -14.546127      0.663000 
    35.497419    -31.159718    -14.605106      0.663000 
    35.497431    -31.173400    -14.664083      0.663000 
    35.497442    -31.187086    -14.723060      0.665000 
    35.497454    -31.200777    -14.782036      0.669000 
    35.497465    -31.214474    -14.841011      0.672000 
    35.497477    -31.228174    -14.899985      0.676000 
    35.497488    -31.241882    -14.958959      0.679000 
    35.497500    -31.255592    -15.017931      0.683000 
    35.497512    -31.269310    -15.076903      0.685000 
    35.497523    -31.283031    -15.135873      0.684000 
    35.497535    -31.296760    -15.194843      0.683000 
    35.497546    -31.310492    -15.253811      0.680000 
    35.497558    -31.324230    -15.312779      0.675000 
    35.497569    -31.337973    -15.371746      0.669000 
    35.497581    -31.351720    -15.430712      0.662000 
    35.497593    -31.365477    -15.489677      0.655000 
    35.497604    -31.379234    -15.548641      0.649000 
    35.497616    -31.393000    -15.607604      0.645000 
    35.497627    -31.406769    -15.666566      0.643000 
    35.497639    -31.420546    -15.725528      0.643000 
    35.497650    -31.434326    -15.784488      0.646000 
    35.497662    -31.448112    -15.843447      0.651000 
    35.497674    -31.461905    -15.902406      0.658000 
    35.497685    -31.475702    -15.961363      0.664000 
    35.497697    -31.489506    -16.020319      0.671000 
    35.497708    -31.503315    -16.079275      0.676000 
    35.497720    -31.517130    -16.138230      0.682000 
    35.497731    -31.530950    -16.197184      0.686000 
    35.497743    -31.544777    -16.256136      0.689000 
    35.497755    -31.558607    -16.315088      0.693000 
    35.497766    -31.572445    -16.374039      0.696000 
    35.497778    -31.586288    -16.432987      0.699000 
    35.497789    -31.600138    -16.491938      0.701000 
    35.497801    -31.613990    -16.550884      0.704000 
    35.497812    -31.627851    -16.609830      0.706000 
    35.497824    -31.641718    -16.668777      0.708000 
    35.497836    -31.655590    -16.727722      0.709000 
    35.497847    -31.669468    -16.786667      0.711000 
    35.497859    -31.683353    -16.845608      0.711000 
    35.497870    -31.697243    -16.904550      0.711000 
    35.497882    -31.711140    -16.963491      0.710000 
    39.494525    -29.854416    -13.000483      0.623000 
    39.494537    -29.867968    -13.059484      0.626000 
    39.494549    -29.881525    -13.118484      0.632000 
    39.494560    -29.895086    -13.177483      0.636000 
    39.494572    -29.908653    -13.236481      0.640000 
    39.494583    -29.922222    -13.295479      0.644000 
    39.494595    -29.935799    -13.354475      0.645000 
    39.494606    -29.949377    -13.413471      0.644000 
    39.494618    -29.962963    -13.472466      0.641000 
    39.494630    -29.976551    -13.531460      0.636000 
    39.494641    -29.990145    -13.590453      0.629000 
    39.494653    -30.003742    -13.649446      0.623000 
    39.494664    -30.017345    -13.708438      0.616000 
    39.494676    -30.030952    -13.767428      0.611000 
    39.494687    -30.044565    -13.826418      0.609000 
    39.494699    -30.058182    -13.885408      0.609000 
    39.494711    -30.071802    -13.944396      0.612000 
    39.494722    -30.085428    -14.003383      0.616000 
    39.494734    -30.099060    -14.062370      0.621000 
    39.494745    -30.112696    -14.121356      0.628000 
    39.494757    -30.126337    -14.180341      0.635000 
    39.494769    -30.139982    -14.239325      0.641000 
    39.494780    -30.153633    -14.298308      0.646000 
    39.494792    -30.167288    -14.357290      0.651000 
    39.494803    -30.180948    -14.416271      0.655000 
    39.494815    -30.194613    -14.475252      0.659000 
    39.494826    -30.208282    -14.534232      0.661000 
    39.494838    -30.221958    -14.593210      0.664000 
    39.494850    -30.235638    -14.652188      0.667000 
    39.494861    -30.249325    -14.711165      0.669000 
    39.494873    -30.263014    -14.770141      0.669000 
    39.494884    -30.276709    -14.829117      0.670000 
    39.494896    -30.290410    -14.888091      0.670000 
    39.494907    -30.304115    -14.947064      0.669000 
    39.494919    -30.317825    -15.006037      0.666000 
    39.494931    -30.331541    -15.065009      0.664000 
    39.494942    -30.345263    -15.123979      0.662000 
    39.494954    -30.358990    -15.182949      0.659000 
    39.494965    -30.372720    -15.241918      0.658000 
    39.494977    -30.386457    -15.300886      0.659000 
    39.494988    -30.400200    -15.359853      0.660000 
    39.495000    -30.413948    -15.418819      0.664000 
    39.495012    -30.427700    -15.477784      0.669000 
    39.495023    -30.441460    -15.536748      0.673000 
    39.495035    -30.455221    -15.595712      0.678000 
    39.495046    -30.468992    -15.654674      0.681000 
    39.495058    -30.482765    -15.713635      0.681000 
    39.495069    -30.496546    -15.772596      0.679000 
    39.495081    -30.510332    -15.831555      0.675000 
    39.495093    -30.524122    -15.890514      0.669000 
    39.495104    -30.537918    -15.949472      0.663000 
    39.495116    -30.551722    -16.008429      0.657000 
    39.495127    -30.565529    -16.067385      0.652000 
    39.495139    -30.579342    -16.126337      0.651000 
    39.495150    -30.593163    -16.185291      0.653000 
    39.495162    -30.606987    -16.244246      0.657000 
    39.495174    -30.620815    -16.303198      0.662000 
    39.495185    -30.634653    -16.362146      0.667000 
    39.495197    -30.648495    -16.421099      0.671000 
    39.495208    -30.662342    -16.480047      0.674000 
    39.495220    -30.676197    -16.538996      0.675000 
    39.495231    -30.690056    -16.597942      0.673000 
    39.495243    -30.703920    -16.656887      0.671000 
    39.495255    -30.717793    -16.715834      0.668000 
    39.495266    -30.731668    -16.774776      0.667000 
    39.495278    -30.745552    -16.833720      0.667000 
    39.495289    -30.759441    -16.892660      0.669000 
    39.495301    -30.773336    -16.951603      0.672000 
    43.491968    -28.930904    -13.050517      0.590000 
    43.491979    -28.944460    -13.109517      0.589000 
    43.491991    -28.958021    -13.168516      0.588000 
    43.492002    -28.971586    -13.227514      0.590000 
    43.492014    -28.985157    -13.286512      0.592000 
    43.492025    -28.998732    -13.345508      0.594000 
    43.492037    -29.012312    -13.404504      0.597000 
    43.492049    -29.025894    -13.463499      0.598000 
    43.492060    -29.039482    -13.522494      0.601000 
    43.492072    -29.053076    -13.581487      0.601000 
    43.492083    -29.066673    -13.640480      0.602000 
    43.492095    -29.080275    -13.699471      0.604000 
    43.492106    -29.093882    -13.758462      0.606000 
    43.492118    -29.107494    -13.817452      0.610000 
    43.492130    -29.121109    -13.876442      0.613000 
    43.492141    -29.134730    -13.935430      0.619000 
    43.492153    -29.148355    -13.994417      0.624000 
    43.492164    -29.161987    -14.053404      0.629000 
    43.492176    -29.175623    -14.112390      0.633000 
    43.492188    -29.189262    -14.171375      0.637000 
    43.492199    -29.202908    -14.230359      0.639000 
    43.492211    -29.216557    -14.289342      0.639000 
    43.492222    -29.230211    -14.348325      0.637000 
    43.492234    -29.243872    -14.407306      0.635000 
    43.492245    -29.257536    -14.466287      0.632000 
    43.492257    -29.271206    -14.525266      0.631000 
    43.492269    -29.284878    -14.584245      0.630000 
    43.492280    -29.298560    -14.643223      0.632000 
    43.492292    -29.312243    -14.702200      0.635000 
    43.492303    -29.325933    -14.761177      0.639000 
    43.492315    -29.339626    -14.820152      0.645000 
    43.492326    -29.353327    -14.879126      0.652000 
    43.492338    -29.367031    -14.938100      0.658000 
    43.492350    -29.380741    -14.997072      0.663000 
    43.492361    -29.394457    -15.056044      0.668000 
    43.492373    -29.408178    -15.115015      0.670000 
    43.492384    -29.421904    -15.173985      0.670000 
    43.492396    -29.435633    -15.232954      0.668000 
    43.492407    -29.449371    -15.291922      0.665000 
    43.492419    -29.463112    -15.350889      0.661000 
    43.492431    -29.476858    -15.409855      0.656000 
    43.492442    -29.490610    -15.468820      0.653000 
    43.492454    -29.504370    -15.527785      0.649000 
    43.492465    -29.518131    -15.586748      0.649000 
    43.492477    -29.531900    -15.645711      0.649000 
    43.492488    -29.545673    -15.704672      0.650000 
    43.492500    -29.559452    -15.763633      0.653000 
    43.492512    -29.573238    -15.822592      0.656000 
    43.492523    -29.587029    -15.881551      0.658000 
    43.492535    -29.600822    -15.940509      0.660000 
    43.492546    -29.614626    -15.999465      0.661000 
    43.492558    -29.628433    -16.058420      0.659000 
    43.492569    -29.642246    -16.117376      0.658000 
    43.492581    -29.656063    -16.176330      0.657000 
    43.492593    -29.669888    -16.235283      0.655000 
    43.492604    -29.683718    -16.294235      0.655000 
    43.492616    -29.697554    -16.353186      0.654000 
    43.492627    -29.711393    -16.412136      0.656000 
    43.492639    -29.725240    -16.471085      0.658000 
    43.492650    -29.739094    -16.530033      0.661000 
    43.492662    -29.752953    -16.588980      0.664000 
    43.492674    -29.766817    -16.647924      0.665000 
    43.492685    -29.780687    -16.706871      0.667000 
    43.492697    -29.794563    -16.765816      0.668000 
    43.492708    -29.808447    -16.824759      0.668000 
    43.492720    -29.822334    -16.883700      0.668000 
    43.492731    -29.836227    -16.942640      0.667000 
    44.012106    -31.542890    -16.948832      0.682000 
    44.012118    -31.556786    -16.889893      0.686000 
    44.012130    -31.570675    -16.830954      0.691000 
    44.012141    -31.584557    -16.772015      0.694000 
    44.012153    -31.598433    -16.713072      0.693000 
    44.012164    -31.612303    -16.654130      0.689000 
    44.012176    -31.626167    -16.595188      0.683000 
    44.012188    -31.640026    -16.536245      0.676000 
    44.012199    -31.653880    -16.477300      0.670000 
    44.012211    -31.667727    -16.418354      0.665000 
    44.012222    -31.681566    -16.359407      0.664000 
    44.012234    -31.695402    -16.300459      0.667000 
    44.012245    -31.709232    -16.241510      0.672000 
    44.012257    -31.723057    -16.182562      0.677000 
    44.012269    -31.736874    -16.123610      0.684000 
    44.012280    -31.750687    -16.064660      0.689000 
    44.012292    -31.764494    -16.005707      0.690000 
    44.012303    -31.778296    -15.946753      0.689000 
    44.012315    -31.792091    -15.887798      0.684000 
    44.012326    -31.805882    -15.828843      0.679000 
    44.012338    -31.819666    -15.769886      0.673000 
    44.012350    -31.833445    -15.710929      0.667000 
    44.012361    -31.847218    -15.651970      0.665000 
    44.012373    -31.860987    -15.593011      0.664000 
    44.012384    -31.874750    -15.534051      0.666000 
    44.012396    -31.888508    -15.475090      0.668000 
    44.012407    -31.902260    -15.416128      0.670000 
    44.012419    -31.916006    -15.357165      0.672000 
    44.012431    -31.929749    -15.298201      0.671000 
    44.012442    -31.943483    -15.239236      0.670000 
    44.012454    -31.957214    -15.180270      0.666000 
    44.012465    -31.970940    -15.121303      0.663000 
    44.012477    -31.984660    -15.062336      0.660000 
    44.012488    -31.998377    -15.003367      0.658000 
    47.489375    -28.008043    -13.103486      0.593000 
    47.489387    -28.021605    -13.162485      0.594000 
    47.489398    -28.035168    -13.221483      0.597000 
    47.489410    -28.048738    -13.280481      0.599000 
    47.489421    -28.062313    -13.339477      0.602000 
    47.489433    -28.075891    -13.398473      0.605000 
    47.489444    -28.089474    -13.457469      0.609000 
    47.489456    -28.103064    -13.516463      0.613000 
    47.489468    -28.116655    -13.575456      0.616000 
    47.489479    -28.130253    -13.634449      0.618000 
    47.489491    -28.143854    -13.693441      0.619000 
    47.489502    -28.157460    -13.752432      0.618000 
    47.489514    -28.171070    -13.811422      0.613000 
    47.489525    -28.184687    -13.870411      0.608000 
    47.489537    -28.198307    -13.929399      0.600000 
    47.489549    -28.211931    -13.988387      0.592000 
    47.489560    -28.225563    -14.047374      0.584000 
    47.489572    -28.239197    -14.106359      0.576000 
    47.489583    -28.252836    -14.165344      0.572000 
    47.489595    -28.266481    -14.224329      0.570000 
    47.489606    -28.280130    -14.283312      0.571000 
    47.489618    -28.293785    -14.342294      0.573000 
    47.489630    -28.307444    -14.401276      0.577000 
    47.489641    -28.321108    -14.460256      0.583000 
    47.489653    -28.334778    -14.519236      0.588000 
    47.489664    -28.348452    -14.578215      0.594000 
    47.489676    -28.362130    -14.637193      0.599000 
    47.489688    -28.375813    -14.696170      0.605000 
    47.489699    -28.389502    -14.755146      0.609000 
    47.489711    -28.403198    -14.814122      0.616000 
    47.489722    -28.416897    -14.873096      0.622000 
    47.489734    -28.430601    -14.932070      0.629000 
    47.489745    -28.444311    -14.991042      0.635000 
    47.489757    -28.458027    -15.050014      0.639000 
    47.489769    -28.471745    -15.108985      0.640000 
    47.489780    -28.485472    -15.167955      0.640000 
    47.489792    -28.499200    -15.226924      0.637000 
    47.489803    -28.512938    -15.285892      0.632000 
    47.489815    -28.526678    -15.344859      0.627000 
    47.489826    -28.540424    -15.403825      0.623000 
    47.489838    -28.554176    -15.462791      0.622000 
    47.489850    -28.567932    -15.521755      0.623000 
    47.489861    -28.581696    -15.580718      0.628000 
    47.489873    -28.595463    -15.639681      0.634000 
    47.489884    -28.609238    -15.698643      0.640000 
    47.489896    -28.623016    -15.757603      0.646000 
    47.489907    -28.636799    -15.816563      0.649000 
    47.489919    -28.650590    -15.875522      0.650000 
    47.489931    -28.664387    -15.934479      0.647000 
    47.489942    -28.678186    -15.993436      0.643000 
    47.489954    -28.691994    -16.052391      0.637000 
    47.489965    -28.705805    -16.111347      0.633000 
    47.489977    -28.719624    -16.170301      0.631000 
    47.489988    -28.733446    -16.229254      0.630000 
    47.490000    -28.747276    -16.288206      0.631000 
    47.490012    -28.761110    -16.347157      0.633000 
    47.490023    -28.774952    -16.406107      0.637000 
    47.490035    -28.788797    -16.465055      0.641000 
    47.490046    -28.802650    -16.524002      0.644000 
    47.490058    -28.816507    -16.582950      0.645000 
    47.490069    -28.830372    -16.641897      0.647000 
    47.490081    -28.844242    -16.700842      0.649000 
    47.490093    -28.858116    -16.759785      0.650000 
    47.490104    -28.872000    -16.818730      0.653000 
    47.490116    -28.885887    -16.877672      0.658000 
    47.490127    -28.899780    -16.936613      0.662000 
    47.490139    -28.913680    -16.995552      0.668000 
    48.009514    -30.606384    -16.954702      0.647000 
    48.009525    -30.620280    -16.895763      0.649000 
    48.009537    -30.634169    -16.836824      0.650000 
    48.009549    -30.648052    -16.777885      0.652000 
    48.009560    -30.661926    -16.718945      0.654000 
    48.009572    -30.675798    -16.660004      0.657000 
    48.009583    -30.689663    -16.601060      0.660000 
    48.009595    -30.703524    -16.542116      0.665000 
    48.009606    -30.717377    -16.483171      0.668000 
    48.009618    -30.731224    -16.424227      0.671000 
    48.009630    -30.745066    -16.365278      0.671000 
    48.009641    -30.758902    -16.306332      0.671000 
    48.009653    -30.772734    -16.247383      0.667000 
    48.009664    -30.786556    -16.188433      0.662000 
    48.009676    -30.800377    -16.129482      0.656000 
    48.009687    -30.814190    -16.070532      0.651000 
    48.009699    -30.827997    -16.011578      0.649000 
    48.009711    -30.841799    -15.952624      0.649000 
    48.009722    -30.855595    -15.893670      0.652000 
    48.009734    -30.869387    -15.834714      0.656000 
    48.009745    -30.883171    -15.775758      0.661000 
    48.009757    -30.896952    -15.716801      0.665000 
    48.009769    -30.910727    -15.657842      0.667000 
    48.009780    -30.924496    -15.598883      0.666000 
    48.009792    -30.938260    -15.539923      0.662000 
    48.009803    -30.952017    -15.480962      0.657000 
    48.009815    -30.965769    -15.422000      0.651000 
    48.009826    -30.979515    -15.363037      0.646000 
    48.009838    -30.993260    -15.304073      0.642000 
    48.009850    -31.006994    -15.245108      0.642000 
    48.009861    -31.020727    -15.186142      0.644000 
    48.009873    -31.034452    -15.127176      0.647000 
    48.009884    -31.048174    -15.068208      0.652000 
    48.009896    -31.061890    -15.009240      0.655000 
    48.009907    -31.075600    -14.950270      0.658000 
    48.009919    -31.089306    -14.891300      0.660000 
    48.009931    -31.103004    -14.832329      0.661000 
    48.009942    -31.116701    -14.773357      0.660000 
    48.009954    -31.130390    -14.714384      0.660000 
    48.009965    -31.144075    -14.655410      0.660000 
    48.009977    -31.157757    -14.596435      0.663000 
    48.009988    -31.171430    -14.537459      0.665000 
    48.010000    -31.185100    -14.478483      0.668000 
    48.010012    -31.198765    -14.419505      0.670000 
    48.010023    -31.212423    -14.360527      0.671000 
    48.010035    -31.226082    -14.301548      0.670000 
    48.010046    -31.239730    -14.242568      0.667000 
    48.010058    -31.253376    -14.183587      0.660000 
    48.010069    -31.267015    -14.124605      0.654000 
    48.010081    -31.280651    -14.065622      0.648000 
    48.010093    -31.294283    -14.006639      0.642000 
    48.010104    -31.307907    -13.947654      0.638000 
    48.010116    -31.321530    -13.888669      0.637000 
    48.010127    -31.335148    -13.829683      0.639000 
    48.010139    -31.348759    -13.770696      0.642000 
    48.010150    -31.362366    -13.711708      0.647000 
    48.010162    -31.375969    -13.652720      0.651000 
    48.010174    -31.389566    -13.593730      0.654000 
    48.010185    -31.403158    -13.534740      0.655000 
    48.010197    -31.416748    -13.475749      0.653000 
    48.010208    -31.430332    -13.416757      0.649000 
    48.010220    -31.443910    -13.357764      0.643000 
    48.010231    -31.457485    -13.298771      0.636000 
    48.010243    -31.471058    -13.239776      0.630000 
    48.010255    -31.484623    -13.180781      0.624000 
    48.010266    -31.498184    -13.121785      0.619000 
    48.010278    -31.511742    -13.062788      0.614000 
    48.010289    -31.525293    -13.003791      0.610000 
    52.006910    -29.670580    -16.957642      0.674000 
    52.006921    -29.684475    -16.898703      0.671000 
    52.006933    -29.698362    -16.839764      0.669000 
    52.006944    -29.712246    -16.780825      0.667000 
    52.006956    -29.726124    -16.721884      0.666000 
    52.006968    -29.739994    -16.662941      0.666000 
    52.006979    -29.753860    -16.603998      0.665000 
    52.006991    -29.767720    -16.545053      0.664000 
    52.007002    -29.781572    -16.486110      0.663000 
    52.007014    -29.795422    -16.427164      0.661000 
    52.007025    -29.809261    -16.368217      0.660000 
    52.007037    -29.823100    -16.309269      0.657000 
    52.007049    -29.836930    -16.250322      0.654000 
    52.007060    -29.850754    -16.191372      0.652000 
    52.007072    -29.864574    -16.132421      0.649000 
    52.007083    -29.878387    -16.073470      0.648000 
    52.007095    -29.892197    -16.014517      0.645000 
    52.007106    -29.905998    -15.955563      0.645000 
    52.007118    -29.919794    -15.896609      0.644000 
    52.007130    -29.933584    -15.837653      0.646000 
    52.007141    -29.947372    -15.778697      0.650000 
    52.007153    -29.961151    -15.719739      0.653000 
    52.007164    -29.974928    -15.660781      0.658000 
    52.007176    -29.988695    -15.601822      0.663000 
    52.007188    -30.002460    -15.542862      0.666000 
    52.007199    -30.016218    -15.483901      0.669000 
    52.007211    -30.029970    -15.424938      0.667000 
    52.007222    -30.043718    -15.365975      0.665000 
    52.007234    -30.057460    -15.307011      0.659000 
    52.007245    -30.071198    -15.248047      0.652000 
    52.007257    -30.084930    -15.189081      0.644000 
    52.007269    -30.098658    -15.130114      0.638000 
    52.007280    -30.112377    -15.071147      0.632000 
    52.007292    -30.126095    -15.012178      0.629000 
    52.007303    -30.139805    -14.953209      0.628000 
    52.007315    -30.153510    -14.894238      0.630000 
    52.007326    -30.167212    -14.835267      0.632000 
    52.007338    -30.180904    -14.776295      0.636000 
    52.007350    -30.194595    -14.717322      0.639000 
    52.007361    -30.208282    -14.658348      0.643000 
    52.007373    -30.221962    -14.599373      0.645000 
    52.007384    -30.235638    -14.540397      0.647000 
    52.007396    -30.249306    -14.481421      0.648000 
    52.007407    -30.262972    -14.422443      0.648000 
    52.007419    -30.276632    -14.363465      0.648000 
    52.007431    -30.290289    -14.304486      0.648000 
    52.007442    -30.303940    -14.245506      0.647000 
    52.007454    -30.317583    -14.186525      0.645000 
    52.007465    -30.331224    -14.127543      0.641000 
    52.007477    -30.344860    -14.068560      0.636000 
    52.007488    -30.358492    -14.009577      0.629000 
    52.007500    -30.372118    -13.950592      0.621000 
    52.007512    -30.385740    -13.891607      0.611000 
    52.007523    -30.399357    -13.832621      0.602000 
    52.007535    -30.412970    -13.773634      0.594000 
    52.007546    -30.426577    -13.714646      0.587000 
    52.007558    -30.440180    -13.655658      0.584000 
    52.007569    -30.453777    -13.596668      0.582000 
    52.007581    -30.467371    -13.537678      0.584000 
    52.007593    -30.480959    -13.478687      0.588000 
    52.007604    -30.494543    -13.419695      0.593000 
    52.007616    -30.508123    -13.360702      0.598000 
    52.007627    -30.521700    -13.301708      0.604000 
    52.007639    -30.535269    -13.242714      0.607000 
    52.007650    -30.548836    -13.183719      0.611000 
    52.007662    -30.562397    -13.124723      0.612000 
    52.007674    -30.575954    -13.065726      0.612000 
    52.007685    -30.589508    -13.006728      0.611000 
    56.004294    -28.731995    -16.972376      0.670000 
    56.004306    -28.745892    -16.913439      0.673000 
    56.004317    -28.759783    -16.854500      0.676000 
    56.004329    -28.773664    -16.795560      0.679000 
    56.004340    -28.787544    -16.736618      0.678000 
    56.004352    -28.801418    -16.677677      0.677000 
    56.004363    -28.815285    -16.618734      0.672000 
    56.004375    -28.829145    -16.559792      0.664000 
    56.004387    -28.843000    -16.500847      0.656000 
    56.004398    -28.856852    -16.441900      0.647000 
    56.004410    -28.870695    -16.382954      0.639000 
    56.004421    -28.884533    -16.324005      0.632000 
    56.004433    -28.898365    -16.265059      0.627000 
    56.004444    -28.912191    -16.206108      0.625000 
    56.004456    -28.926012    -16.147158      0.623000 
    56.004468    -28.939827    -16.088207      0.623000 
    56.004479    -28.953636    -16.029253      0.624000 
    56.004491    -28.967440    -15.970301      0.626000 
    56.004502    -28.981240    -15.911347      0.627000 
    56.004514    -28.995031    -15.852391      0.630000 
    56.004525    -29.008820    -15.793435      0.635000 
    56.004537    -29.022600    -15.734478      0.639000 
    56.004549    -29.036377    -15.675520      0.645000 
    56.004560    -29.050146    -15.616561      0.651000 
    56.004572    -29.063911    -15.557600      0.656000 
    56.004583    -29.077671    -15.498639      0.660000 
    56.004595    -29.091427    -15.439678      0.662000 
    56.004606    -29.105177    -15.380715      0.660000 
    56.004618    -29.118920    -15.321751      0.657000 
    56.004630    -29.132656    -15.262786      0.651000 
    56.004641    -29.146390    -15.203821      0.645000 
    56.004653    -29.160118    -15.144854      0.637000 
    56.004664    -29.173841    -15.085887      0.631000 
    56.004676    -29.187560    -15.026918      0.624000 
    56.004687    -29.201271    -14.967949      0.619000 
    56.004699    -29.214980    -14.908979      0.615000 
    56.004711    -29.228680    -14.850008      0.611000 
    56.004722    -29.242376    -14.791036      0.608000 
    56.004734    -29.256070    -14.732063      0.604000 
    56.004745    -29.269756    -14.673089      0.603000 
    56.004757    -29.283436    -14.614114      0.601000 
    56.004769    -29.297113    -14.555139      0.600000 
    56.004780    -29.310785    -14.496162      0.601000 
    56.004792    -29.324451    -14.437185      0.602000 
    56.004803    -29.338114    -14.378207      0.605000 
    56.004815    -29.351768    -14.319228      0.607000 
    56.004826    -29.365421    -14.260248      0.607000 
    56.004838    -29.379068    -14.201267      0.608000 
    56.004850    -29.392712    -14.142285      0.607000 
    56.004861    -29.406347    -14.083303      0.605000 
    56.004873    -29.419981    -14.024320      0.602000 
    56.004884    -29.433607    -13.965335      0.600000 
    56.004896    -29.447230    -13.906350      0.598000 
    56.004907    -29.460848    -13.847364      0.598000 
    56.004919    -29.474463    -13.788377      0.598000 
    56.004931    -29.488070    -13.729390      0.600000 
    56.004942    -29.501675    -13.670401      0.603000 
    56.004954    -29.515274    -13.611412      0.604000 
    56.004965    -29.528870    -13.552422      0.605000 
    56.004977    -29.542460    -13.493431      0.605000 
    56.004988    -29.556046    -13.434439      0.603000 
    56.005000    -29.569626    -13.375446      0.600000 
    56.005012    -29.583202    -13.316453      0.597000 
    56.005023    -29.596775    -13.257459      0.595000 
    56.005035    -29.610342    -13.198464      0.594000 
    56.005046    -29.623905    -13.139468      0.595000 
    56.005058    -29.637465    -13.080471      0.598000 
    56.005069    -29.651018    -13.021473      0.601000 
    58.499745    -31.731916    -13.033120      0.630000 
    58.499757    -31.745470    -13.092121      0.636000 
    58.499769    -31.759030    -13.151120      0.643000 
    58.499780    -31.772594    -13.210119      0.649000 
    58.499792    -31.786161    -13.269117      0.654000 
    58.499803    -31.799734    -13.328114      0.656000 
    58.499815    -31.813313    -13.387110      0.658000 
    58.499826    -31.826897    -13.446105      0.658000 
    58.499838    -31.840483    -13.505100      0.657000 
    58.499861    -31.867670    -13.623086      0.656000 
    58.499873    -31.881270    -13.682079      0.657000 
    58.499884    -31.894875    -13.741070      0.657000 
    58.499896    -31.908485    -13.800060      0.658000 
    58.499907    -31.922100    -13.859050      0.658000 
    58.499919    -31.935719    -13.918038      0.658000 
    58.499931    -31.949343    -13.977026      0.656000 
    58.499942    -31.962973    -14.036013      0.653000 
    58.499965    -31.990244    -14.153985      0.647000 
    60.001875    -28.001274    -16.102951      0.629000 
    60.001887    -28.015085    -16.044000      0.620000 
    60.001898    -28.028889    -15.985047      0.615000 
    60.001921    -28.056484    -15.867138      0.609000 
    60.001933    -28.070272    -15.808181      0.608000 
    60.001944    -28.084057    -15.749224      0.609000 
    60.001956    -28.097834    -15.690266      0.610000 
    60.001968    -28.111605    -15.631307      0.611000 
    60.001979    -28.125374    -15.572348      0.611000 
    60.001991    -28.139133    -15.513387      0.611000 
    60.002002    -28.152890    -15.454425      0.609000 
    60.002014    -28.166640    -15.395462      0.608000 
    60.002025    -28.180386    -15.336499      0.606000 
    60.002037    -28.194126    -15.277534      0.604000 
    60.002049    -28.207860    -15.218569      0.601000 
    60.002060    -28.221588    -15.159602      0.600000 
    60.002072    -28.235313    -15.100635      0.600000 
    60.002083    -28.249031    -15.041667      0.600000 
    60.002095    -28.262745    -14.982698      0.602000 
    60.002106    -28.276455    -14.923728      0.604000 
    60.002118    -28.290157    -14.864757      0.608000 
    60.002130    -28.303856    -14.805785      0.609000 
    60.002141    -28.317549    -14.746812      0.611000 
    60.002153    -28.331236    -14.687839      0.611000 
    60.002164    -28.344920    -14.628864      0.609000 
    60.002176    -28.358599    -14.569889      0.607000 
    60.002188    -28.372270    -14.510912      0.604000 
    60.002199    -28.385939    -14.451935      0.600000 
    60.002211    -28.399603    -14.392957      0.598000 
    60.002222    -28.413260    -14.333978      0.596000 
    60.002234    -28.426912    -14.274998      0.596000 
    60.002245    -28.440561    -14.216018      0.597000 
    60.002257    -28.454205    -14.157036      0.597000 
    60.002269    -28.467842    -14.098054      0.598000 
    60.002280    -28.481476    -14.039071      0.597000 
    60.002292    -28.495106    -13.980087      0.595000 
    60.002303    -28.508730    -13.921102      0.592000 
    60.002315    -28.522348    -13.862116      0.587000 
    60.002326    -28.535963    -13.803129      0.583000 
    60.002338    -28.549574    -13.744142      0.579000 
    60.002350    -28.563177    -13.685153      0.578000 
    60.002361    -28.576778    -13.626164      0.579000 
    60.002373    -28.590374    -13.567174      0.579000 
    60.002384    -28.603968    -13.508183      0.582000 
    60.002396    -28.617552    -13.449191      0.585000 
    60.002407    -28.631136    -13.390199      0.586000 
    60.002419    -28.644712    -13.331206      0.585000 
    60.002431    -28.658287    -13.272211      0.583000 
    60.002442    -28.671854    -13.213216      0.578000 
    60.002454    -28.685420    -13.154221      0.574000 
    60.002465    -28.698978    -13.095224      0.570000 
    60.002477    -28.712536    -13.036227      0.566000 
   209.489525    -28.008043    -13.103486      0.564000 
   209.489537    -28.021605    -13.162485      0.562000 
   209.489549    -28.035168    -13.221483      0.560000 
   209.489560    -28.048738    -13.280481      0.556000 
   209.489572    -28.062313    -13.339477      0.555000 
   209.489583    -28.075891    -13.398473      0.553000 
   209.489595    -28.089474    -13.457469      0.553000 
   209.489606    -28.103064    -13.516463      0.552000 
   209.489618    -28.116655    -13.575456      0.553000 
   209.489630    -28.130253    -13.634449      0.554000 
   209.489641    -28.143854    -13.693441      0.554000 
   209.489653    -28.157460    -13.752432      0.553000 
   209.489664    -28.171070    -13.811422      0.551000 
   209.489676    -28.184687    -13.870411      0.548000 
   209.489688    -28.198307    -13.929399      0.542000 
   209.489699    -28.211931    -13.988387      0.536000 
   209.489711    -28.225563    -14.047374      0.529000 
   209.489722    -28.239197    -14.106359      0.524000 
   209.489734    -28.252836    -14.165344      0.520000 
   209.489745    -28.266481    -14.224329      0.518000 
   209.489757    -28.280130    -14.283312      0.517000 
   209.489769    -28.293785    -14.342294      0.519000 
   209.489780    -28.307444    -14.401276      0.524000 
   209.489792    -28.321108    -14.460256      0.529000 
   209.489803    -28.334778    -14.519236      0.535000 
   209.489815    -28.348452    -14.578215      0.540000 
   209.489826    -28.362130    -14.637193      0.544000 
   209.489838    -28.375813    -14.696170      0.547000 
   209.489850    -28.389502    -14.755146      0.548000 
   209.489861    -28.403198    -14.814122      0.548000 
   209.489873    -28.416897    -14.873096      0.548000 
   209.489884    -28.430601    -14.932070      0.547000 
   209.489896    -28.444311    -14.991042      0.546000 
   209.489907    -28.458027    -15.050014      0.545000 
   209.489919    -28.471745    -15.108985      0.544000 
   209.489931    -28.485472    -15.167955      0.543000 
   209.489942    -28.499200    -15.226924      0.542000 
   209.489954    -28.512938    -15.285892      0.540000 
   209.489965    -28.526678    -15.344859      0.540000 
   209.489977    -28.540424    -15.403825      0.538000 
   209.489988    -28.554176    -15.462791      0.537000 
   209.490000    -28.567932    -15.521755      0.537000 
   209.490012    -28.581696    -15.580718      0.539000 
   209.490023    -28.595463    -15.639681      0.541000 
   209.490035    -28.609238    -15.698643      0.545000 
   209.490046    -28.623016    -15.757603      0.548000 
   209.490058    -28.636799    -15.816563      0.553000 
   209.490069    -28.650590    -15.875522      0.557000 
   209.490081    -28.664387    -15.934479      0.558000 
   209.490093    -28.678186    -15.993436      0.559000 
   209.490104    -28.691994    -16.052391      0.559000 
   209.490116    -28.705805    -16.111347      0.559000 
   209.490127    -28.719624    -16.170301      0.559000 
   209.490139    -28.733446    -16.229254      0.561000 
   209.490150    -28.747276    -16.288206      0.563000 
   209.490162    -28.761110    -16.347157      0.570000 
   209.490174    -28.774952    -16.406107      0.578000 
   209.490185    -28.788797    -16.465055      0.588000 
   209.490197    -28.802650    -16.524002      0.597000 
   209.490208    -28.816507    -16.582950      0.607000 
   209.490220    -28.830372    -16.641897      0.614000 
   209.490231    -28.844242    -16.700842      0.620000 
   209.490243    -28.858116    -16.759785      0.622000 
   209.490255    -28.872000    -16.818730      0.623000 
   209.490266    -28.885887    -16.877672      0.622000 
   209.490278    -28.899780    -16.936613      0.622000 
   209.490289    -28.913680    -16.995552      0.622000 
   210.009653    -30.606384    -16.954702      0.586000 
   210.009664    -30.620280    -16.895763      0.586000 
   210.009676    -30.634169    -16.836824      0.588000 
   210.009687    -30.648052    -16.777885      0.591000 
   210.009699    -30.661926    -16.718945      0.595000 
   210.009711    -30.675798    -16.660004      0.598000 
   210.009722    -30.689663    -16.601060      0.599000 
   210.009734    -30.703524    -16.542116      0.600000 
   210.009745    -30.717377    -16.483171      0.599000 
   210.009757    -30.731224    -16.424227      0.597000 
   210.009769    -30.745066    -16.365278      0.595000 
   210.009780    -30.758902    -16.306332      0.594000 
   210.009792    -30.772734    -16.247383      0.592000 
   210.009803    -30.786556    -16.188433      0.593000 
   210.009815    -30.800377    -16.129482      0.594000 
   210.009826    -30.814190    -16.070532      0.596000 
   210.009838    -30.827997    -16.011578      0.599000 
   210.009850    -30.841799    -15.952624      0.601000 
   210.009861    -30.855595    -15.893670      0.602000 
   210.009873    -30.869387    -15.834714      0.602000 
   210.009884    -30.883171    -15.775758      0.602000 
   210.009896    -30.896952    -15.716801      0.601000 
   210.009907    -30.910727    -15.657842      0.600000 
   210.009919    -30.924496    -15.598883      0.600000 
   210.009931    -30.938260    -15.539923      0.599000 
   210.009942    -30.952017    -15.480962      0.600000 
   210.009954    -30.965769    -15.422000      0.600000 
   210.009965    -30.979515    -15.363037      0.601000 
   210.009977    -30.993260    -15.304073      0.601000 
   210.009988    -31.006994    -15.245108      0.600000 
   210.010000    -31.020727    -15.186142      0.599000 
   210.010012    -31.034452    -15.127176      0.597000 
   210.010023    -31.048174    -15.068208      0.595000 
   210.010035    -31.061890    -15.009240      0.592000 
   210.010046    -31.075600    -14.950270      0.590000 
   210.010058    -31.089306    -14.891300      0.587000 
   210.010069    -31.103004    -14.832329      0.587000 
   210.010081    -31.116701    -14.773357      0.586000 
   210.010093    -31.130390    -14.714384      0.587000 
   210.010104    -31.144075    -14.655410      0.587000 
   210.010116    -31.157757    -14.596435      0.588000 
   210.010127    -31.171430    -14.537459      0.589000 
   210.010139    -31.185100    -14.478483      0.590000 
   210.010150    -31.198765    -14.419505      0.590000 
   210.010162    -31.212423    -14.360527      0.591000 
   210.010174    -31.226082    -14.301548      0.592000 
   210.010185    -31.239730    -14.242568      0.594000 
   210.010197    -31.253376    -14.183587      0.595000 
   210.010208    -31.267015    -14.124605      0.598000 
   210.010220    -31.280651    -14.065622      0.600000 
   210.010231    -31.294283    -14.006639      0.600000 
   210.010243    -31.307907    -13.947654      0.599000 
   210.010255    -31.321530    -13.888669      0.595000 
   210.010266    -31.335148    -13.829683      0.588000 
   210.010278    -31.348759    -13.770696      0.579000 
   210.010289    -31.362366    -13.711708      0.569000 
   210.010301    -31.375969    -13.652720      0.559000 
   210.010312    -31.389566    -13.593730      0.550000 
   210.010324    -31.403158    -13.534740      0.544000 
   210.010336    -31.416748    -13.475749      0.544000 
   210.010347    -31.430332    -13.416757      0.548000 
   210.010359    -31.443910    -13.357764      0.555000 
   210.010370    -31.457485    -13.298771      0.566000 
   210.010382    -31.471058    -13.239776      0.579000 
   210.010394    -31.484623    -13.180781      0.590000 
   210.010405    -31.498184    -13.121785      0.598000 
   210.010417    -31.511742    -13.062788      0.602000 
   210.010428    -31.525293    -13.003791      0.602000 
   214.007060    -29.670580    -16.957642      0.581000 
   214.007072    -29.684475    -16.898703      0.584000 
   214.007083    -29.698362    -16.839764      0.587000 
   214.007095    -29.712246    -16.780825      0.589000 
   214.007106    -29.726124    -16.721884      0.588000 
   214.007118    -29.739994    -16.662941      0.587000 
   214.007130    -29.753860    -16.603998      0.584000 
   214.007153    -29.781572    -16.486110      0.574000 
   214.007164    -29.795422    -16.427164      0.569000 
   214.007176    -29.809261    -16.368217      0.566000 
   214.007188    -29.823100    -16.309269      0.564000 
   214.007199    -29.836930    -16.250322      0.563000 
   214.007211    -29.850754    -16.191372      0.566000 
   214.007222    -29.864574    -16.132421      0.569000 
   214.007234    -29.878387    -16.073470      0.573000 
   214.007245    -29.892197    -16.014517      0.575000 
   214.007257    -29.905998    -15.955563      0.578000 
   214.007269    -29.919794    -15.896609      0.578000 
   214.007280    -29.933584    -15.837653      0.578000 
   214.007292    -29.947372    -15.778697      0.578000 
   214.007303    -29.961151    -15.719739      0.577000 
   214.007315    -29.974928    -15.660781      0.578000 
   214.007326    -29.988695    -15.601822      0.581000 
   214.007338    -30.002460    -15.542862      0.583000 
   214.007350    -30.016218    -15.483901      0.587000 
   214.007361    -30.029970    -15.424938      0.589000 
   214.007384    -30.057460    -15.307011      0.590000 
   214.007396    -30.071198    -15.248047      0.588000 
   214.007407    -30.084930    -15.189081      0.583000 
   214.007419    -30.098658    -15.130114      0.578000 
   214.007431    -30.112377    -15.071147      0.572000 
   214.007442    -30.126095    -15.012178      0.568000 
   214.007454    -30.139805    -14.953209      0.565000 
   214.007465    -30.153510    -14.894238      0.566000 
   214.007477    -30.167212    -14.835267      0.568000 
   214.007488    -30.180904    -14.776295      0.573000 
   214.007500    -30.194595    -14.717322      0.577000 
   214.007512    -30.208282    -14.658348      0.584000 
   214.007523    -30.221962    -14.599373      0.588000 
   214.007535    -30.235638    -14.540397      0.592000 
   214.007546    -30.249306    -14.481421      0.593000 
   214.007558    -30.262972    -14.422443      0.593000 
   214.007569    -30.276632    -14.363465      0.592000 
   214.007581    -30.290289    -14.304486      0.591000 
   214.007593    -30.303940    -14.245506      0.586000 
   214.007604    -30.317583    -14.186525      0.582000 
   214.007616    -30.331224    -14.127543      0.575000 
   214.007627    -30.344860    -14.068560      0.568000 
   214.007639    -30.358492    -14.009577      0.560000 
   214.007650    -30.372118    -13.950592      0.552000 
   214.007662    -30.385740    -13.891607      0.544000 
   214.007674    -30.399357    -13.832621      0.539000 
   214.007685    -30.412970    -13.773634      0.537000 
   214.007697    -30.426577    -13.714646      0.538000 
   214.007708    -30.440180    -13.655658      0.542000 
   214.007720    -30.453777    -13.596668      0.549000 
   214.007731    -30.467371    -13.537678      0.559000 
   214.007743    -30.480959    -13.478687      0.567000 
   214.007755    -30.494543    -13.419695      0.576000 
   214.007766    -30.508123    -13.360702      0.583000 
   214.007778    -30.521700    -13.301708      0.587000 
   214.007789    -30.535269    -13.242714      0.591000 
   214.007801    -30.548836    -13.183719      0.593000 
   214.007812    -30.562397    -13.124723      0.595000 
   214.007824    -30.575954    -13.065726      0.597000 
   214.007836    -30.589508    -13.006728      0.601000 
   218.004468    -28.731995    -16.972376      0.608000 
   218.004479    -28.745892    -16.913439      0.613000 
   218.004491    -28.759783    -16.854500      0.617000 
   218.004502    -28.773664    -16.795560      0.621000 
   218.004514    -28.787544    -16.736618      0.623000 
   218.004525    -28.801418    -16.677677      0.621000 
   218.004537    -28.815285    -16.618734      0.617000 
   218.004549    -28.829145    -16.559792      0.610000 
   218.004560    -28.843000    -16.500847      0.601000 
   218.004572    -28.856852    -16.441900      0.593000 
   218.004583    -28.870695    -16.382954      0.584000 
   218.004595    -28.884533    -16.324005      0.578000 
   218.004606    -28.898365    -16.265059      0.573000 
   218.004618    -28.912191    -16.206108      0.570000 
   218.004630    -28.926012    -16.147158      0.568000 
   218.004641    -28.939827    -16.088207      0.567000 
   218.004653    -28.953636    -16.029253      0.563000 
   218.004664    -28.967440    -15.970301      0.560000 
   218.004676    -28.981240    -15.911347      0.554000 
   218.004687    -28.995031    -15.852391      0.549000 
   218.004699    -29.008820    -15.793435      0.543000 
   218.004711    -29.022600    -15.734478      0.537000 
   218.004722    -29.036377    -15.675520      0.535000 
   218.004734    -29.050146    -15.616561      0.534000 
   218.004745    -29.063911    -15.557600      0.537000 
   218.004757    -29.077671    -15.498639      0.541000 
   218.004769    -29.091427    -15.439678      0.546000 
   218.004780    -29.105177    -15.380715      0.549000 
   218.004792    -29.118920    -15.321751      0.551000 
   218.004803    -29.132656    -15.262786      0.549000 
   218.004815    -29.146390    -15.203821      0.546000 
   218.004826    -29.160118    -15.144854      0.540000 
   218.004838    -29.173841    -15.085887      0.534000 
   218.004850    -29.187560    -15.026918      0.528000 
   218.004861    -29.201271    -14.967949      0.524000 
   218.004873    -29.214980    -14.908979      0.523000 
   218.004884    -29.228680    -14.850008      0.525000 
   218.004896    -29.242376    -14.791036      0.528000 
   218.004907    -29.256070    -14.732063      0.534000 
   218.004919    -29.269756    -14.673089      0.538000 
   218.004931    -29.283436    -14.614114      0.541000 
   218.004942    -29.297113    -14.555139      0.542000 
   218.004954    -29.310785    -14.496162      0.542000 
   218.004965    -29.324451    -14.437185      0.539000 
   218.004977    -29.338114    -14.378207      0.536000 
   218.004988    -29.351768    -14.319228      0.534000 
   218.005000    -29.365421    -14.260248      0.533000 
   218.005012    -29.379068    -14.201267      0.535000 
   218.005023    -29.392712    -14.142285      0.539000 
   218.005035    -29.406347    -14.083303      0.546000 
   218.005046    -29.419981    -14.024320      0.554000 
   218.005058    -29.433607    -13.965335      0.561000 
   218.005069    -29.447230    -13.906350      0.566000 
   218.005081    -29.460848    -13.847364      0.570000 
   218.005093    -29.474463    -13.788377      0.570000 
   218.005104    -29.488070    -13.729390      0.570000 
   218.005116    -29.501675    -13.670401      0.569000 
   218.005127    -29.515274    -13.611412      0.566000 
   218.005139    -29.528870    -13.552422      0.565000 
   218.005150    -29.542460    -13.493431      0.566000 
   218.005162    -29.556046    -13.434439      0.567000 
   218.005174    -29.569626    -13.375446      0.570000 
   218.005185    -29.583202    -13.316453      0.571000 
   218.005197    -29.596775    -13.257459      0.572000 
   218.005208    -29.610342    -13.198464      0.573000 
   218.005220    -29.623905    -13.139468      0.572000 
   218.005231    -29.637465    -13.080471      0.570000 
   218.005243    -29.651018    -13.021473      0.567000 
   220.499896    -31.731916    -13.033120      0.605000 
   220.499907    -31.745470    -13.092121      0.604000 
   220.499919    -31.759030    -13.151120      0.604000 
   220.499931    -31.772594    -13.210119      0.604000 
   220.499942    -31.786161    -13.269117      0.604000 
   220.499954    -31.799734    -13.328114      0.604000 
   220.499965    -31.813313    -13.387110      0.603000 
   220.499977    -31.826897    -13.446105      0.600000 
   220.499988    -31.840483    -13.505100      0.594000 
   220.500000    -31.854074    -13.564094      0.586000 
   220.500012    -31.867670    -13.623086      0.575000 
   220.500023    -31.881270    -13.682079      0.565000 
   220.500035    -31.894875    -13.741070      0.554000 
   220.500046    -31.908485    -13.800060      0.546000 
   220.500058    -31.922100    -13.859050      0.541000 
   220.500069    -31.935719    -13.918038      0.540000 
   220.500081    -31.949343    -13.977026      0.543000 
   220.500093    -31.962973    -14.036013      0.550000 
   220.500104    -31.976604    -14.094999      0.560000 
   220.500116    -31.990244    -14.153985      0.569000 
   222.002037    -28.001274    -16.102951      0.567000 
   222.002049    -28.015085    -16.044000      0.563000 
   222.002060    -28.028889    -15.985047      0.558000 
   222.002072    -28.042688    -15.926093      0.553000 
   222.002083    -28.056484    -15.867138      0.548000 
   222.002095    -28.070272    -15.808181      0.544000 
   222.002106    -28.084057    -15.749224      0.543000 
   222.002118    -28.097834    -15.690266      0.542000 
   222.002130    -28.111605    -15.631307      0.543000 
   222.002141    -28.125374    -15.572348      0.543000 
   222.002153    -28.139133    -15.513387      0.544000 
   222.002164    -28.152890    -15.454425      0.542000 
   222.002176    -28.166640    -15.395462      0.540000 
   222.002188    -28.180386    -15.336499      0.537000 
   222.002199    -28.194126    -15.277534      0.533000 
   222.002211    -28.207860    -15.218569      0.528000 
   222.002222    -28.221588    -15.159602      0.524000 
   222.002234    -28.235313    -15.100635      0.520000 
   222.002245    -28.249031    -15.041667      0.518000 
   222.002257    -28.262745    -14.982698      0.517000 
   222.002269    -28.276455    -14.923728      0.517000 
   222.002280    -28.290157    -14.864757      0.519000 
   222.002292    -28.303856    -14.805785      0.520000 
   222.002303    -28.317549    -14.746812      0.522000 
   222.002315    -28.331236    -14.687839      0.523000 
   222.002326    -28.344920    -14.628864      0.524000 
   222.002338    -28.358599    -14.569889      0.527000 
   222.002350    -28.372270    -14.510912      0.529000 
   222.002361    -28.385939    -14.451935      0.532000 
   222.002373    -28.399603    -14.392957      0.537000 
   222.002384    -28.413260    -14.333978      0.541000 
   222.002396    -28.426912    -14.274998      0.546000 
   222.002407    -28.440561    -14.216018      0.551000 
   222.002419    -28.454205    -14.157036      0.555000 
   222.002431    -28.467842    -14.098054      0.559000 
   222.002442    -28.481476    -14.039071      0.560000 
   222.002454    -28.495106    -13.980087      0.561000 
   222.002465    -28.508730    -13.921102      0.560000 
   222.002477    -28.522348    -13.862116      0.560000 
   222.002488    -28.535963    -13.803129      0.560000 
   222.002500    -28.549574    -13.744142      0.560000 
   222.002512    -28.563177    -13.685153      0.562000 
   222.002523    -28.576778    -13.626164      0.565000 
   222.002535    -28.590374    -13.567174      0.568000 
   222.002546    -28.603968    -13.508183      0.573000 
   222.002558    -28.617552    -13.449191      0.577000 
   222.002569    -28.631136    -13.390199      0.582000 
   222.002581    -28.644712    -13.331206      0.584000 
   222.002593    -28.658287    -13.272211      0.586000 
   222.002604    -28.671854    -13.213216      0.587000 
   222.002616    -28.685420    -13.154221      0.587000 
   222.002627    -28.698978    -13.095224      0.585000 
   222.002639    -28.712536    -13.036227      0.583000 
   224.497292    -30.792150    -13.012382      0.608000 
   224.497303    -30.805704    -13.071383      0.609000 
   224.497315    -30.819263    -13.130383      0.610000 
   224.497326    -30.832825    -13.189382      0.608000 
   224.497338    -30.846392    -13.248380      0.605000 
   224.497350    -30.859962    -13.307377      0.601000 
   224.497361    -30.873539    -13.366374      0.596000 
   224.497373    -30.887121    -13.425369      0.590000 
   224.497384    -30.900705    -13.484364      0.585000 
   224.497396    -30.914295    -13.543358      0.580000 
   224.497407    -30.927889    -13.602351      0.576000 
   224.497419    -30.941488    -13.661344      0.575000 
   224.497431    -30.955091    -13.720335      0.573000 
   224.497442    -30.968700    -13.779326      0.574000 
   224.497454    -30.982313    -13.838316      0.576000 
   224.497465    -30.995932    -13.897305      0.580000 
   224.497477    -31.009554    -13.956293      0.585000 
   224.497488    -31.023180    -14.015280      0.589000 
   224.497500    -31.036812    -14.074267      0.593000 
   224.497512    -31.050450    -14.133252      0.594000 
   224.497523    -31.064090    -14.192237      0.595000 
   224.497535    -31.077738    -14.251221      0.594000 
   224.497546    -31.091387    -14.310204      0.591000 
   224.497558    -31.105045    -14.369186      0.587000 
   224.497569    -31.118706    -14.428167      0.583000 
   224.497581    -31.132372    -14.487148      0.579000 
   224.497593    -31.146044    -14.546127      0.578000 
   224.497604    -31.159718    -14.605106      0.579000 
   224.497616    -31.173400    -14.664083      0.580000 
   224.497627    -31.187086    -14.723060      0.585000 
   224.497639    -31.200777    -14.782036      0.589000 
   224.497650    -31.214474    -14.841011      0.594000 
   224.497662    -31.228174    -14.899985      0.595000 
   224.497674    -31.241882    -14.958959      0.595000 
   224.497685    -31.255592    -15.017931      0.593000 
   224.497697    -31.269310    -15.076903      0.588000 
   224.497708    -31.283031    -15.135873      0.580000 
   224.497720    -31.296760    -15.194843      0.572000 
   224.497731    -31.310492    -15.253811      0.565000 
   224.497743    -31.324230    -15.312779      0.560000 
   224.497755    -31.337973    -15.371746      0.557000 
   224.497766    -31.351720    -15.430712      0.554000 
   224.497778    -31.365477    -15.489677      0.555000 
   224.497789    -31.379234    -15.548641      0.558000 
   224.497801    -31.393000    -15.607604      0.561000 
   224.497812    -31.406769    -15.666566      0.565000 
   224.497824    -31.420546    -15.725528      0.566000 
   224.497836    -31.434326    -15.784488      0.568000 
   224.497847    -31.448112    -15.843447      0.569000 
   224.497859    -31.461905    -15.902406      0.570000 
   224.497870    -31.475702    -15.961363      0.570000 
   224.497882    -31.489506    -16.020319      0.571000 
   224.497894    -31.503315    -16.079275      0.573000 
   224.497905    -31.517130    -16.138230      0.577000 
   224.497917    -31.530950    -16.197184      0.582000 
   224.497928    -31.544777    -16.256136      0.585000 
   224.497940    -31.558607    -16.315088      0.590000 
   224.497951    -31.572445    -16.374039      0.593000 
   224.497963    -31.586288    -16.432987      0.593000 
   224.497975    -31.600138    -16.491938      0.591000 
   224.497986    -31.613990    -16.550884      0.588000 
   224.497998    -31.627851    -16.609830      0.582000 
   224.498009    -31.641718    -16.668777      0.576000 
   224.498021    -31.655590    -16.727722      0.569000 
   224.498032    -31.669468    -16.786667      0.564000 
   224.498044    -31.683353    -16.845608      0.562000 
   224.498056    -31.697243    -16.904550      0.562000 
   224.498067    -31.711140    -16.963491      0.564000 
   228.494711    -29.854416    -13.000483      0.581000 
   228.494722    -29.867968    -13.059484      0.585000 
   228.494734    -29.881525    -13.118484      0.590000 
   228.494745    -29.895086    -13.177483      0.593000 
   228.494757    -29.908653    -13.236481      0.595000 
   228.494769    -29.922222    -13.295479      0.596000 
   228.494780    -29.935799    -13.354475      0.595000 
   228.494792    -29.949377    -13.413471      0.591000 
   228.494803    -29.962963    -13.472466      0.586000 
   228.494815    -29.976551    -13.531460      0.579000 
   228.494826    -29.990145    -13.590453      0.571000 
   228.494838    -30.003742    -13.649446      0.564000 
   228.494850    -30.017345    -13.708438      0.557000 
   228.494861    -30.030952    -13.767428      0.554000 
   228.494873    -30.044565    -13.826418      0.553000 
   228.494884    -30.058182    -13.885408      0.556000 
   228.494896    -30.071802    -13.944396      0.561000 
   228.494907    -30.085428    -14.003383      0.569000 
   228.494919    -30.099060    -14.062370      0.577000 
   228.494931    -30.112696    -14.121356      0.585000 
   228.494942    -30.126337    -14.180341      0.591000 
   228.494954    -30.139982    -14.239325      0.595000 
   228.494965    -30.153633    -14.298308      0.596000 
   228.494977    -30.167288    -14.357290      0.595000 
   228.494988    -30.180948    -14.416271      0.593000 
   228.495000    -30.194613    -14.475252      0.590000 
   228.495012    -30.208282    -14.534232      0.586000 
   228.495023    -30.221958    -14.593210      0.583000 
   228.495035    -30.235638    -14.652188      0.580000 
   228.495046    -30.249325    -14.711165      0.578000 
   228.495058    -30.263014    -14.770141      0.574000 
   228.495069    -30.276709    -14.829117      0.570000 
   228.495081    -30.290410    -14.888091      0.566000 
   228.495093    -30.304115    -14.947064      0.561000 
   228.495104    -30.317825    -15.006037      0.555000 
   228.495116    -30.331541    -15.065009      0.550000 
   228.495127    -30.345263    -15.123979      0.546000 
   228.495139    -30.358990    -15.182949      0.544000 
   228.495150    -30.372720    -15.241918      0.544000 
   228.495162    -30.386457    -15.300886      0.547000 
   228.495185    -30.413948    -15.418819      0.558000 
   228.495197    -30.427700    -15.477784      0.566000 
   228.495220    -30.455221    -15.595712      0.582000 
   228.495231    -30.468992    -15.654674      0.589000 
   228.495243    -30.482765    -15.713635      0.594000 
   228.495255    -30.496546    -15.772596      0.598000 
   228.495266    -30.510332    -15.831555      0.599000 
   228.495278    -30.524122    -15.890514      0.599000 
   228.495289    -30.537918    -15.949472      0.597000 
   228.495301    -30.551722    -16.008429      0.593000 
   228.495313    -30.565529    -16.067385      0.590000 
   228.495324    -30.579342    -16.126337      0.588000 
   228.495336    -30.593163    -16.185291      0.587000 
   228.495359    -30.620815    -16.303198      0.589000 
   228.495382    -30.648495    -16.421099      0.595000 
   228.495394    -30.662342    -16.480047      0.598000 
   228.495405    -30.676197    -16.538996      0.598000 
   228.495417    -30.690056    -16.597942      0.596000 
   228.495428    -30.703920    -16.656887      0.593000 
   228.495440    -30.717793    -16.715834      0.587000 
   228.495451    -30.731668    -16.774776      0.582000 
   228.495463    -30.745552    -16.833720      0.576000 
   228.495475    -30.759441    -16.892660      0.573000 
   228.495486    -30.773336    -16.951603      0.570000 
   232.492130    -28.930904    -13.050517      0.597000 
   232.492141    -28.944460    -13.109517      0.597000 
   232.492153    -28.958021    -13.168516      0.594000 
   232.492164    -28.971586    -13.227514      0.592000 
   232.492176    -28.985157    -13.286512      0.588000 
   232.492188    -28.998732    -13.345508      0.584000 
   232.492199    -29.012312    -13.404504      0.581000 
   232.492211    -29.025894    -13.463499      0.577000 
   232.492222    -29.039482    -13.522494      0.573000 
   232.492234    -29.053076    -13.581487      0.569000 
   232.492245    -29.066673    -13.640480      0.564000 
   232.492257    -29.080275    -13.699471      0.559000 
   232.492269    -29.093882    -13.758462      0.554000 
   232.492280    -29.107494    -13.817452      0.550000 
   232.492292    -29.121109    -13.876442      0.545000 
   232.492303    -29.134730    -13.935430      0.543000 
   232.492315    -29.148355    -13.994417      0.541000 
   232.492326    -29.161987    -14.053404      0.540000 
   232.492338    -29.175623    -14.112390      0.540000 
   232.492350    -29.189262    -14.171375      0.540000 
   232.492361    -29.202908    -14.230359      0.539000 
   232.492373    -29.216557    -14.289342      0.537000 
   232.492384    -29.230211    -14.348325      0.535000 
   232.492396    -29.243872    -14.407306      0.534000 
   232.492407    -29.257536    -14.466287      0.534000 
   232.492419    -29.271206    -14.525266      0.535000 
   232.492431    -29.284878    -14.584245      0.538000 
   232.492442    -29.298560    -14.643223      0.543000 
   232.492454    -29.312243    -14.702200      0.549000 
   232.492465    -29.325933    -14.761177      0.555000 
   232.492477    -29.339626    -14.820152      0.559000 
   232.492488    -29.353327    -14.879126      0.561000 
   232.492500    -29.367031    -14.938100      0.561000 
   232.492512    -29.380741    -14.997072      0.558000 
   232.492523    -29.394457    -15.056044      0.554000 
   232.492535    -29.408178    -15.115015      0.549000 
   232.492546    -29.421904    -15.173985      0.544000 
   232.492558    -29.435633    -15.232954      0.540000 
   232.492569    -29.449371    -15.291922      0.540000 
   232.492581    -29.463112    -15.350889      0.541000 
   232.492593    -29.476858    -15.409855      0.546000 
   232.492604    -29.490610    -15.468820      0.551000 
   232.492616    -29.504370    -15.527785      0.556000 
   232.492627    -29.518131    -15.586748      0.562000 
   232.492639    -29.531900    -15.645711      0.565000 
   232.492650    -29.545673    -15.704672      0.568000 
   232.492662    -29.559452    -15.763633      0.570000 
   232.492674    -29.573238    -15.822592      0.571000 
   232.492685    -29.587029    -15.881551      0.574000 
   232.492697    -29.600822    -15.940509      0.576000 
   232.492708    -29.614626    -15.999465      0.579000 
   232.492720    -29.628433    -16.058420      0.583000 
   232.492731    -29.642246    -16.117376      0.586000 
   232.492743    -29.656063    -16.176330      0.589000 
   232.492755    -29.669888    -16.235283      0.591000 
   232.492766    -29.683718    -16.294235      0.591000 
   232.492778    -29.697554    -16.353186      0.590000 
   232.492789    -29.711393    -16.412136      0.589000 
   232.492801    -29.725240    -16.471085      0.587000 
   232.492812    -29.739094    -16.530033      0.587000 
   232.492824    -29.752953    -16.588980      0.588000 
   232.492836    -29.766817    -16.647924      0.589000 
   232.492847    -29.780687    -16.706871      0.593000 
   232.492859    -29.794563    -16.765816      0.597000 
   232.492870    -29.808447    -16.824759      0.603000 
   232.492882    -29.822334    -16.883700      0.608000 
   232.492894    -29.836227    -16.942640      0.611000 
   233.012280    -31.542890    -16.948832      0.611000 
   233.012280    -31.556786    -16.889893      0.611000 
   233.012303    -31.570675    -16.830954      0.610000 
   233.012315    -31.584557    -16.772015      0.608000 
   233.012326    -31.598433    -16.713072      0.604000 
   233.012326    -31.612303    -16.654130      0.599000 
   233.012350    -31.626167    -16.595188      0.595000 
   233.012361    -31.640026    -16.536245      0.592000 
   233.012361    -31.653880    -16.477300      0.591000 
   233.012373    -31.667727    -16.418354      0.590000 
   233.012396    -31.681566    -16.359407      0.592000 
   233.012407    -31.695402    -16.300459      0.595000 
   233.012407    -31.709232    -16.241510      0.598000 
   233.012419    -31.723057    -16.182562      0.599000 
   233.012442    -31.736874    -16.123610      0.599000 
   233.012454    -31.750687    -16.064660      0.598000 
   233.012454    -31.764494    -16.005707      0.595000 
   233.012465    -31.778296    -15.946753      0.591000 
   233.012488    -31.792091    -15.887798      0.586000 
   233.012500    -31.805882    -15.828843      0.584000 
   233.012500    -31.819666    -15.769886      0.582000 
   233.012512    -31.833445    -15.710929      0.583000 
   233.012535    -31.847218    -15.651970      0.588000 
   233.012546    -31.860987    -15.593011      0.593000 
   233.012546    -31.874750    -15.534051      0.601000 
   233.012569    -31.888508    -15.475090      0.608000 
   233.012581    -31.902260    -15.416128      0.614000 
   233.012581    -31.916006    -15.357165      0.620000 
   233.012593    -31.929749    -15.298201      0.622000 
   233.012616    -31.943483    -15.239236      0.624000 
   233.012627    -31.957214    -15.180270      0.623000 
   233.012627    -31.970940    -15.121303      0.621000 
   233.012639    -31.984660    -15.062336      0.619000 
   233.012662    -31.998377    -15.003367      0.615000 
   236.489549    -28.008043    -13.103486      0.537000 
   236.489560    -28.021605    -13.162485      0.536000 
   236.489572    -28.035168    -13.221483      0.538000 
   236.489583    -28.048738    -13.280481      0.541000 
   236.489595    -28.062313    -13.339477      0.546000 
   236.489606    -28.075891    -13.398473      0.551000 
   236.489618    -28.089474    -13.457469      0.555000 
   236.489630    -28.103064    -13.516463      0.556000 
   236.489641    -28.116655    -13.575456      0.557000 
   236.489653    -28.130253    -13.634449      0.555000 
   236.489664    -28.143854    -13.693441      0.553000 
   236.489676    -28.157460    -13.752432      0.551000 
   236.489688    -28.171070    -13.811422      0.551000 
   236.489699    -28.184687    -13.870411      0.552000 
   236.489711    -28.198307    -13.929399      0.554000 
   236.489722    -28.211931    -13.988387      0.559000 
   236.489734    -28.225563    -14.047374      0.563000 
   236.489745    -28.239197    -14.106359      0.568000 
   236.489757    -28.252836    -14.165344      0.572000 
   236.489769    -28.266481    -14.224329      0.575000 
   236.489780    -28.280130    -14.283312      0.576000 
   236.489792    -28.293785    -14.342294      0.574000 
   236.489803    -28.307444    -14.401276      0.571000 
   236.489815    -28.321108    -14.460256      0.567000 
   236.489826    -28.334778    -14.519236      0.562000 
   236.489838    -28.348452    -14.578215      0.557000 
   236.489850    -28.362130    -14.637193      0.553000 
   236.489861    -28.375813    -14.696170      0.550000 
   236.489873    -28.389502    -14.755146      0.548000 
   236.489884    -28.403198    -14.814122      0.549000 
   236.489896    -28.416897    -14.873096      0.552000 
   236.489907    -28.430601    -14.932070      0.557000 
   236.489919    -28.444311    -14.991042      0.562000 
   236.489931    -28.458027    -15.050014      0.566000 
   236.489942    -28.471745    -15.108985      0.570000 
   236.489954    -28.485472    -15.167955      0.572000 
   236.489965    -28.499200    -15.226924      0.572000 
   236.489977    -28.512938    -15.285892      0.569000 
   236.489988    -28.526678    -15.344859      0.566000 
   236.490000    -28.540424    -15.403825      0.562000 
   236.490012    -28.554176    -15.462791      0.559000 
   236.490023    -28.567932    -15.521755      0.557000 
   236.490035    -28.581696    -15.580718      0.558000 
   236.490046    -28.595463    -15.639681      0.559000 
   236.490058    -28.609238    -15.698643      0.563000 
   236.490069    -28.623016    -15.757603      0.566000 
   236.490081    -28.636799    -15.816563      0.568000 
   236.490093    -28.650590    -15.875522      0.568000 
   236.490104    -28.664387    -15.934479      0.566000 
   236.490116    -28.678186    -15.993436      0.564000 
   236.490127    -28.691994    -16.052391      0.560000 
   236.490139    -28.705805    -16.111347      0.557000 
   236.490150    -28.719624    -16.170301      0.557000 
   236.490162    -28.733446    -16.229254      0.558000 
   236.490174    -28.747276    -16.288206      0.562000 
   236.490185    -28.761110    -16.347157      0.568000 
   236.490197    -28.774952    -16.406107      0.576000 
   236.490208    -28.788797    -16.465055      0.585000 
   236.490220    -28.802650    -16.524002      0.592000 
   236.490231    -28.816507    -16.582950      0.598000 
   236.490243    -28.830372    -16.641897      0.601000 
   236.490255    -28.844242    -16.700842      0.603000 
   236.490266    -28.858116    -16.759785      0.602000 
   236.490278    -28.872000    -16.818730      0.602000 
   236.490289    -28.885887    -16.877672      0.601000 
   236.490301    -28.899780    -16.936613      0.602000 
   236.490313    -28.913680    -16.995552      0.604000 
   237.009676    -30.606384    -16.954702      0.614000 
   237.009687    -30.620280    -16.895763      0.613000 
   237.009699    -30.634169    -16.836824      0.612000 
   237.009711    -30.648052    -16.777885      0.610000 
   237.009722    -30.661926    -16.718945      0.609000 
   237.009734    -30.675798    -16.660004      0.607000 
   237.009745    -30.689663    -16.601060      0.603000 
   237.009757    -30.703524    -16.542116      0.599000 
   237.009769    -30.717377    -16.483171      0.594000 
   237.009780    -30.731224    -16.424227      0.591000 
   237.009792    -30.745066    -16.365278      0.586000 
   237.009803    -30.758902    -16.306332      0.583000 
   237.009815    -30.772734    -16.247383      0.580000 
   237.009826    -30.786556    -16.188433      0.578000 
   237.009838    -30.800377    -16.129482      0.577000 
   237.009850    -30.814190    -16.070532      0.575000 
   237.009861    -30.827997    -16.011578      0.575000 
   237.009873    -30.841799    -15.952624      0.574000 
   237.009884    -30.855595    -15.893670      0.575000 
   237.009896    -30.869387    -15.834714      0.574000 
   237.009907    -30.883171    -15.775758      0.575000 
   237.009919    -30.896952    -15.716801      0.577000 
   237.009931    -30.910727    -15.657842      0.579000 
   237.009942    -30.924496    -15.598883      0.583000 
   237.009954    -30.938260    -15.539923      0.587000 
   237.009965    -30.952017    -15.480962      0.592000 
   237.009977    -30.965769    -15.422000      0.595000 
   237.009988    -30.979515    -15.363037      0.599000 
   237.010000    -30.993260    -15.304073      0.600000 
   237.010012    -31.006994    -15.245108      0.600000 
   237.010023    -31.020727    -15.186142      0.596000 
   237.010035    -31.034452    -15.127176      0.592000 
   237.010046    -31.048174    -15.068208      0.587000 
   237.010058    -31.061890    -15.009240      0.582000 
   237.010069    -31.075600    -14.950270      0.578000 
   237.010081    -31.089306    -14.891300      0.574000 
   237.010093    -31.103004    -14.832329      0.574000 
   237.010104    -31.116701    -14.773357      0.574000 
   237.010116    -31.130390    -14.714384      0.577000 
   237.010127    -31.144075    -14.655410      0.580000 
   237.010139    -31.157757    -14.596435      0.584000 
   237.010150    -31.171430    -14.537459      0.586000 
   237.010162    -31.185100    -14.478483      0.588000 
   237.010174    -31.198765    -14.419505      0.588000 
   237.010185    -31.212423    -14.360527      0.588000 
   237.010197    -31.226082    -14.301548      0.587000 
   237.010208    -31.239730    -14.242568      0.586000 
   237.010220    -31.253376    -14.183587      0.584000 
   237.010231    -31.267015    -14.124605      0.584000 
   237.010243    -31.280651    -14.065622      0.585000 
   237.010255    -31.294283    -14.006639      0.586000 
   237.010266    -31.307907    -13.947654      0.586000 
   237.010278    -31.321530    -13.888669      0.587000 
   237.010289    -31.335148    -13.829683      0.586000 
   237.010301    -31.348759    -13.770696      0.583000 
   237.010312    -31.362366    -13.711708      0.580000 
   237.010324    -31.375969    -13.652720      0.577000 
   237.010336    -31.389566    -13.593730      0.574000 
   237.010347    -31.403158    -13.534740      0.570000 
   237.010359    -31.416748    -13.475749      0.570000 
   237.010370    -31.430332    -13.416757      0.571000 
   237.010382    -31.443910    -13.357764      0.574000 
   237.010394    -31.457485    -13.298771      0.578000 
   237.010405    -31.471058    -13.239776      0.584000 
   237.010417    -31.484623    -13.180781      0.590000 
   237.010428    -31.498184    -13.121785      0.597000 
   237.010440    -31.511742    -13.062788      0.602000 
   237.010451    -31.525293    -13.003791      0.606000 
   241.007083    -29.670580    -16.957642      0.619000 
   241.007095    -29.684475    -16.898703      0.625000 
   241.007106    -29.698362    -16.839764      0.629000 
   241.007118    -29.712246    -16.780825      0.631000 
   241.007130    -29.726124    -16.721884      0.630000 
   241.007141    -29.739994    -16.662941      0.630000 
   241.007153    -29.753860    -16.603998      0.628000 
   241.007164    -29.767720    -16.545053      0.625000 
   241.007176    -29.781572    -16.486110      0.622000 
   241.007188    -29.795422    -16.427164      0.618000 
   241.007199    -29.809261    -16.368217      0.615000 
   241.007211    -29.823100    -16.309269      0.611000 
   241.007222    -29.836930    -16.250322      0.607000 
   241.007234    -29.850754    -16.191372      0.604000 
   241.007245    -29.864574    -16.132421      0.599000 
   241.007257    -29.878387    -16.073470      0.596000 
   241.007269    -29.892197    -16.014517      0.591000 
   241.007280    -29.905998    -15.955563      0.588000 
   241.007292    -29.919794    -15.896609      0.583000 
   241.007303    -29.933584    -15.837653      0.580000 
   241.007315    -29.947372    -15.778697      0.576000 
   241.007326    -29.961151    -15.719739      0.572000 
   241.007338    -29.974928    -15.660781      0.568000 
   241.007350    -29.988695    -15.601822      0.566000 
   241.007361    -30.002460    -15.542862      0.563000 
   241.007373    -30.016218    -15.483901      0.563000 
   241.007384    -30.029970    -15.424938      0.564000 
   241.007396    -30.043718    -15.365975      0.567000 
   241.007407    -30.057460    -15.307011      0.570000 
   241.007419    -30.071198    -15.248047      0.575000 
   241.007431    -30.084930    -15.189081      0.579000 
   241.007442    -30.098658    -15.130114      0.584000 
   241.007454    -30.112377    -15.071147      0.586000 
   241.007465    -30.126095    -15.012178      0.587000 
   241.007477    -30.139805    -14.953209      0.586000 
   241.007488    -30.153510    -14.894238      0.584000 
   241.007500    -30.167212    -14.835267      0.581000 
   241.007512    -30.180904    -14.776295      0.578000 
   241.007523    -30.194595    -14.717322      0.574000 
   241.007535    -30.208282    -14.658348      0.572000 
   241.007546    -30.221962    -14.599373      0.570000 
   241.007558    -30.235638    -14.540397      0.570000 
   241.007569    -30.249306    -14.481421      0.570000 
   241.007581    -30.262972    -14.422443      0.571000 
   241.007593    -30.276632    -14.363465      0.573000 
   241.007604    -30.290289    -14.304486      0.575000 
   241.007616    -30.303940    -14.245506      0.576000 
   241.007627    -30.317583    -14.186525      0.577000 
   241.007639    -30.331224    -14.127543      0.577000 
   241.007650    -30.344860    -14.068560      0.577000 
   241.007662    -30.358492    -14.009577      0.575000 
   241.007674    -30.372118    -13.950592      0.574000 
   241.007685    -30.385740    -13.891607      0.572000 
   241.007697    -30.399357    -13.832621      0.571000 
   241.007708    -30.412970    -13.773634      0.570000 
   241.007720    -30.426577    -13.714646      0.570000 
   241.007731    -30.440180    -13.655658      0.571000 
   241.007743    -30.453777    -13.596668      0.572000 
   241.007755    -30.467371    -13.537678      0.574000 
   241.007766    -30.480959    -13.478687      0.576000 
   241.007778    -30.494543    -13.419695      0.577000 
   241.007789    -30.508123    -13.360702      0.578000 
   241.007801    -30.521700    -13.301708      0.578000 
   241.007812    -30.535269    -13.242714      0.576000 
   241.007824    -30.548836    -13.183719      0.575000 
   241.007836    -30.562397    -13.124723      0.574000 
   241.007847    -30.575954    -13.065726      0.572000 
   241.007859    -30.589508    -13.006728      0.572000 
