    36.801979    -23.012370    -18.525785      0.613000 
    36.801991    -23.026943    -18.587257      0.618000 
    36.802002    -23.041525    -18.648730      0.622000 
    36.802014    -23.056112    -18.710200      0.625000 
    36.802025    -23.070710    -18.771670      0.627000 
    36.802037    -23.085312    -18.833136      0.627000 
    36.802049    -23.099920    -18.894604      0.626000 
    36.802060    -23.114540    -18.956068      0.626000 
    36.802072    -23.129166    -19.017532      0.626000 
    36.802083    -23.143799    -19.078995      0.628000 
    36.802095    -23.158440    -19.140457      0.631000 
    36.802106    -23.173088    -19.201918      0.634000 
    36.802118    -23.187742    -19.263376      0.638000 
    36.802130    -23.202406    -19.324835      0.642000 
    36.802141    -23.217077    -19.386292      0.646000 
    36.802153    -23.231764    -19.447775      0.650000 
    36.802164    -23.246456    -19.509260      0.655000 
    36.802176    -23.261160    -19.570745      0.661000 
    36.802188    -23.275867    -19.632229      0.667000 
    36.802199    -23.290586    -19.693710      0.672000 
    36.802211    -23.305311    -19.755192      0.677000 
    36.802222    -23.320044    -19.816671      0.677000 
    36.802234    -23.334785    -19.878149      0.677000 
    36.802257    -23.349533    -19.939627      0.673000 
    37.318403    -23.022938    -19.468819      0.658000 
    37.318414    -23.037594    -19.407461      0.654000 
    37.318426    -23.052242    -19.346102      0.649000 
    37.318438    -23.066885    -19.284740      0.646000 
    37.318461    -23.081518    -19.223377      0.641000 
    37.318472    -23.096144    -19.162014      0.637000 
    37.318484    -23.110764    -19.100650      0.633000 
    37.318495    -23.125374    -19.039284      0.630000 
    37.318507    -23.139977    -18.977917      0.627000 
    37.318519    -23.154573    -18.916548      0.625000 
    37.318530    -23.169163    -18.855179      0.622000 
    37.318542    -23.183743    -18.793808      0.620000 
    37.318553    -23.198317    -18.732435      0.617000 
    37.318565    -23.212883    -18.671062      0.614000 
    37.318576    -23.227442    -18.609690      0.612000 
    37.318588    -23.241995    -18.548313      0.610000 
    37.318600    -23.256538    -18.486937      0.608000 
    37.318611    -23.271074    -18.425558      0.607000 
    37.318623    -23.285606    -18.364180      0.606000 
    37.318634    -23.300130    -18.302800      0.606000 
    37.318646    -23.314646    -18.241419      0.604000 
    37.318657    -23.329145    -18.180075      0.601000 
    37.318669    -23.343640    -18.118723      0.597000 
    37.318681    -23.358128    -18.057370      0.595000 
    39.805023    -24.024681    -18.034023      0.615000 
    39.805035    -24.039190    -18.095478      0.612000 
    39.805046    -24.053707    -18.156930      0.610000 
    39.805058    -24.068230    -18.218384      0.611000 
    39.805069    -24.082762    -18.279833      0.613000 
    39.805081    -24.097298    -18.341284      0.616000 
    39.805093    -24.111843    -18.402730      0.619000 
    39.805104    -24.126394    -18.464178      0.622000 
    39.805116    -24.140953    -18.525623      0.623000 
    39.805127    -24.155520    -18.587069      0.624000 
    39.805139    -24.170094    -18.648514      0.627000 
    39.805162    -24.184675    -18.709955      0.630000 
    39.805174    -24.199263    -18.771397      0.634000 
    39.805185    -24.213865    -18.832869      0.639000 
    39.805197    -24.228476    -18.894339      0.644000 
    39.805208    -24.243093    -18.955807      0.648000 
    39.805220    -24.257720    -19.017275      0.649000 
    39.805231    -24.272352    -19.078741      0.649000 
    39.805243    -24.286991    -19.140207      0.645000 
    39.805255    -24.301641    -19.201672      0.639000 
    39.805266    -24.316298    -19.263136      0.634000 
    39.805278    -24.330960    -19.324596      0.631000 
    39.805289    -24.345630    -19.386057      0.629000 
    39.805301    -24.360310    -19.447517      0.633000 
    39.805312    -24.374996    -19.508974      0.640000 
    39.805324    -24.389690    -19.570433      0.650000 
    39.805336    -24.404392    -19.631887      0.661000 
    39.805347    -24.419102    -19.693342      0.672000 
    39.805359    -24.433820    -19.754795      0.679000 
    39.805370    -24.448545    -19.816248      0.684000 
    39.805382    -24.463280    -19.877699      0.686000 
    39.805394    -24.478020    -19.939148      0.686000 
    42.808171    -25.155025    -18.047798      0.624000 
    42.808183    -25.169529    -18.109224      0.624000 
    42.808194    -25.184040    -18.170649      0.623000 
    42.808206    -25.198565    -18.232101      0.621000 
    42.808218    -25.213097    -18.293556      0.620000 
    42.808229    -25.227636    -18.355010      0.621000 
    42.808241    -25.242184    -18.416462      0.623000 
    42.808252    -25.256737    -18.477911      0.627000 
    42.808264    -25.271297    -18.539360      0.634000 
    42.808275    -25.285866    -18.600810      0.642000 
    42.808287    -25.300442    -18.662256      0.650000 
    42.808299    -25.315023    -18.723703      0.658000 
    42.808310    -25.329615    -18.785149      0.663000 
    42.808322    -25.344213    -18.846592      0.667000 
    42.808333    -25.358818    -18.908033      0.669000 
    42.808345    -25.373430    -18.969475      0.669000 
    42.808356    -25.388052    -19.030914      0.669000 
    42.808368    -25.402680    -19.092354      0.670000 
    42.808380    -25.417315    -19.153791      0.671000 
    42.808403    -25.431957    -19.215229      0.673000 
    42.808414    -25.446608    -19.276665      0.676000 
    42.808426    -25.461266    -19.338099      0.679000 
    42.808438    -25.475931    -19.399532      0.682000 
    42.808449    -25.490604    -19.460962      0.685000 
    42.808461    -25.505285    -19.522394      0.685000 
    42.808472    -25.519985    -19.583868      0.685000 
    42.808484    -25.534689    -19.645329      0.684000 
    42.808495    -25.549402    -19.706785      0.682000 
    42.808507    -25.564121    -19.768244      0.682000 
    42.808519    -25.578848    -19.829699      0.682000 
    42.808530    -25.593584    -19.891153      0.683000 
    42.808542    -25.608330    -19.952606      0.685000 
    43.324595    -25.153938    -19.987310      0.690000 
    43.324606    -25.168676    -19.925903      0.688000 
    43.324618    -25.183393    -19.864542      0.685000 
    43.324630    -25.198105    -19.803164      0.683000 
    43.324641    -25.212812    -19.741785      0.679000 
    43.324653    -25.227509    -19.680407      0.677000 
    43.324664    -25.242199    -19.619024      0.675000 
    43.324676    -25.256880    -19.557642      0.673000 
    43.324688    -25.271555    -19.496260      0.672000 
    43.324699    -25.286220    -19.434874      0.670000 
    43.324711    -25.300879    -19.373487      0.670000 
    43.324722    -25.315529    -19.312100      0.668000 
    43.324734    -25.330173    -19.250711      0.668000 
    43.324745    -25.344809    -19.189322      0.669000 
    43.324757    -25.359436    -19.127932      0.670000 
    43.324769    -25.374056    -19.066540      0.671000 
    43.324780    -25.388668    -19.005146      0.673000 
    43.324792    -25.403275    -18.943750      0.675000 
    43.324803    -25.417871    -18.882355      0.674000 
    43.324815    -25.432463    -18.820960      0.671000 
    43.324826    -25.447046    -18.759560      0.666000 
    43.324838    -25.461622    -18.698160      0.659000 
    43.324850    -25.476183    -18.636786      0.653000 
    43.324861    -25.490738    -18.575415      0.647000 
    43.324873    -25.505283    -18.514044      0.644000 
    43.324896    -25.519823    -18.452671      0.643000 
    43.324907    -25.534355    -18.391296      0.645000 
    43.324919    -25.548880    -18.329922      0.649000 
    43.324931    -25.563398    -18.268545      0.653000 
    43.324942    -25.577910    -18.207169      0.656000 
    43.324954    -25.592413    -18.145790      0.657000 
    43.324965    -25.606909    -18.084410      0.653000 
    43.324977    -25.621399    -18.023030      0.646000 
    46.327731    -26.287949    -19.951801      0.714000 
    46.327743    -26.302681    -19.890396      0.713000 
    46.327755    -26.317406    -19.828993      0.712000 
    46.327766    -26.332120    -19.767586      0.711000 
    46.327778    -26.346830    -19.706179      0.710000 
    46.327789    -26.361530    -19.644770      0.708000 
    46.327801    -26.376225    -19.583359      0.707000 
    46.327812    -26.390910    -19.521948      0.703000 
    46.327836    -26.405586    -19.460533      0.698000 
    46.327847    -26.420252    -19.399141      0.691000 
    46.327859    -26.434904    -19.337757      0.685000 
    46.327870    -26.449553    -19.276373      0.679000 
    46.327882    -26.464191    -19.214987      0.676000 
    46.327905    -26.493446    -19.092210      0.677000 
    46.327917    -26.508062    -19.030820      0.681000 
    46.327928    -26.522673    -18.969430      0.685000 
    46.327940    -26.537273    -18.908037      0.688000 
    46.327951    -26.551868    -18.846643      0.688000 
    46.327963    -26.566456    -18.785250      0.685000 
    46.327975    -26.581034    -18.723854      0.681000 
    46.327986    -26.595606    -18.662457      0.676000 
    46.327998    -26.610170    -18.601059      0.672000 
    46.328009    -26.624727    -18.539660      0.669000 
    46.328021    -26.639277    -18.478258      0.667000 
    46.328032    -26.653820    -18.416859      0.665000 
    46.328044    -26.668358    -18.355455      0.664000 
    46.328056    -26.682884    -18.294050      0.661000 
    46.328079    -26.711922    -18.171240      0.651000 
    46.328090    -26.726423    -18.109852      0.645000 
    46.328102    -26.740915    -18.048473      0.638000 
    58.801771    -23.013640    -19.125134      0.623000 
    58.801782    -23.028269    -19.186527      0.620000 
    58.801794    -23.042904    -19.247917      0.619000 
    58.801817    -23.057549    -19.309307      0.620000 
    58.801829    -23.072200    -19.370697      0.623000 
    58.801840    -23.086860    -19.432085      0.628000 
    58.801852    -23.101526    -19.493471      0.635000 
    58.801863    -23.116201    -19.554857      0.641000 
    58.801875    -23.130884    -19.616241      0.648000 
    58.801887    -23.145575    -19.677624      0.652000 
    58.801898    -23.160275    -19.739006      0.656000 
    58.801910    -23.174980    -19.800386      0.660000 
    58.801921    -23.189693    -19.861767      0.662000 
    58.801933    -23.204416    -19.923143      0.665000 
    58.801944    -23.219147    -19.984522      0.668000 
    59.318183    -23.000580    -18.956606      0.630000 
    59.318194    -23.015192    -18.895164      0.633000 
    59.318206    -23.029799    -18.833723      0.637000 
    59.318218    -23.044395    -18.772282      0.641000 
    59.318229    -23.058987    -18.710836      0.643000 
    59.318241    -23.073570    -18.649391      0.643000 
    59.318252    -23.088146    -18.587946      0.641000 
    59.318264    -23.102716    -18.526499      0.637000 
    59.318275    -23.117277    -18.465050      0.631000 
    59.318287    -23.131832    -18.403600      0.624000 
    59.318322    -23.175451    -18.219244      0.607000 
    59.318345    -23.189978    -18.157790      0.603000 
    59.318356    -23.204496    -18.096334      0.600000 
    59.318368    -23.219010    -18.034878      0.597000 
   218.802350    -23.005415    -19.059801      0.589000 
   218.802361    -23.020039    -19.121190      0.587000 
   218.802373    -23.034670    -19.182577      0.583000 
   218.802384    -23.049307    -19.243961      0.579000 
   218.802396    -23.063953    -19.305347      0.578000 
   218.802407    -23.078606    -19.366730      0.579000 
   218.802419    -23.093267    -19.428112      0.582000 
   218.802431    -23.107948    -19.489538      0.588000 
   218.802442    -23.122631    -19.550950      0.594000 
   218.802454    -23.137323    -19.612358      0.600000 
   218.802465    -23.152023    -19.673767      0.603000 
   218.802477    -23.166730    -19.735172      0.607000 
   218.802488    -23.181444    -19.796580      0.608000 
   218.802500    -23.196169    -19.857983      0.609000 
   218.802512    -23.210901    -19.919386      0.608000 
   218.802523    -23.225640    -19.980787      0.608000 
   219.318773    -23.003002    -18.974953      0.585000 
   219.318785    -23.017640    -18.913437      0.584000 
   219.318796    -23.032269    -18.851917      0.581000 
   219.318808    -23.046886    -18.790422      0.575000 
   219.318819    -23.061495    -18.728933      0.567000 
   219.318831    -23.076096    -18.667444      0.559000 
   219.318843    -23.090689    -18.605953      0.552000 
   219.318854    -23.105274    -18.544460      0.548000 
   219.318866    -23.119852    -18.482967      0.547000 
   219.318877    -23.134424    -18.421473      0.549000 
   219.318889    -23.148989    -18.359978      0.554000 
   219.318900    -23.163546    -18.298480      0.560000 
   219.318912    -23.178097    -18.236982      0.567000 
   219.318924    -23.192638    -18.175482      0.571000 
   219.318935    -23.207174    -18.113981      0.573000 
   219.318947    -23.221703    -18.052480      0.572000 
   225.324676    -24.955135    -19.954210      0.600000 
   225.324688    -24.969898    -19.892712      0.600000 
   225.324699    -24.984655    -19.831210      0.598000 
   225.324711    -24.999403    -19.769707      0.596000 
   225.324722    -25.014141    -19.708202      0.596000 
   225.324734    -25.028873    -19.646696      0.598000 
   225.324745    -25.043598    -19.585192      0.600000 
   225.324757    -25.058308    -19.523710      0.605000 
   225.324769    -25.073008    -19.462233      0.609000 
   225.324780    -25.087702    -19.400753      0.612000 
   225.324792    -25.102386    -19.339272      0.612000 
   225.324803    -25.117065    -19.277790      0.608000 
   225.324815    -25.131735    -19.216309      0.602000 
   225.324826    -25.146397    -19.154823      0.595000 
   225.324838    -25.161053    -19.093338      0.586000 
   225.324850    -25.175700    -19.031850      0.580000 
   225.324873    -25.190338    -18.970364      0.575000 
   225.324884    -25.204971    -18.908875      0.574000 
   225.324896    -25.219597    -18.847383      0.577000 
   225.324907    -25.234213    -18.785892      0.581000 
   225.324919    -25.248823    -18.724400      0.586000 
   225.324931    -25.263426    -18.662905      0.591000 
   225.324942    -25.278020    -18.601410      0.595000 
   225.324954    -25.292608    -18.539913      0.597000 
   225.324965    -25.307190    -18.478416      0.597000 
   225.324977    -25.321764    -18.416918      0.596000 
   225.324988    -25.336320    -18.355455      0.593000 
   225.325000    -25.350872    -18.293985      0.590000 
   225.325012    -25.365417    -18.232515      0.587000 
   225.325023    -25.379953    -18.171043      0.584000 
   225.325035    -25.394485    -18.109570      0.582000 
   225.325046    -25.409008    -18.048094      0.581000 
   227.811296    -26.047558    -18.060326      0.599000 
   227.811308    -26.062070    -18.121754      0.607000 
   227.811319    -26.076590    -18.183182      0.611000 
   227.811331    -26.091116    -18.244608      0.614000 
   227.811343    -26.105650    -18.306032      0.612000 
   227.811366    -26.134739    -18.428879      0.602000 
   227.811377    -26.149294    -18.490300      0.598000 
   227.811389    -26.163857    -18.551722      0.597000 
   227.811400    -26.178427    -18.613140      0.598000 
   227.811412    -26.193003    -18.674559      0.603000 
   227.811458    -26.236778    -18.858805      0.619000 
   227.811470    -26.251392    -18.920248      0.622000 
   227.811481    -26.266012    -18.981690      0.621000 
   227.811493    -26.280642    -19.043133      0.617000 
   227.811505    -26.295277    -19.104572      0.612000 
   227.811516    -26.309921    -19.166012      0.606000 
   227.811528    -26.324574    -19.227450      0.600000 
   227.811562    -26.368574    -19.411757      0.591000 
   227.811597    -26.412643    -19.596050      0.587000 
   227.811620    -26.442062    -19.718908      0.584000 
   227.811632    -26.456783    -19.780334      0.583000 
   227.811644    -26.471512    -19.841759      0.585000 
   227.811655    -26.486250    -19.903183      0.587000 
   227.811667    -26.500994    -19.964605      0.592000 
   228.327708    -26.037546    -19.994135      0.590000 
   228.327720    -26.052307    -19.932665      0.581000 
   228.327743    -26.067060    -19.871193      0.573000 
   228.327755    -26.081806    -19.809720      0.567000 
   228.327766    -26.096544    -19.748243      0.563000 
   228.327778    -26.111275    -19.686768      0.562000 
   228.327789    -26.125998    -19.625292      0.565000 
   228.327801    -26.140713    -19.563812      0.569000 
   228.327812    -26.155418    -19.502333      0.577000 
   228.327824    -26.170116    -19.440851      0.585000 
   228.327836    -26.184809    -19.379370      0.592000 
   228.327847    -26.199492    -19.317884      0.599000 
   228.327859    -26.214169    -19.256400      0.604000 
   228.327870    -26.228836    -19.194914      0.608000 
   228.327882    -26.243496    -19.133427      0.609000 
   228.327894    -26.258148    -19.071938      0.609000 
   228.327905    -26.272795    -19.010447      0.607000 
   228.327917    -26.287432    -18.948956      0.604000 
   228.327928    -26.302061    -18.887465      0.601000 
   228.327940    -26.316675    -18.826014      0.598000 
   228.327951    -26.331284    -18.764550      0.595000 
   228.327963    -26.345884    -18.703085      0.592000 
   228.327975    -26.360477    -18.641619      0.591000 
   228.327986    -26.375063    -18.580150      0.592000 
   228.327998    -26.389643    -18.518682      0.594000 
   228.328009    -26.404213    -18.457212      0.597000 
   228.328021    -26.418777    -18.395742      0.599000 
   228.328044    -26.433334    -18.334270      0.601000 
   228.328056    -26.447884    -18.272797      0.602000 
   228.328067    -26.462425    -18.211323      0.601000 
   228.328079    -26.476963    -18.149845      0.598000 
   228.328090    -26.491490    -18.088370      0.595000 
   228.328102    -26.506012    -18.026892      0.591000 
