    29.828542    -23.695990    -16.994646      0.591000 
    29.828553    -23.710403    -16.937529      0.589000 
    29.828565    -23.724808    -16.880410      0.587000 
    29.828576    -23.739208    -16.823290      0.584000 
    29.828588    -23.753601    -16.766170      0.582000 
    29.828600    -23.767990    -16.709053      0.581000 
    29.828611    -23.782372    -16.651934      0.583000 
    29.828623    -23.796743    -16.594814      0.584000 
    29.828634    -23.811113    -16.537697      0.588000 
    29.828646    -23.825476    -16.480577      0.592000 
    29.828657    -23.839832    -16.423460      0.594000 
    29.828669    -23.854181    -16.366340      0.596000 
    29.828681    -23.868526    -16.309223      0.597000 
    29.828692    -23.882864    -16.252106      0.596000 
    29.828704    -23.897196    -16.194986      0.596000 
    29.828715    -23.911520    -16.137869      0.596000 
    29.828727    -23.925838    -16.080751      0.595000 
    29.828738    -23.940153    -16.023632      0.596000 
    29.828750    -23.954460    -15.966516      0.596000 
    29.828773    -23.968763    -15.909398      0.595000 
    29.828785    -23.983059    -15.852281      0.594000 
    29.828796    -23.997347    -15.795163      0.591000 
    29.828808    -24.011633    -15.738046      0.587000 
    29.828819    -24.025910    -15.680929      0.581000 
    29.828831    -24.040182    -15.623812      0.573000 
    29.828843    -24.054450    -15.566695      0.566000 
    29.828854    -24.068710    -15.509578      0.560000 
    29.828866    -24.082966    -15.452461      0.556000 
    29.828877    -24.097214    -15.395344      0.553000 
    29.828889    -24.111458    -15.338228      0.554000 
    29.828900    -24.125694    -15.281111      0.558000 
    29.828912    -24.139927    -15.223995      0.562000 
    29.828924    -24.154154    -15.166879      0.568000 
    29.828935    -24.168375    -15.109763      0.573000 
    29.828947    -24.182590    -15.052647      0.575000 
    29.828958    -24.196798    -14.995531      0.574000 
    29.828970    -24.211004    -14.938415      0.571000 
    29.828981    -24.225203    -14.881300      0.566000 
    29.828993    -24.239395    -14.824184      0.559000 
    29.829005    -24.253584    -14.767069      0.553000 
    29.829016    -24.267767    -14.709954      0.548000 
    29.829028    -24.281944    -14.652838      0.544000 
    29.829039    -24.296116    -14.595724      0.544000 
    29.829051    -24.310282    -14.538609      0.544000 
    29.829063    -24.324442    -14.481494      0.546000 
    29.829074    -24.338596    -14.424380      0.549000 
    29.829086    -24.352749    -14.367265      0.550000 
    29.829097    -24.366894    -14.310151      0.550000 
    29.829109    -24.381033    -14.253037      0.549000 
    29.829120    -24.395168    -14.195923      0.546000 
    29.829132    -24.409298    -14.138809      0.542000 
    29.829144    -24.423422    -14.081695      0.536000 
    29.829155    -24.437540    -14.024581      0.531000 
    29.829167    -24.451654    -13.967468      0.525000 
    29.829178    -24.465763    -13.910355      0.520000 
    29.829190    -24.479868    -13.853241      0.517000 
    29.829201    -24.493967    -13.796128      0.514000 
    29.829213    -24.508060    -13.739016      0.513000 
    29.829225    -24.522148    -13.681903      0.515000 
    29.829236    -24.536234    -13.624790      0.519000 
    29.829248    -24.550312    -13.567678      0.525000 
    29.829259    -24.564386    -13.510566      0.532000 
    29.829271    -24.578455    -13.453453      0.539000 
    29.829282    -24.592520    -13.396341      0.546000 
    29.829294    -24.606579    -13.339230      0.549000 
    29.829306    -24.620632    -13.282118      0.550000 
    29.829317    -24.634682    -13.225006      0.548000 
    29.829329    -24.648727    -13.167895      0.544000 
    29.829340    -24.662767    -13.110784      0.539000 
    29.829352    -24.676804    -13.053673      0.533000 
    31.321644    -26.243908    -13.023319      0.547000 
    31.321655    -26.257920    -13.080354      0.546000 
    31.321667    -26.271936    -13.137389      0.547000 
    31.321678    -26.285957    -13.194424      0.551000 
    31.321690    -26.299984    -13.251459      0.555000 
    31.321701    -26.314016    -13.308495      0.560000 
    31.321713    -26.328053    -13.365531      0.564000 
    31.321736    -26.356138    -13.479603      0.569000 
    31.321748    -26.370190    -13.536639      0.571000 
    31.321759    -26.384245    -13.593675      0.572000 
    31.321771    -26.398306    -13.650712      0.574000 
    31.321782    -26.412370    -13.707749      0.577000 
    31.321794    -26.426441    -13.764785      0.580000 
    31.321806    -26.440517    -13.821823      0.584000 
    31.321817    -26.454597    -13.878860      0.587000 
    31.321829    -26.468683    -13.935897      0.590000 
    31.321840    -26.482775    -13.992935      0.591000 
    31.321852    -26.496870    -14.049972      0.591000 
    31.321863    -26.510971    -14.107010      0.591000 
    31.321875    -26.525078    -14.164048      0.590000 
    31.321887    -26.539188    -14.221086      0.588000 
    31.321898    -26.553305    -14.278125      0.588000 
    31.321910    -26.567425    -14.335163      0.588000 
    31.321921    -26.581550    -14.392202      0.588000 
    31.321933    -26.595684    -14.449241      0.589000 
    31.321944    -26.609821    -14.506280      0.589000 
    31.321956    -26.623964    -14.563319      0.589000 
    31.321968    -26.638111    -14.620358      0.588000 
    31.321979    -26.652266    -14.677398      0.587000 
    31.321991    -26.666424    -14.734437      0.587000 
    31.322002    -26.680588    -14.791477      0.589000 
    31.322014    -26.694757    -14.848517      0.593000 
    31.322025    -26.708933    -14.905557      0.599000 
    31.322037    -26.723112    -14.962597      0.606000 
    31.322049    -26.737299    -15.019637      0.613000 
    31.322060    -26.751490    -15.076677      0.619000 
    31.322072    -26.765688    -15.133718      0.623000 
    31.322083    -26.779890    -15.190759      0.624000 
    31.322095    -26.794098    -15.247799      0.622000 
    31.322106    -26.808311    -15.304840      0.618000 
    31.322118    -26.822530    -15.361882      0.612000 
    31.322130    -26.836758    -15.418923      0.607000 
    31.322141    -26.850986    -15.475964      0.602000 
    31.322153    -26.865225    -15.533006      0.600000 
    31.322164    -26.879465    -15.590047      0.601000 
    31.322176    -26.893713    -15.647089      0.604000 
    31.322187    -26.907969    -15.704131      0.608000 
    31.322199    -26.922228    -15.761173      0.614000 
    31.322211    -26.936495    -15.818215      0.621000 
    31.322222    -26.950764    -15.875257      0.626000 
    31.322234    -26.965042    -15.932299      0.631000 
    31.322245    -26.979326    -15.989342      0.636000 
    31.322257    -26.993614    -16.046385      0.640000 
    34.833727    -25.559853    -16.996971      0.630000 
    34.833738    -25.574268    -16.939852      0.623000 
    34.833750    -25.588676    -16.882732      0.616000 
    34.833762    -25.603079    -16.825611      0.612000 
    34.833773    -25.617474    -16.768494      0.610000 
    34.833785    -25.631865    -16.711372      0.612000 
    34.833796    -25.646248    -16.654253      0.616000 
    34.833808    -25.660624    -16.597134      0.622000 
    34.833819    -25.674995    -16.540014      0.630000 
    34.833831    -25.689360    -16.482897      0.636000 
    34.833843    -25.703718    -16.425777      0.640000 
    34.833854    -25.718070    -16.368658      0.641000 
    34.833866    -25.732416    -16.311540      0.639000 
    34.833877    -25.746756    -16.254421      0.633000 
    34.833889    -25.761090    -16.197302      0.625000 
    34.833900    -25.775417    -16.140182      0.616000 
    34.833912    -25.789740    -16.083063      0.605000 
    34.833924    -25.804054    -16.025948      0.595000 
    34.833935    -25.818363    -15.968829      0.585000 
    34.833947    -25.832668    -15.911711      0.578000 
    34.833958    -25.846966    -15.854593      0.573000 
    34.833970    -25.861258    -15.797475      0.569000 
    34.833981    -25.875544    -15.740357      0.569000 
    34.833993    -25.889824    -15.683239      0.569000 
    34.834005    -25.904099    -15.626122      0.571000 
    34.834016    -25.918365    -15.569004      0.572000 
    34.834028    -25.932630    -15.511887      0.574000 
    34.834039    -25.946886    -15.454770      0.577000 
    34.834051    -25.961140    -15.397653      0.578000 
    34.834063    -25.975384    -15.340536      0.580000 
    34.834074    -25.989622    -15.283419      0.581000 
    34.834086    -26.003859    -15.226302      0.582000 
    34.834097    -26.018087    -15.169185      0.582000 
    34.834109    -26.032309    -15.112069      0.581000 
    34.834120    -26.046528    -15.054953      0.581000 
    34.834132    -26.060740    -14.997836      0.580000 
    34.834144    -26.074945    -14.940720      0.579000 
    34.834155    -26.089148    -14.883604      0.577000 
    34.834167    -26.103342    -14.826489      0.576000 
    34.834178    -26.117533    -14.769373      0.575000 
    34.834190    -26.131718    -14.712257      0.575000 
    34.834201    -26.145895    -14.655142      0.573000 
    34.834213    -26.160070    -14.598027      0.573000 
    34.834225    -26.174238    -14.540912      0.572000 
    34.834236    -26.188400    -14.483797      0.570000 
    34.834248    -26.202559    -14.426682      0.571000 
    34.834259    -26.216711    -14.369567      0.571000 
    34.834271    -26.230858    -14.312452      0.573000 
    34.834282    -26.245000    -14.255338      0.578000 
    34.834294    -26.259136    -14.198224      0.582000 
    34.834306    -26.273268    -14.141110      0.587000 
    34.834317    -26.287395    -14.083996      0.592000 
    34.834329    -26.301516    -14.026882      0.594000 
    34.834340    -26.315632    -13.969768      0.594000 
    34.834352    -26.329742    -13.912655      0.592000 
    34.834363    -26.343850    -13.855542      0.588000 
    34.834375    -26.357950    -13.798428      0.583000 
    34.834387    -26.372046    -13.741315      0.578000 
    34.834398    -26.386135    -13.684202      0.574000 
    34.834410    -26.400223    -13.627090      0.571000 
    34.834421    -26.414303    -13.569977      0.569000 
    34.834433    -26.428380    -13.512865      0.569000 
    34.834444    -26.442450    -13.455752      0.569000 
    34.834456    -26.456516    -13.398640      0.571000 
    34.834468    -26.470577    -13.341528      0.571000 
    34.834479    -26.484634    -13.284417      0.572000 
    34.834491    -26.498686    -13.227305      0.573000 
    34.834502    -26.512733    -13.170194      0.572000 
    34.834514    -26.526775    -13.113083      0.573000 
    34.834525    -26.540812    -13.055972      0.572000 
    35.311678    -23.009115    -15.031355      0.558000 
    35.311690    -23.023312    -15.088400      0.560000 
    35.311701    -23.037510    -15.145445      0.563000 
    35.311713    -23.051716    -15.202489      0.564000 
    35.311725    -23.065930    -15.259534      0.566000 
    35.311736    -23.080147    -15.316579      0.567000 
    35.311748    -23.094370    -15.373625      0.570000 
    35.311759    -23.108599    -15.430670      0.573000 
    35.311771    -23.122833    -15.487715      0.576000 
    35.311782    -23.137074    -15.544761      0.580000 
    35.311794    -23.151320    -15.601807      0.581000 
    35.311806    -23.165571    -15.658853      0.582000 
    35.311817    -23.179829    -15.715899      0.581000 
    35.311829    -23.194092    -15.772945      0.579000 
    35.311840    -23.208360    -15.829991      0.575000 
    35.311852    -23.222637    -15.887037      0.570000 
    35.311863    -23.236917    -15.944084      0.566000 
    35.311875    -23.251205    -16.001130      0.562000 
    35.311887    -23.265497    -16.058178      0.560000 
    35.311898    -23.279797    -16.115223      0.560000 
    35.311910    -23.294102    -16.172272      0.562000 
    35.311921    -23.308413    -16.229319      0.565000 
    35.311933    -23.322730    -16.286366      0.568000 
    35.311944    -23.337053    -16.343412      0.572000 
    35.311956    -23.351381    -16.400460      0.575000 
    35.311968    -23.365717    -16.457508      0.576000 
    35.311979    -23.380058    -16.514553      0.578000 
    35.311991    -23.394405    -16.571604      0.580000 
    35.312002    -23.408760    -16.628650      0.580000 
    35.312014    -23.423120    -16.685700      0.580000 
    35.312025    -23.437487    -16.742746      0.580000 
    35.312037    -23.451860    -16.799795      0.579000 
    35.312049    -23.466240    -16.856844      0.577000 
    35.312060    -23.480623    -16.913893      0.575000 
    35.312072    -23.495016    -16.970940      0.572000 
    40.316458    -24.383917    -13.052098      0.549000 
    40.316470    -24.397934    -13.109142      0.545000 
    40.316481    -24.411957    -13.166187      0.540000 
    40.316493    -24.425983    -13.223232      0.539000 
    40.316505    -24.440014    -13.280276      0.539000 
    40.316516    -24.454048    -13.337321      0.540000 
    40.316528    -24.468090    -13.394367      0.542000 
    40.316539    -24.482138    -13.451412      0.546000 
    40.316551    -24.496187    -13.508457      0.548000 
    40.316562    -24.510244    -13.565503      0.550000 
    40.316574    -24.524303    -13.622549      0.550000 
    40.316586    -24.538370    -13.679595      0.549000 
    40.316597    -24.552440    -13.736642      0.548000 
    40.316609    -24.566517    -13.793688      0.547000 
    40.316620    -24.580597    -13.850735      0.548000 
    40.316632    -24.594683    -13.907782      0.548000 
    40.316644    -24.608772    -13.964828      0.551000 
    40.316655    -24.622870    -14.021876      0.553000 
    40.316667    -24.636969    -14.078923      0.555000 
    40.316678    -24.651073    -14.135970      0.556000 
    40.316690    -24.665188    -14.193018      0.554000 
    40.316701    -24.679302    -14.250066      0.552000 
    40.316713    -24.693422    -14.307114      0.550000 
    40.316725    -24.707550    -14.364162      0.548000 
    40.316736    -24.721684    -14.421211      0.545000 
    40.316748    -24.735819    -14.478259      0.545000 
    40.316759    -24.749964    -14.535308      0.547000 
    40.316771    -24.764110    -14.592357      0.550000 
    40.316782    -24.778263    -14.649406      0.553000 
    40.316794    -24.792423    -14.706455      0.555000 
    40.316806    -24.806587    -14.763504      0.557000 
    40.316817    -24.820757    -14.820554      0.558000 
    40.316829    -24.834930    -14.877603      0.558000 
    40.316840    -24.849110    -14.934653      0.558000 
    40.316852    -24.863297    -14.991703      0.556000 
    40.316863    -24.877490    -15.048753      0.556000 
    40.316875    -24.891685    -15.105803      0.558000 
    40.316887    -24.905888    -15.162854      0.559000 
    40.316898    -24.920095    -15.219904      0.563000 
    40.316910    -24.934310    -15.276955      0.566000 
    40.316921    -24.948528    -15.334006      0.569000 
    40.316933    -24.962753    -15.391057      0.573000 
    40.316944    -24.976986    -15.448108      0.576000 
    40.316956    -24.991220    -15.505159      0.578000 
    40.316968    -25.005463    -15.562211      0.579000 
    40.316979    -25.019710    -15.619262      0.580000 
    40.316991    -25.033964    -15.676314      0.580000 
    40.317002    -25.048225    -15.733366      0.579000 
    40.317014    -25.062490    -15.790418      0.580000 
    40.317025    -25.076761    -15.847470      0.579000 
    40.317037    -25.091038    -15.904522      0.579000 
    40.317049    -25.105322    -15.961574      0.580000 
    40.317060    -25.119612    -16.018627      0.582000 
    40.317072    -25.133905    -16.075680      0.583000 
    40.317083    -25.148207    -16.132732      0.585000 
    40.317095    -25.162512    -16.189785      0.586000 
    40.317106    -25.176826    -16.246838      0.588000 
    40.317118    -25.191147    -16.303890      0.591000 
    40.317130    -25.205470    -16.360945      0.593000 
    40.317141    -25.219803    -16.417997      0.596000 
    40.317153    -25.234140    -16.475052      0.601000 
    40.317164    -25.248484    -16.532104      0.607000 
    40.317176    -25.262833    -16.589157      0.614000 
    40.317187    -25.277190    -16.646212      0.620000 
    40.317199    -25.291552    -16.703266      0.627000 
    40.317211    -25.305920    -16.760320      0.632000 
    40.317222    -25.320293    -16.817373      0.637000 
    40.317234    -25.334677    -16.874430      0.639000 
    40.317245    -25.349064    -16.931482      0.639000 
    40.317257    -25.363459    -16.988537      0.638000 
    43.828542    -23.706285    -16.946930      0.599000 
    43.828553    -23.720692    -16.889814      0.596000 
    43.828565    -23.735092    -16.832699      0.593000 
    43.828576    -23.749485    -16.775581      0.592000 
    43.828588    -23.763872    -16.718468      0.590000 
    43.828600    -23.778255    -16.661352      0.589000 
    43.828611    -23.792631    -16.604239      0.587000 
    43.828623    -23.807000    -16.547123      0.584000 
    43.828634    -23.821362    -16.490007      0.581000 
    43.828646    -23.835718    -16.432894      0.577000 
    43.828657    -23.850069    -16.375778      0.574000 
    43.828669    -23.864412    -16.318665      0.573000 
    43.828681    -23.878752    -16.261550      0.571000 
    43.828692    -23.893082    -16.204435      0.572000 
    43.828704    -23.907410    -16.147324      0.575000 
    43.828715    -23.921728    -16.090208      0.576000 
    43.828727    -23.936043    -16.033094      0.579000 
    43.828738    -23.950352    -15.975981      0.579000 
    43.828750    -23.964653    -15.918867      0.579000 
    43.828762    -23.978949    -15.861754      0.578000 
    43.828773    -23.993238    -15.804641      0.577000 
    43.828785    -24.007523    -15.747527      0.576000 
    43.828796    -24.021801    -15.690414      0.574000 
    43.828808    -24.036074    -15.633301      0.572000 
    43.828819    -24.050340    -15.576189      0.571000 
    43.828831    -24.064602    -15.519076      0.568000 
    43.828843    -24.078857    -15.461963      0.567000 
    43.828854    -24.093105    -15.404851      0.565000 
    43.828866    -24.107350    -15.347738      0.563000 
    43.828877    -24.121588    -15.290626      0.562000 
    43.828889    -24.135820    -15.233514      0.559000 
    43.828900    -24.150047    -15.176402      0.558000 
    43.828912    -24.164267    -15.119291      0.555000 
    43.828924    -24.178482    -15.062179      0.553000 
    43.828935    -24.192694    -15.005068      0.548000 
    43.828947    -24.206898    -14.947956      0.544000 
    43.828958    -24.221098    -14.890845      0.539000 
    43.828970    -24.235290    -14.833734      0.534000 
    43.828981    -24.249477    -14.776623      0.532000 
    43.828993    -24.263660    -14.719513      0.532000 
    43.829005    -24.277838    -14.662402      0.533000 
    43.829016    -24.292010    -14.605292      0.537000 
    43.829028    -24.306175    -14.548181      0.541000 
    43.829039    -24.320335    -14.491071      0.547000 
    43.829051    -24.334492    -14.433961      0.551000 
    43.829063    -24.348642    -14.376852      0.553000 
    43.829074    -24.362787    -14.319742      0.552000 
    43.829086    -24.376928    -14.262633      0.550000 
    43.829097    -24.391062    -14.205523      0.545000 
    43.829109    -24.405191    -14.148414      0.540000 
    43.829120    -24.419315    -14.091305      0.535000 
    43.829132    -24.433435    -14.034196      0.533000 
    43.829144    -24.447550    -13.977088      0.532000 
    43.829155    -24.461658    -13.919979      0.534000 
    43.829167    -24.475761    -13.862871      0.538000 
    43.829178    -24.489860    -13.805763      0.543000 
    43.829190    -24.503956    -13.748655      0.548000 
    43.829201    -24.518044    -13.691547      0.553000 
    43.829213    -24.532127    -13.634440      0.557000 
    43.829225    -24.546206    -13.577332      0.560000 
    43.829236    -24.560280    -13.520225      0.562000 
    43.829248    -24.574348    -13.463118      0.563000 
    43.829259    -24.588413    -13.406011      0.563000 
    43.829271    -24.602472    -13.348904      0.563000 
    43.829282    -24.616526    -13.291798      0.562000 
    43.829294    -24.630575    -13.234691      0.560000 
    43.829306    -24.644620    -13.177585      0.559000 
    43.829317    -24.658660    -13.120479      0.557000 
    43.829329    -24.672695    -13.063373      0.554000 
    43.829340    -24.686726    -13.006268      0.551000 
    45.321620    -26.245007    -13.042089      0.531000 
    45.321632    -26.259026    -13.099140      0.533000 
    45.321644    -26.273048    -13.156191      0.535000 
    45.321655    -26.287077    -13.213242      0.539000 
    45.321667    -26.301107    -13.270293      0.542000 
    45.321678    -26.315145    -13.327345      0.544000 
    45.321690    -26.329190    -13.384397      0.545000 
    45.321701    -26.343235    -13.441449      0.544000 
    45.321713    -26.357288    -13.498501      0.543000 
    45.321725    -26.371346    -13.555553      0.545000 
    45.321736    -26.385406    -13.612606      0.549000 
    45.321748    -26.399473    -13.669658      0.557000 
    45.321759    -26.413546    -13.726711      0.567000 
    45.321771    -26.427622    -13.783764      0.580000 
    45.321782    -26.441704    -13.840818      0.591000 
    45.321794    -26.455791    -13.897871      0.601000 
    45.321806    -26.469883    -13.954925      0.607000 
    45.321817    -26.483978    -14.011979      0.608000 
    45.321829    -26.498081    -14.069032      0.604000 
    45.321840    -26.512190    -14.126087      0.598000 
    45.321852    -26.526300    -14.183141      0.590000 
    45.321863    -26.540419    -14.240195      0.583000 
    45.321875    -26.554540    -14.297250      0.576000 
    45.321887    -26.568668    -14.354305      0.573000 
    45.321898    -26.582804    -14.411360      0.571000 
    45.321910    -26.596941    -14.468415      0.569000 
    45.321921    -26.611086    -14.525471      0.568000 
    45.321933    -26.625235    -14.582526      0.567000 
    45.321944    -26.639387    -14.639582      0.566000 
    45.321956    -26.653547    -14.696638      0.566000 
    45.321968    -26.667711    -14.753694      0.567000 
    45.321979    -26.681885    -14.810750      0.571000 
    45.321991    -26.696058    -14.867806      0.577000 
    45.322002    -26.710241    -14.924863      0.585000 
    45.322014    -26.724428    -14.981919      0.592000 
    45.322025    -26.738623    -15.038976      0.598000 
    45.322037    -26.752820    -15.096033      0.602000 
    45.322049    -26.767021    -15.153090      0.604000 
    45.322060    -26.781233    -15.210148      0.603000 
    45.322072    -26.795446    -15.267205      0.600000 
    45.322083    -26.809668    -15.324263      0.599000 
    45.322095    -26.823893    -15.381321      0.599000 
    45.322106    -26.838125    -15.438378      0.602000 
    45.322118    -26.852364    -15.495437      0.606000 
    45.322130    -26.866606    -15.552495      0.611000 
    45.322141    -26.880856    -15.609553      0.615000 
    45.322153    -26.895111    -15.666612      0.618000 
    45.322164    -26.909372    -15.723670      0.619000 
    45.322176    -26.923640    -15.780729      0.618000 
    45.322187    -26.937910    -15.837788      0.615000 
    45.322199    -26.952188    -15.894847      0.613000 
    45.322211    -26.966475    -15.951906      0.614000 
    45.322222    -26.980764    -16.008965      0.617000 
    45.322234    -26.995060    -16.066025      0.622000 
    57.828542    -23.706657    -16.959085      0.595000 
    57.828553    -23.721060    -16.901985      0.599000 
    57.828565    -23.735456    -16.844889      0.603000 
    57.828576    -23.749847    -16.787788      0.608000 
    57.828588    -23.764233    -16.730690      0.612000 
    57.828600    -23.778610    -16.673592      0.614000 
    57.828611    -23.792982    -16.616493      0.615000 
    57.828623    -23.807346    -16.559395      0.614000 
    57.828634    -23.821709    -16.502296      0.613000 
    57.828646    -23.836061    -16.445198      0.612000 
    57.828657    -23.850409    -16.388102      0.608000 
    57.828669    -23.864750    -16.331003      0.604000 
    57.828681    -23.879084    -16.273907      0.599000 
    57.828692    -23.893412    -16.216808      0.594000 
    57.828704    -23.907736    -16.159710      0.588000 
    57.828715    -23.922050    -16.102613      0.583000 
    57.828727    -23.936361    -16.045517      0.578000 
    57.828738    -23.950666    -15.988420      0.573000 
    57.828750    -23.964966    -15.931323      0.570000 
    57.828762    -23.979258    -15.874227      0.568000 
    57.828773    -23.993544    -15.817130      0.565000 
    57.828785    -24.007826    -15.760034      0.563000 
    57.828796    -24.022100    -15.702938      0.562000 
    57.828808    -24.036370    -15.645842      0.562000 
    57.828819    -24.050632    -15.588746      0.560000 
    57.828831    -24.064890    -15.531650      0.559000 
    57.828843    -24.079140    -15.474554      0.558000 
    57.828854    -24.093388    -15.417459      0.555000 
    57.828866    -24.107628    -15.360364      0.554000 
    57.828877    -24.121862    -15.303268      0.553000 
    57.828889    -24.136091    -15.246173      0.551000 
    57.828900    -24.150314    -15.189078      0.549000 
    57.828912    -24.164532    -15.131984      0.548000 
    57.828924    -24.178743    -15.074889      0.548000 
    57.828935    -24.192950    -15.017795      0.548000 
    57.828947    -24.207151    -14.960700      0.549000 
    57.828958    -24.221348    -14.903606      0.550000 
    57.828970    -24.235537    -14.846513      0.551000 
    57.828981    -24.249722    -14.789419      0.550000 
    57.828993    -24.263900    -14.732325      0.551000 
    57.829005    -24.278074    -14.675232      0.550000 
    57.829016    -24.292240    -14.618139      0.549000 
    57.829028    -24.306404    -14.561046      0.548000 
    57.829039    -24.320562    -14.503953      0.547000 
    57.829051    -24.334715    -14.446860      0.545000 
    57.829063    -24.348862    -14.389767      0.543000 
    57.829074    -24.363003    -14.332675      0.541000 
    57.829086    -24.377138    -14.275583      0.539000 
    57.829097    -24.391272    -14.218491      0.537000 
    57.829109    -24.405396    -14.161399      0.537000 
    57.829120    -24.419518    -14.104307      0.536000 
    57.829132    -24.433634    -14.047216      0.538000 
    57.829144    -24.447742    -13.990125      0.540000 
    57.829155    -24.461847    -13.933034      0.545000 
    57.829167    -24.475948    -13.875943      0.551000 
    57.829178    -24.490044    -13.818852      0.556000 
    57.829190    -24.504133    -13.761761      0.559000 
    57.829201    -24.518217    -13.704671      0.562000 
    57.829213    -24.532299    -13.647581      0.563000 
    57.829225    -24.546373    -13.590491      0.562000 
    57.829236    -24.560446    -13.533401      0.561000 
    57.829248    -24.574510    -13.476312      0.558000 
    57.829259    -24.588570    -13.419222      0.557000 
    57.829271    -24.602627    -13.362133      0.557000 
    57.829282    -24.616676    -13.305044      0.559000 
    57.829294    -24.630720    -13.247955      0.561000 
    57.829306    -24.644764    -13.190866      0.565000 
    57.829317    -24.658800    -13.133778      0.570000 
    57.829329    -24.672830    -13.076690      0.573000 
    57.829340    -24.686857    -13.019602      0.573000 
    59.321620    -26.246042    -13.030137      0.571000 
    59.321632    -26.260065    -13.087212      0.578000 
    59.321644    -26.274094    -13.144286      0.584000 
    59.321655    -26.288128    -13.201361      0.590000 
    59.321667    -26.302166    -13.258437      0.593000 
    59.321678    -26.316210    -13.315512      0.596000 
    59.321690    -26.330257    -13.372588      0.595000 
    59.321701    -26.344309    -13.429664      0.594000 
    59.321713    -26.358366    -13.486740      0.589000 
    59.321725    -26.372429    -13.543816      0.584000 
    59.321736    -26.386496    -13.600892      0.576000 
    59.321748    -26.400568    -13.657969      0.569000 
    59.321759    -26.414644    -13.715046      0.560000 
    59.321771    -26.428726    -13.772123      0.554000 
    59.321782    -26.442814    -13.829200      0.547000 
    59.321794    -26.456905    -13.886277      0.543000 
    59.321806    -26.471003    -13.943355      0.541000 
    59.321817    -26.485106    -14.000432      0.541000 
    59.321829    -26.499212    -14.057510      0.543000 
    59.321840    -26.513327    -14.114588      0.548000 
    59.321852    -26.527443    -14.171667      0.555000 
    59.321863    -26.541565    -14.228745      0.562000 
    59.321875    -26.555695    -14.285824      0.570000 
    59.321887    -26.569826    -14.342902      0.579000 
    59.321898    -26.583965    -14.399981      0.586000 
    59.321910    -26.598110    -14.457060      0.592000 
    59.321921    -26.612259    -14.514140      0.594000 
    59.321933    -26.626413    -14.571219      0.594000 
    59.321944    -26.640574    -14.628299      0.592000 
    59.321956    -26.654737    -14.685379      0.589000 
    59.321968    -26.668910    -14.742459      0.586000 
    59.321979    -26.683084    -14.799539      0.585000 
    59.322002    -26.711452    -14.913700      0.587000 
    59.322014    -26.725645    -14.970780      0.590000 
    59.322025    -26.739843    -15.027861      0.592000 
    59.322037    -26.754047    -15.084942      0.593000 
    59.322049    -26.768255    -15.142023      0.593000 
    59.322060    -26.782469    -15.199104      0.588000 
    59.322072    -26.796690    -15.256186      0.582000 
    59.322083    -26.810917    -15.313268      0.575000 
    59.322095    -26.825148    -15.370349      0.569000 
    59.322106    -26.839384    -15.427431      0.565000 
    59.322118    -26.853628    -15.484513      0.565000 
    59.322130    -26.867876    -15.541595      0.568000 
    59.322141    -26.882132    -15.598678      0.574000 
    59.322153    -26.896390    -15.655760      0.582000 
    59.322164    -26.910658    -15.712843      0.591000 
    59.322176    -26.924929    -15.769926      0.599000 
    59.322187    -26.939207    -15.827009      0.605000 
    59.322199    -26.953490    -15.884092      0.608000 
    59.322211    -26.967780    -15.941175      0.610000 
    59.322222    -26.982075    -15.998258      0.611000 
    59.322234    -26.996376    -16.055342      0.612000 
   211.828414    -23.710580    -16.946238      0.574000 
   211.828438    -23.724972    -16.889168      0.571000 
   211.828449    -23.739357    -16.832100      0.567000 
   211.828461    -23.753735    -16.775032      0.564000 
   211.828472    -23.768105    -16.717964      0.561000 
   211.828484    -23.782470    -16.660894      0.561000 
   211.828495    -23.796830    -16.603828      0.563000 
   211.828507    -23.811184    -16.546760      0.566000 
   211.828519    -23.825530    -16.489693      0.570000 
   211.828530    -23.839870    -16.432627      0.572000 
   211.828542    -23.854204    -16.375559      0.573000 
   211.828553    -23.868532    -16.318493      0.571000 
   211.828565    -23.882854    -16.261425      0.566000 
   211.828576    -23.897171    -16.204357      0.562000 
   211.828588    -23.911482    -16.147291      0.557000 
   211.828600    -23.925783    -16.090225      0.553000 
   211.828611    -23.940083    -16.033157      0.551000 
   211.828623    -23.954374    -15.976092      0.548000 
   211.828634    -23.968660    -15.919026      0.546000 
   211.828646    -23.982940    -15.861960      0.544000 
   211.828657    -23.997213    -15.804894      0.543000 
   211.828669    -24.011482    -15.747829      0.541000 
   211.828681    -24.025745    -15.690763      0.539000 
   211.828692    -24.040000    -15.633698      0.540000 
   211.828704    -24.054253    -15.576633      0.542000 
   211.828715    -24.068497    -15.519568      0.545000 
   211.828727    -24.082735    -15.462503      0.548000 
   211.828738    -24.096970    -15.405438      0.550000 
   211.828750    -24.111197    -15.348373      0.550000 
   211.828762    -24.125420    -15.291309      0.547000 
   211.828773    -24.139635    -15.234245      0.541000 
   211.828785    -24.153845    -15.177180      0.535000 
   211.828796    -24.168050    -15.120116      0.530000 
   211.828808    -24.182251    -15.063053      0.527000 
   211.828819    -24.196445    -15.005989      0.528000 
   211.828831    -24.210634    -14.948925      0.532000 
   211.828843    -24.224817    -14.891862      0.538000 
   211.828854    -24.238993    -14.834799      0.543000 
   211.828866    -24.253166    -14.777736      0.544000 
   211.828877    -24.267332    -14.720673      0.543000 
   211.828889    -24.281494    -14.663611      0.536000 
   211.828900    -24.295650    -14.606548      0.525000 
   211.828912    -24.309800    -14.549486      0.513000 
   211.828924    -24.323946    -14.492424      0.503000 
   211.828935    -24.338085    -14.435362      0.497000 
   211.828947    -24.352219    -14.378300      0.497000 
   211.828958    -24.366348    -14.321239      0.503000 
   211.828970    -24.380472    -14.264177      0.513000 
   211.828981    -24.394590    -14.207116      0.527000 
   211.828993    -24.408705    -14.150055      0.541000 
   211.829005    -24.422813    -14.092994      0.551000 
   211.829016    -24.436916    -14.035934      0.558000 
   211.829028    -24.451015    -13.978873      0.558000 
   211.829039    -24.465109    -13.921813      0.555000 
   211.829051    -24.479197    -13.864753      0.548000 
   211.829063    -24.493280    -13.807693      0.541000 
   211.829074    -24.507357    -13.750633      0.533000 
   211.829086    -24.521430    -13.693574      0.528000 
   211.829097    -24.535498    -13.636514      0.526000 
   211.829109    -24.549560    -13.579455      0.527000 
   211.829120    -24.563620    -13.522396      0.530000 
   211.829132    -24.577673    -13.465338      0.534000 
   211.829144    -24.591720    -13.408279      0.538000 
   211.829155    -24.605764    -13.351221      0.541000 
   211.829167    -24.619802    -13.294163      0.544000 
   211.829178    -24.633837    -13.237105      0.545000 
   211.829190    -24.647865    -13.180047      0.547000 
   211.829201    -24.661890    -13.122989      0.551000 
   211.829213    -24.675907    -13.065932      0.555000 
   211.829225    -24.689924    -13.008875      0.560000 
   213.321505    -26.246616    -13.035185      0.490000 
   213.321528    -26.274677    -13.149391      0.489000 
   213.321539    -26.288717    -13.206494      0.494000 
   213.321551    -26.302760    -13.263597      0.500000 
   213.321562    -26.316809    -13.320701      0.509000 
   213.321574    -26.330860    -13.377805      0.516000 
   213.321586    -26.344917    -13.434908      0.523000 
   213.321597    -26.358980    -13.492012      0.526000 
   213.321609    -26.373049    -13.549117      0.529000 
   213.321620    -26.387120    -13.606221      0.528000 
   213.321632    -26.401197    -13.663326      0.527000 
   213.321644    -26.415280    -13.720430      0.525000 
   213.321655    -26.429367    -13.777535      0.526000 
   213.321667    -26.443459    -13.834640      0.526000 
   213.321678    -26.457556    -13.891745      0.528000 
   213.321690    -26.471657    -13.948851      0.533000 
   213.321701    -26.485765    -14.005956      0.537000 
   213.321713    -26.499878    -14.063062      0.540000 
   213.321725    -26.513996    -14.120168      0.543000 
   213.321736    -26.528118    -14.177274      0.545000 
   213.321748    -26.542248    -14.234380      0.545000 
   213.321759    -26.556380    -14.291487      0.545000 
   213.321771    -26.570517    -14.348593      0.545000 
   213.321782    -26.584661    -14.405700      0.546000 
   213.321794    -26.598810    -14.462807      0.548000 
   213.321806    -26.612965    -14.519914      0.551000 
   213.321817    -26.627125    -14.577021      0.553000 
   213.321829    -26.641290    -14.634128      0.555000 
   213.321840    -26.655460    -14.691236      0.556000 
   213.321852    -26.669636    -14.748343      0.554000 
   213.321863    -26.683817    -14.805451      0.552000 
   213.321875    -26.698004    -14.862559      0.549000 
   213.321887    -26.712194    -14.919667      0.546000 
   213.321898    -26.726393    -14.976776      0.544000 
   213.321910    -26.740597    -15.033884      0.544000 
   213.321921    -26.754805    -15.090993      0.545000 
   213.321933    -26.769018    -15.148101      0.548000 
   213.321944    -26.783240    -15.205210      0.549000 
   213.321956    -26.797462    -15.262319      0.548000 
   213.321968    -26.811695    -15.319428      0.546000 
   213.321979    -26.825932    -15.376538      0.540000 
   213.321991    -26.840174    -15.433647      0.532000 
   213.322002    -26.854422    -15.490756      0.524000 
   213.322014    -26.868675    -15.547866      0.516000 
   213.322025    -26.882936    -15.604976      0.512000 
   213.322037    -26.897200    -15.662086      0.512000 
   213.322049    -26.911472    -15.719196      0.518000 
   213.322060    -26.925749    -15.776306      0.526000 
   213.322072    -26.940031    -15.833416      0.536000 
   213.322083    -26.954320    -15.890527      0.547000 
   213.322095    -26.968616    -15.947637      0.558000 
   213.322106    -26.982918    -16.004747      0.564000 
   213.322118    -26.997223    -16.061857      0.568000 
   216.833588    -25.569412    -16.972408      0.564000 
   216.833600    -25.583803    -16.915346      0.566000 
   216.833611    -25.598188    -16.858286      0.568000 
   216.833623    -25.612568    -16.801224      0.570000 
   216.833634    -25.626940    -16.744164      0.572000 
   216.833646    -25.641306    -16.687101      0.573000 
   216.833657    -25.655664    -16.630041      0.572000 
   216.833669    -25.670020    -16.572980      0.569000 
   216.833681    -25.684366    -16.515920      0.564000 
   216.833692    -25.698708    -16.458858      0.560000 
   216.833704    -25.713041    -16.401798      0.554000 
   216.833715    -25.727370    -16.344740      0.549000 
   216.833727    -25.741693    -16.287680      0.545000 
   216.833738    -25.756008    -16.230620      0.545000 
   216.833750    -25.770320    -16.173561      0.547000 
   216.833762    -25.784624    -16.116500      0.551000 
   216.833773    -25.798922    -16.059443      0.556000 
   216.833785    -25.813215    -16.002382      0.561000 
   216.833796    -25.827501    -15.945323      0.565000 
   216.833808    -25.841782    -15.888264      0.566000 
   216.833819    -25.856056    -15.831206      0.565000 
   216.833831    -25.870325    -15.774147      0.561000 
   216.833843    -25.884586    -15.717088      0.557000 
   216.833854    -25.898844    -15.660030      0.554000 
   216.833866    -25.913095    -15.602972      0.553000 
   216.833877    -25.927341    -15.545913      0.553000 
   216.833889    -25.941580    -15.488855      0.556000 
   216.833900    -25.955814    -15.431798      0.561000 
   216.833912    -25.970041    -15.374740      0.566000 
   216.833924    -25.984264    -15.317682      0.570000 
   216.833935    -25.998482    -15.260625      0.572000 
   216.833947    -26.012693    -15.203568      0.572000 
   216.833958    -26.026897    -15.146511      0.569000 
   216.833970    -26.041098    -15.089454      0.564000 
   216.833981    -26.055292    -15.032397      0.558000 
   216.833993    -26.069480    -14.975341      0.551000 
   216.834005    -26.083664    -14.918284      0.544000 
   216.834016    -26.097841    -14.861228      0.540000 
   216.834028    -26.112015    -14.804172      0.537000 
   216.834039    -26.126183    -14.747116      0.535000 
   216.834051    -26.140343    -14.690060      0.535000 
   216.834063    -26.154497    -14.633005      0.535000 
   216.834074    -26.168650    -14.575949      0.536000 
   216.834086    -26.182795    -14.518894      0.537000 
   216.834097    -26.196934    -14.461839      0.536000 
   216.834109    -26.211070    -14.404784      0.536000 
   216.834120    -26.225199    -14.347729      0.535000 
   216.834132    -26.239325    -14.290675      0.534000 
   216.834144    -26.253443    -14.233621      0.533000 
   216.834155    -26.267555    -14.176566      0.532000 
   216.834167    -26.281666    -14.119512      0.533000 
   216.834178    -26.295769    -14.062459      0.532000 
   216.834190    -26.309868    -14.005405      0.532000 
   216.834201    -26.323960    -13.948352      0.530000 
   216.834213    -26.338049    -13.891298      0.525000 
   216.834225    -26.352130    -13.834245      0.519000 
   216.834236    -26.366209    -13.777192      0.510000 
   216.834248    -26.380281    -13.720140      0.500000 
   216.834259    -26.394350    -13.663087      0.490000 
   216.834271    -26.408413    -13.606035      0.483000 
   216.834282    -26.422472    -13.548983      0.477000 
   216.834294    -26.436525    -13.491931      0.477000 
   216.834306    -26.450573    -13.434879      0.482000 
   216.834317    -26.464617    -13.377828      0.491000 
   216.834329    -26.478655    -13.320776      0.501000 
   216.834340    -26.492690    -13.263725      0.513000 
   216.834352    -26.506718    -13.206674      0.525000 
   216.834363    -26.520742    -13.149623      0.535000 
   216.834375    -26.534761    -13.092573      0.543000 
   216.834387    -26.548777    -13.035522      0.547000 
   217.311539    -23.006342    -15.019306      0.514000 
   217.311551    -23.020550    -15.076418      0.515000 
   217.311562    -23.034763    -15.133530      0.516000 
   217.311574    -23.048983    -15.190643      0.519000 
   217.311586    -23.063206    -15.247755      0.522000 
   217.311597    -23.077436    -15.304868      0.525000 
   217.311609    -23.091673    -15.361981      0.528000 
   217.311620    -23.105913    -15.419094      0.529000 
   217.311632    -23.120160    -15.476207      0.531000 
   217.311644    -23.134413    -15.533321      0.530000 
   217.311655    -23.148672    -15.590434      0.529000 
   217.311667    -23.162937    -15.647547      0.528000 
   217.311678    -23.177208    -15.704661      0.528000 
   217.311690    -23.191483    -15.761775      0.528000 
   217.311701    -23.205765    -15.818889      0.529000 
   217.311713    -23.220053    -15.876002      0.531000 
   217.311725    -23.234346    -15.933117      0.534000 
   217.311736    -23.248646    -15.990231      0.536000 
   217.311748    -23.262953    -16.047344      0.538000 
   217.311759    -23.277264    -16.104460      0.539000 
   217.311771    -23.291580    -16.161573      0.539000 
   217.311782    -23.305904    -16.218687      0.541000 
   217.311794    -23.320234    -16.275805      0.542000 
   217.311806    -23.334572    -16.332918      0.545000 
   217.311817    -23.348913    -16.390034      0.550000 
   217.311829    -23.363260    -16.447147      0.553000 
   217.311840    -23.377613    -16.504265      0.557000 
   217.311852    -23.391975    -16.561378      0.559000 
   217.311863    -23.406342    -16.618494      0.559000 
   217.311875    -23.420715    -16.675610      0.557000 
   217.311887    -23.435095    -16.732725      0.553000 
   217.311898    -23.449478    -16.789840      0.547000 
   217.311910    -23.463873    -16.846956      0.542000 
   217.311921    -23.478270    -16.904072      0.538000 
   217.311933    -23.492676    -16.961187      0.536000 
   230.833565    -25.559069    -16.993240      0.565000 
   230.833576    -25.573460    -16.936193      0.571000 
   230.833588    -25.587845    -16.879148      0.575000 
   230.833600    -25.602222    -16.822102      0.578000 
   230.833611    -25.616594    -16.765055      0.579000 
   230.833623    -25.630959    -16.708010      0.579000 
   230.833634    -25.645317    -16.650963      0.579000 
   230.833646    -25.659672    -16.593916      0.578000 
   230.833657    -25.674017    -16.536870      0.580000 
   230.833669    -25.688356    -16.479824      0.580000 
   230.833681    -25.702692    -16.422780      0.581000 
   230.833692    -25.717018    -16.365734      0.582000 
   230.833704    -25.731342    -16.308687      0.582000 
   230.833715    -25.745657    -16.251642      0.580000 
   230.833727    -25.759968    -16.194597      0.577000 
   230.833738    -25.774271    -16.137552      0.573000 
   230.833750    -25.788568    -16.080507      0.568000 
   230.833762    -25.802860    -16.023462      0.564000 
   230.833773    -25.817146    -15.966418      0.558000 
   230.833785    -25.831427    -15.909373      0.555000 
   230.833796    -25.845700    -15.852329      0.553000 
   230.833808    -25.859968    -15.795284      0.552000 
   230.833819    -25.874230    -15.738240      0.554000 
   230.833831    -25.888487    -15.681196      0.555000 
   230.833843    -25.902737    -15.624152      0.558000 
   230.833854    -25.916983    -15.567108      0.559000 
   230.833866    -25.931220    -15.510064      0.560000 
   230.833877    -25.945454    -15.453020      0.561000 
   230.833889    -25.959682    -15.395977      0.561000 
   230.833900    -25.973904    -15.338933      0.561000 
   230.833912    -25.988120    -15.281890      0.560000 
   230.833924    -26.002330    -15.224847      0.559000 
   230.833935    -26.016535    -15.167804      0.557000 
   230.833947    -26.030733    -15.110761      0.556000 
   230.833958    -26.044928    -15.053718      0.555000 
   230.833970    -26.059116    -14.996676      0.554000 
   230.833981    -26.073300    -14.939633      0.551000 
   230.833993    -26.087477    -14.882591      0.549000 
   230.834005    -26.101648    -14.825549      0.547000 
   230.834016    -26.115814    -14.768507      0.544000 
   230.834028    -26.129974    -14.711465      0.543000 
   230.834039    -26.144130    -14.654424      0.541000 
   230.834051    -26.158280    -14.597382      0.540000 
   230.834063    -26.172424    -14.540341      0.538000 
   230.834074    -26.186563    -14.483299      0.536000 
   230.834086    -26.200699    -14.426258      0.535000 
   230.834097    -26.214827    -14.369217      0.532000 
   230.834109    -26.228950    -14.312177      0.530000 
   230.834120    -26.243069    -14.255136      0.529000 
   230.834132    -26.257181    -14.198096      0.528000 
   230.834144    -26.271290    -14.141055      0.530000 
   230.834155    -26.285393    -14.084015      0.533000 
   230.834167    -26.299490    -14.026975      0.535000 
   230.834178    -26.313583    -13.969935      0.539000 
   230.834190    -26.327671    -13.912896      0.539000 
   230.834201    -26.341753    -13.855856      0.539000 
   230.834213    -26.355831    -13.798817      0.536000 
   230.834225    -26.369904    -13.741778      0.530000 
   230.834236    -26.383970    -13.684739      0.522000 
   230.834248    -26.398033    -13.627700      0.513000 
   230.834259    -26.412090    -13.570661      0.504000 
   230.834271    -26.426144    -13.513623      0.497000 
   230.834282    -26.440191    -13.456584      0.493000 
   230.834294    -26.454231    -13.399546      0.490000 
   230.834306    -26.468271    -13.342508      0.489000 
   230.834317    -26.482304    -13.285471      0.490000 
   230.834329    -26.496332    -13.228433      0.492000 
   230.834340    -26.510357    -13.171396      0.493000 
   230.834352    -26.524376    -13.114358      0.497000 
   230.834363    -26.538387    -13.057321      0.500000 
   230.834375    -26.552399    -13.000284      0.505000 
   231.311516    -23.003489    -15.022334      0.514000 
   231.311528    -23.017696    -15.079447      0.508000 
   231.311539    -23.031914    -15.136560      0.501000 
   231.311551    -23.046133    -15.193674      0.496000 
   231.311562    -23.060360    -15.250787      0.494000 
   231.311574    -23.074590    -15.307901      0.494000 
   231.311586    -23.088829    -15.365014      0.498000 
   231.311597    -23.103071    -15.422128      0.504000 
   231.311609    -23.117321    -15.479242      0.512000 
   231.311620    -23.131575    -15.536356      0.520000 
   231.311632    -23.145836    -15.593470      0.527000 
   231.311644    -23.160100    -15.650584      0.534000 
   231.311655    -23.174374    -15.707699      0.537000 
   231.311667    -23.188650    -15.764813      0.538000 
   231.311678    -23.202936    -15.821927      0.539000 
   231.311690    -23.217224    -15.879042      0.538000 
   231.311701    -23.231520    -15.936157      0.537000 
   231.311713    -23.245823    -15.993271      0.537000 
   231.311725    -23.260130    -16.050386      0.537000 
   231.311736    -23.274443    -16.107500      0.538000 
   231.311748    -23.288761    -16.164616      0.540000 
   231.311759    -23.303087    -16.221731      0.541000 
   231.311771    -23.317417    -16.278845      0.542000 
   231.311782    -23.331757    -16.335962      0.543000 
   231.311794    -23.346100    -16.393076      0.545000 
   231.311806    -23.360449    -16.450191      0.546000 
   231.311817    -23.374805    -16.507307      0.548000 
   231.311829    -23.389168    -16.564423      0.550000 
   231.311840    -23.403536    -16.621538      0.553000 
   231.311852    -23.417910    -16.678656      0.554000 
   231.311863    -23.432291    -16.735771      0.555000 
   231.311875    -23.446678    -16.792887      0.555000 
   231.311887    -23.461071    -16.850002      0.553000 
   231.311898    -23.475471    -16.907118      0.550000 
   231.311910    -23.489878    -16.964233      0.549000 
   236.316296    -24.378140    -13.026138      0.540000 
   236.316308    -24.392170    -13.083245      0.553000 
   236.316319    -24.406202    -13.140351      0.564000 
   236.316331    -24.420242    -13.197458      0.572000 
   236.316343    -24.434284    -13.254565      0.574000 
   236.316354    -24.448334    -13.311671      0.573000 
   236.316366    -24.462387    -13.368778      0.566000 
   236.316377    -24.476444    -13.425886      0.558000 
   236.316389    -24.490507    -13.482993      0.548000 
   236.316400    -24.504576    -13.540101      0.538000 
   236.316412    -24.518648    -13.597208      0.531000 
   236.316424    -24.532726    -13.654316      0.526000 
   236.316435    -24.546808    -13.711424      0.525000 
   236.316447    -24.560898    -13.768532      0.526000 
   236.316458    -24.574990    -13.825640      0.531000 
   236.316470    -24.589087    -13.882748      0.536000 
   236.316481    -24.603190    -13.939857      0.541000 
   236.316493    -24.617296    -13.996965      0.546000 
   236.316505    -24.631410    -14.054074      0.549000 
   236.316516    -24.645529    -14.111183      0.548000 
   236.316528    -24.659650    -14.168292      0.545000 
   236.316539    -24.673780    -14.225401      0.539000 
   236.316551    -24.687914    -14.282510      0.531000 
   236.316562    -24.702051    -14.339619      0.523000 
   236.316574    -24.716196    -14.396729      0.516000 
   236.316586    -24.730345    -14.453838      0.510000 
   236.316597    -24.744500    -14.510948      0.507000 
   236.316609    -24.758660    -14.568058      0.508000 
   236.316620    -24.772823    -14.625168      0.512000 
   236.316632    -24.786995    -14.682278      0.518000 
   236.316644    -24.801170    -14.739388      0.526000 
   236.316655    -24.815351    -14.796498      0.534000 
   236.316667    -24.829538    -14.853609      0.543000 
   236.316678    -24.843730    -14.910719      0.549000 
   236.316690    -24.857930    -14.967830      0.555000 
   236.316701    -24.872131    -15.024940      0.559000 
   236.316713    -24.886341    -15.082051      0.560000 
   236.316725    -24.900555    -15.139162      0.561000 
   236.316736    -24.914776    -15.196273      0.560000 
   236.316748    -24.929000    -15.253384      0.559000 
   236.316759    -24.943232    -15.310495      0.557000 
   236.316771    -24.957468    -15.367607      0.556000 
   236.316782    -24.971710    -15.424718      0.553000 
   236.316794    -24.985958    -15.481830      0.551000 
   236.316806    -25.000214    -15.538941      0.548000 
   236.316829    -25.014471    -15.596053      0.547000 
   236.316840    -25.028738    -15.653165      0.545000 
   236.316852    -25.043009    -15.710277      0.544000 
   236.316863    -25.057285    -15.767389      0.544000 
   236.316875    -25.071570    -15.824501      0.544000 
   236.316887    -25.085857    -15.881613      0.545000 
   236.316898    -25.100151    -15.938725      0.546000 
   236.316910    -25.114452    -15.995838      0.547000 
   236.316921    -25.128760    -16.052950      0.549000 
   236.316933    -25.143072    -16.110062      0.552000 
   236.316944    -25.157390    -16.167175      0.558000 
   236.316956    -25.171715    -16.224287      0.565000 
   236.316968    -25.186047    -16.281399      0.574000 
   236.316979    -25.200382    -16.338512      0.584000 
   236.316991    -25.214724    -16.395626      0.593000 
   236.317002    -25.229074    -16.452738      0.601000 
   236.317014    -25.243430    -16.509851      0.605000 
   236.317025    -25.257792    -16.566965      0.604000 
   236.317037    -25.272158    -16.624079      0.599000 
   236.317049    -25.286531    -16.681190      0.591000 
   236.317060    -25.300913    -16.738304      0.580000 
   236.317072    -25.315298    -16.795418      0.570000 
   236.317083    -25.329690    -16.852531      0.561000 
   236.317095    -25.344090    -16.909645      0.556000 
   236.317106    -25.358496    -16.966759      0.555000 
   239.828391    -23.706165    -16.962193      0.550000 
   239.828403    -23.720552    -16.905148      0.556000 
   239.828414    -23.734936    -16.848103      0.563000 
   239.828426    -23.749310    -16.791058      0.567000 
   239.828438    -23.763678    -16.734015      0.570000 
   239.828449    -23.778040    -16.676970      0.568000 
   239.828461    -23.792395    -16.619925      0.565000 
   239.828472    -23.806746    -16.562880      0.559000 
   239.828484    -23.821090    -16.505836      0.555000 
   239.828495    -23.835426    -16.448792      0.552000 
   239.828507    -23.849758    -16.391748      0.551000 
   239.828519    -23.864082    -16.334703      0.555000 
   239.828530    -23.878400    -16.277660      0.560000 
   239.828542    -23.892715    -16.220617      0.567000 
   239.828553    -23.907022    -16.163572      0.573000 
   239.828565    -23.921324    -16.106530      0.575000 
   239.828576    -23.935617    -16.049484      0.574000 
   239.828588    -23.949905    -15.992443      0.569000 
   239.828600    -23.964190    -15.935399      0.562000 
   239.828611    -23.978466    -15.878356      0.555000 
   239.828623    -23.992737    -15.821313      0.547000 
   239.828634    -24.007004    -15.764270      0.542000 
   239.828646    -24.021261    -15.707228      0.538000 
   239.828669    -24.035517    -15.650185      0.537000 
   239.828681    -24.049763    -15.593142      0.536000 
   239.828692    -24.064005    -15.536100      0.533000 
   239.828704    -24.078241    -15.479057      0.530000 
   239.828715    -24.092472    -15.422015      0.525000 
   239.828727    -24.106695    -15.364973      0.521000 
   239.828738    -24.120916    -15.307931      0.518000 
   239.828750    -24.135130    -15.250889      0.518000 
   239.828762    -24.149338    -15.193847      0.521000 
   239.828773    -24.163540    -15.136806      0.528000 
   239.828785    -24.177736    -15.079764      0.538000 
   239.828796    -24.191927    -15.022723      0.547000 
   239.828808    -24.206114    -14.965682      0.556000 
   239.828819    -24.220293    -14.908640      0.562000 
   239.828831    -24.234467    -14.851599      0.563000 
   239.828843    -24.248636    -14.794559      0.560000 
   239.828854    -24.262800    -14.737518      0.555000 
   239.828866    -24.276958    -14.680477      0.548000 
   239.828877    -24.291113    -14.623437      0.539000 
   239.828889    -24.305260    -14.566396      0.533000 
   239.828900    -24.319403    -14.509356      0.529000 
   239.828912    -24.333538    -14.452316      0.527000 
   239.828924    -24.347670    -14.395276      0.529000 
   239.828935    -24.361797    -14.338236      0.534000 
   239.828947    -24.375917    -14.281197      0.540000 
   239.828958    -24.390034    -14.224157      0.546000 
   239.828970    -24.404144    -14.167118      0.553000 
   239.828981    -24.418251    -14.110078      0.556000 
   239.828993    -24.432350    -14.053039      0.558000 
   239.829005    -24.446447    -13.996000      0.557000 
   239.829016    -24.460535    -13.938962      0.552000 
   239.829028    -24.474623    -13.881923      0.547000 
   239.829039    -24.488700    -13.824885      0.542000 
   239.829051    -24.502777    -13.767846      0.538000 
   239.829063    -24.516848    -13.710808      0.536000 
   239.829074    -24.530912    -13.653770      0.538000 
   239.829086    -24.544973    -13.596732      0.542000 
   239.829097    -24.559029    -13.539694      0.548000 
   239.829109    -24.573078    -13.482657      0.554000 
   239.829120    -24.587126    -13.425619      0.559000 
   239.829132    -24.601166    -13.368582      0.563000 
   239.829144    -24.615202    -13.311545      0.566000 
   239.829155    -24.629232    -13.254508      0.565000 
   239.829167    -24.643260    -13.197471      0.564000 
   239.829178    -24.657280    -13.140435      0.563000 
   239.829190    -24.671297    -13.083398      0.562000 
   239.829201    -24.685308    -13.026362      0.560000 
   244.833588    -25.576296    -16.953989      0.591000 
   244.833600    -25.590681    -16.896942      0.594000 
   244.833611    -25.605064    -16.839895      0.596000 
   244.833623    -25.619438    -16.782848      0.596000 
   244.833634    -25.633806    -16.725801      0.595000 
   244.833646    -25.648169    -16.668756      0.593000 
   244.833657    -25.662525    -16.611710      0.591000 
   244.833669    -25.676874    -16.554663      0.588000 
   244.833681    -25.691217    -16.497616      0.584000 
   244.833692    -25.705557    -16.440570      0.580000 
   244.833704    -25.719889    -16.383526      0.574000 
   244.833715    -25.734213    -16.326479      0.566000 
   244.833727    -25.748531    -16.269432      0.558000 
   244.833738    -25.762844    -16.212387      0.548000 
   244.833750    -25.777151    -16.155340      0.539000 
   244.833762    -25.791452    -16.098295      0.530000 
   244.833773    -25.805746    -16.041248      0.524000 
   244.833785    -25.820038    -15.984204      0.519000 
   244.833796    -25.834318    -15.927159      0.518000 
   244.833808    -25.848597    -15.870114      0.518000 
   244.833819    -25.862867    -15.813068      0.521000 
   244.833831    -25.877134    -15.756023      0.526000 
   244.833843    -25.891392    -15.698978      0.531000 
   244.833854    -25.905645    -15.641934      0.537000 
   244.833866    -25.919893    -15.584889      0.543000 
   244.833877    -25.934137    -15.527844      0.548000 
   244.833889    -25.948374    -15.470799      0.553000 
   244.833900    -25.962605    -15.413755      0.558000 
   244.833912    -25.976830    -15.356711      0.562000 
   244.833924    -25.991049    -15.299666      0.565000 
   244.833935    -26.005262    -15.242622      0.567000 
   244.833947    -26.019470    -15.185578      0.567000 
   244.833958    -26.033672    -15.128534      0.566000 
   244.833970    -26.047869    -15.071490      0.564000 
   244.833981    -26.062061    -15.014447      0.561000 
   244.833993    -26.076246    -14.957403      0.557000 
   244.834005    -26.090427    -14.900360      0.554000 
   244.834016    -26.104603    -14.843316      0.552000 
   244.834028    -26.118773    -14.786273      0.553000 
   244.834039    -26.132936    -14.729230      0.555000 
   244.834051    -26.147095    -14.672187      0.561000 
   244.834063    -26.161247    -14.615144      0.567000 
   244.834074    -26.175396    -14.558102      0.573000 
   244.834086    -26.189537    -14.501059      0.580000 
   244.834097    -26.203674    -14.444017      0.584000 
   244.834109    -26.217806    -14.386975      0.586000 
   244.834120    -26.231934    -14.329932      0.588000 
   244.834132    -26.246056    -14.272890      0.586000 
   244.834144    -26.260172    -14.215848      0.585000 
   244.834155    -26.274282    -14.158807      0.582000 
   244.834167    -26.288387    -14.101765      0.581000 
   244.834178    -26.302490    -14.044724      0.580000 
   244.834190    -26.316586    -13.987682      0.581000 
   244.834201    -26.330675    -13.930641      0.582000 
   244.834213    -26.344763    -13.873600      0.582000 
   244.834225    -26.358843    -13.816559      0.582000 
   244.834236    -26.372917    -13.759518      0.581000 
   244.834248    -26.386990    -13.702478      0.579000 
   244.834259    -26.401052    -13.645437      0.575000 
   244.834271    -26.415115    -13.588397      0.570000 
   244.834282    -26.429170    -13.531357      0.566000 
   244.834294    -26.443220    -13.474317      0.563000 
   244.834306    -26.457268    -13.417277      0.562000 
   244.834317    -26.471308    -13.360237      0.563000 
   244.834329    -26.485344    -13.303197      0.565000 
   244.834340    -26.499376    -13.246158      0.568000 
   244.834352    -26.513403    -13.189119      0.570000 
   244.834363    -26.527424    -13.132079      0.572000 
   244.834375    -26.541443    -13.075040      0.571000 
   244.834387    -26.555454    -13.018002      0.568000 
