    28.135891    -21.497305    -11.992073      0.522000 
    28.135903    -21.503345    -11.934783      0.520000 
    28.135914    -21.509384    -11.877494      0.517000 
    28.135926    -21.515423    -11.820204      0.513000 
    28.135938    -21.521460    -11.762913      0.510000 
    28.135949    -21.527496    -11.705622      0.508000 
    28.135961    -21.533533    -11.648331      0.507000 
    28.135972    -21.539568    -11.591039      0.507000 
    28.135984    -21.545603    -11.533747      0.508000 
    28.135984    -21.551636    -11.476454      0.509000 
    28.135995    -21.557667    -11.419161      0.512000 
    28.136007    -21.563700    -11.361868      0.515000 
    28.136019    -21.569729    -11.304574      0.519000 
    28.136030    -21.575760    -11.247279      0.525000 
    28.136042    -21.581789    -11.189985      0.531000 
    28.136053    -21.587816    -11.132689      0.537000 
    28.136065    -21.593843    -11.075394      0.541000 
    28.136076    -21.599873    -11.018098      0.543000 
    28.136088    -21.605898    -10.960802      0.540000 
    28.136100    -21.611921    -10.903505      0.535000 
    28.136111    -21.617947    -10.846207      0.525000 
    28.136123    -21.623970    -10.788910      0.513000 
    28.136134    -21.629993    -10.731612      0.503000 
    28.136146    -21.636015    -10.674313      0.495000 
    28.136157    -21.642036    -10.617014      0.492000 
    28.136169    -21.648056    -10.559715      0.494000 
    28.136169    -21.654078    -10.502416      0.501000 
    28.136181    -21.660095    -10.445116      0.511000 
    28.136192    -21.666113    -10.387815      0.521000 
    28.136204    -21.672130    -10.330514      0.531000 
    28.136215    -21.678148    -10.273213      0.536000 
    28.136227    -21.684164    -10.215911      0.539000 
    28.136238    -21.690180    -10.158609      0.537000 
    28.136250    -21.696192    -10.101307      0.535000 
    28.136262    -21.702206    -10.044004      0.531000 
    28.136273    -21.708220     -9.986701      0.529000 
    28.136285    -21.714233     -9.929397      0.528000 
    28.136296    -21.720243     -9.872093      0.530000 
    28.136308    -21.726255     -9.814789      0.532000 
    28.136319    -21.732265     -9.757484      0.534000 
    28.136331    -21.738274     -9.700179      0.537000 
    28.136343    -21.744284     -9.642873      0.537000 
    28.136354    -21.750292     -9.585567      0.535000 
    28.136366    -21.756298     -9.528261      0.532000 
    28.136366    -21.762306     -9.470954      0.527000 
    28.136377    -21.768312     -9.413647      0.522000 
    28.136389    -21.774317     -9.356340      0.520000 
    28.136400    -21.780321     -9.299032      0.517000 
    28.136412    -21.786325     -9.241724      0.516000 
    28.136424    -21.792328     -9.184416      0.517000 
    28.136435    -21.798332     -9.127107      0.517000 
    28.136447    -21.804335     -9.069797      0.518000 
    28.136458    -21.810335     -9.012488      0.518000 
    28.136470    -21.816338     -8.955178      0.515000 
    28.136481    -21.822336     -8.897867      0.512000 
    28.136493    -21.828337     -8.840557      0.507000 
    28.136505    -21.834335     -8.783246      0.502000 
    28.136516    -21.840332     -8.725934      0.496000 
    28.136528    -21.846330     -8.668622      0.491000 
    28.136539    -21.852327     -8.611310      0.488000 
    28.136551    -21.858324     -8.553998      0.486000 
    28.136563    -21.864320     -8.496685      0.485000 
    28.136563    -21.870316     -8.439372      0.485000 
    28.136574    -21.876308     -8.382057      0.487000 
    28.136586    -21.882303     -8.324743      0.492000 
    28.136597    -21.888298     -8.267430      0.496000 
    28.136609    -21.894290     -8.210115      0.501000 
    28.136620    -21.900284     -8.152801      0.506000 
    28.136632    -21.906273     -8.095485      0.510000 
    28.136644    -21.912266     -8.038169      0.514000 
    33.618796    -20.137720     -8.055869      0.493000 
    33.618808    -20.143711     -8.113208      0.492000 
    33.618819    -20.149706     -8.170546      0.492000 
    33.618831    -20.155699     -8.227884      0.492000 
    33.618843    -20.161692     -8.285222      0.492000 
    33.618854    -20.167685     -8.342559      0.493000 
    33.618866    -20.173680     -8.399896      0.495000 
    33.618877    -20.179674     -8.457232      0.498000 
    33.618889    -20.185670     -8.514568      0.500000 
    33.618900    -20.191666     -8.571904      0.501000 
    33.618912    -20.197664     -8.629240      0.501000 
    33.618924    -20.203663     -8.686575      0.499000 
    33.618935    -20.209660     -8.743910      0.497000 
    33.618947    -20.215658     -8.801244      0.495000 
    33.618947    -20.221657     -8.858578      0.494000 
    33.618958    -20.227657     -8.915912      0.494000 
    33.618970    -20.233658     -8.973245      0.495000 
    33.618981    -20.239660     -9.030578      0.497000 
    33.618993    -20.245663     -9.087911      0.499000 
    33.619005    -20.251665     -9.145243      0.501000 
    33.619016    -20.257670     -9.202575      0.503000 
    33.619028    -20.263672     -9.259906      0.503000 
    33.619039    -20.269676     -9.317237      0.500000 
    33.619051    -20.275682     -9.374568      0.496000 
    33.619062    -20.281689     -9.431898      0.489000 
    33.619074    -20.287695     -9.489228      0.480000 
    33.619086    -20.293701     -9.546558      0.470000 
    33.619097    -20.299710     -9.603887      0.461000 
    33.619109    -20.305720     -9.661216      0.453000 
    33.619120    -20.311730     -9.718544      0.447000 
    33.619132    -20.317740     -9.775872      0.445000 
    33.619144    -20.323750     -9.833200      0.443000 
    33.619144    -20.329762     -9.890527      0.445000 
    33.619155    -20.335773     -9.947854      0.446000 
    33.619167    -20.341785    -10.005180      0.446000 
    33.619178    -20.347800    -10.062506      0.444000 
    33.619190    -20.353813    -10.119832      0.441000 
    33.619201    -20.359829    -10.177157      0.435000 
    33.619213    -20.365845    -10.234482      0.429000 
    33.619225    -20.371860    -10.291807      0.424000 
    33.619236    -20.377878    -10.349131      0.423000 
    33.619248    -20.383896    -10.406454      0.425000 
    33.619259    -20.389915    -10.463778      0.430000 
    33.619271    -20.395935    -10.521101      0.440000 
    33.619282    -20.401955    -10.578423      0.452000 
    33.619294    -20.407976    -10.635745      0.464000 
    33.619306    -20.413998    -10.693067      0.475000 
    33.619317    -20.420021    -10.750388      0.482000 
    33.619329    -20.426043    -10.807709      0.488000 
    33.619340    -20.432068    -10.865029      0.491000 
    33.619340    -20.438093    -10.922349      0.492000 
    33.619352    -20.444118    -10.979669      0.492000 
    33.619363    -20.450146    -11.036988      0.494000 
    33.619375    -20.456173    -11.094306      0.495000 
    33.619387    -20.462200    -11.151625      0.498000 
    33.619398    -20.468230    -11.208943      0.501000 
    33.619410    -20.474260    -11.266260      0.503000 
    33.619421    -20.480290    -11.323577      0.504000 
    33.619433    -20.486322    -11.380894      0.504000 
    33.619444    -20.492353    -11.438210      0.502000 
    33.619456    -20.498386    -11.495526      0.500000 
    33.619468    -20.504421    -11.552841      0.499000 
    33.619479    -20.510456    -11.610156      0.498000 
    33.619491    -20.516490    -11.667470      0.499000 
    33.619502    -20.522528    -11.724784      0.500000 
    33.619514    -20.528564    -11.782098      0.502000 
    33.619525    -20.534603    -11.839411      0.505000 
    33.619525    -20.540642    -11.896724      0.508000 
    33.619537    -20.546682    -11.954036      0.511000 
    35.617465    -21.143845     -8.011246      0.487000 
    35.617477    -21.149834     -8.068586      0.496000 
    35.617488    -21.155825     -8.125926      0.503000 
    35.617500    -21.161818     -8.183266      0.509000 
    35.617512    -21.167810     -8.240605      0.510000 
    35.617523    -21.173803     -8.297943      0.508000 
    35.617535    -21.179796     -8.355281      0.504000 
    35.617546    -21.185791     -8.412619      0.499000 
    35.617558    -21.191786     -8.469957      0.495000 
    35.617569    -21.197783     -8.527294      0.492000 
    35.617581    -21.203777     -8.584631      0.491000 
    35.617581    -21.209776     -8.641967      0.493000 
    35.617593    -21.215773     -8.699303      0.496000 
    35.617604    -21.221770     -8.756639      0.499000 
    35.617616    -21.227768     -8.813975      0.502000 
    35.617627    -21.233767     -8.871310      0.505000 
    35.617639    -21.239767     -8.928644      0.506000 
    35.617650    -21.245768     -8.985979      0.507000 
    35.617662    -21.251768     -9.043312      0.508000 
    35.617674    -21.257769     -9.100646      0.507000 
    35.617685    -21.263773     -9.157979      0.507000 
    35.617697    -21.269775     -9.215312      0.506000 
    35.617708    -21.275780     -9.272644      0.506000 
    35.617720    -21.281784     -9.329976      0.505000 
    35.617731    -21.287788     -9.387308      0.504000 
    35.617743    -21.293793     -9.444639      0.504000 
    35.617755    -21.299800     -9.501970      0.504000 
    35.617766    -21.305807     -9.559301      0.505000 
    35.617778    -21.311815     -9.616631      0.506000 
    35.617778    -21.317823     -9.673960      0.507000 
    35.617789    -21.323833     -9.731290      0.506000 
    35.617801    -21.329844     -9.788619      0.503000 
    35.617812    -21.335854     -9.845947      0.500000 
    35.617824    -21.341864     -9.903275      0.497000 
    35.617836    -21.347876     -9.960603      0.493000 
    35.617847    -21.353890    -10.017931      0.493000 
    35.617859    -21.359901    -10.075258      0.495000 
    35.617870    -21.365915    -10.132584      0.501000 
    35.617882    -21.371931    -10.189910      0.509000 
    35.617894    -21.377947    -10.247236      0.518000 
    35.617905    -21.383960    -10.304561      0.527000 
    35.617917    -21.389978    -10.361886      0.532000 
    35.617928    -21.395996    -10.419211      0.534000 
    35.617940    -21.402016    -10.476535      0.533000 
    35.617951    -21.408035    -10.533859      0.527000 
    35.617963    -21.414055    -10.591182      0.521000 
    35.617963    -21.420074    -10.648505      0.516000 
    35.617975    -21.426098    -10.705828      0.512000 
    35.617986    -21.432120    -10.763150      0.509000 
    35.617998    -21.438143    -10.820472      0.510000 
    35.618009    -21.444164    -10.877793      0.511000 
    35.618021    -21.450191    -10.935114      0.512000 
    35.618032    -21.456217    -10.992434      0.511000 
    35.618044    -21.462242    -11.049754      0.509000 
    35.618056    -21.468270    -11.107074      0.506000 
    35.618067    -21.474297    -11.164393      0.503000 
    35.618079    -21.480326    -11.221712      0.501000 
    35.618090    -21.486357    -11.279030      0.502000 
    35.618102    -21.492386    -11.336348      0.505000 
    35.618113    -21.498417    -11.393665      0.512000 
    35.618125    -21.504450    -11.450982      0.521000 
    35.618137    -21.510483    -11.508299      0.530000 
    35.618148    -21.516516    -11.565615      0.539000 
    35.618160    -21.522550    -11.622931      0.544000 
    35.618160    -21.528585    -11.680246      0.546000 
    35.618171    -21.534620    -11.737561      0.546000 
    35.618183    -21.540659    -11.794876      0.542000 
    35.618194    -21.546696    -11.852189      0.537000 
    35.618206    -21.552734    -11.909503      0.531000 
    35.618218    -21.558775    -11.966816      0.525000 
    49.088125    -20.002575     -9.051388      0.494000 
    49.088125    -20.008575     -8.994088      0.497000 
    49.088137    -20.014574     -8.936787      0.501000 
    49.088148    -20.020575     -8.879486      0.505000 
    49.088160    -20.026573     -8.822185      0.506000 
    49.088171    -20.032572     -8.764883      0.504000 
    49.088183    -20.038568     -8.707580      0.498000 
    49.088194    -20.044567     -8.650278      0.489000 
    49.088206    -20.050564     -8.592975      0.478000 
    49.088218    -20.056559     -8.535671      0.470000 
    49.088229    -20.062553     -8.478367      0.463000 
    49.088241    -20.068548     -8.421063      0.461000 
    49.088252    -20.074543     -8.363759      0.464000 
    49.088264    -20.080536     -8.306454      0.472000 
    49.088275    -20.086529     -8.249149      0.483000 
    49.088287    -20.092522     -8.191843      0.495000 
    49.088299    -20.098513     -8.134537      0.504000 
    49.088310    -20.104506     -8.077231      0.509000 
    49.088322    -20.110495     -8.019924      0.510000 
    51.086238    -20.707542    -11.965232      0.486000 
    51.086250    -20.713583    -11.907953      0.484000 
    51.086262    -20.719622    -11.850673      0.485000 
    51.086273    -20.725658    -11.793392      0.487000 
    51.086285    -20.731695    -11.736112      0.491000 
    51.086296    -20.737730    -11.678830      0.495000 
    51.086308    -20.743765    -11.621549      0.497000 
    51.086319    -20.749798    -11.564267      0.497000 
    51.086331    -20.755833    -11.506984      0.496000 
    51.086343    -20.761864    -11.449701      0.491000 
    51.086354    -20.767897    -11.392418      0.486000 
    51.086366    -20.773926    -11.335134      0.480000 
    51.086377    -20.779957    -11.277849      0.476000 
    51.086377    -20.785986    -11.220565      0.473000 
    51.086389    -20.792011    -11.163280      0.471000 
    51.086400    -20.798040    -11.105994      0.469000 
    51.086412    -20.804068    -11.048708      0.468000 
    51.086424    -20.810093    -10.991421      0.467000 
    51.086435    -20.816116    -10.934134      0.466000 
    51.086447    -20.822142    -10.876847      0.466000 
    51.086458    -20.828165    -10.819559      0.467000 
    51.086470    -20.834188    -10.762271      0.469000 
    51.086481    -20.840208    -10.704983      0.471000 
    51.086493    -20.846230    -10.647694      0.475000 
    51.086505    -20.852251    -10.590404      0.476000 
    51.086516    -20.858270    -10.533114      0.475000 
    51.086528    -20.864288    -10.475824      0.472000 
    51.086539    -20.870308    -10.418533      0.465000 
    51.086551    -20.876324    -10.361242      0.457000 
    51.086562    -20.882340    -10.303950      0.448000 
    51.086562    -20.888355    -10.246658      0.442000 
    51.086574    -20.894371    -10.189366      0.436000 
    51.086586    -20.900385    -10.132073      0.435000 
    51.086597    -20.906399    -10.074780      0.435000 
    51.086609    -20.912413    -10.017487      0.439000 
    51.086620    -20.918425     -9.960192      0.443000 
    51.086632    -20.924435     -9.902898      0.446000 
    51.086644    -20.930447     -9.845603      0.448000 
    51.086655    -20.936457     -9.788308      0.448000 
    51.086667    -20.942465     -9.731012      0.449000 
    51.086678    -20.948475     -9.673716      0.449000 
    51.086690    -20.954480     -9.616420      0.450000 
    51.086701    -20.960487     -9.559123      0.454000 
    51.086713    -20.966496     -9.501826      0.457000 
    51.086725    -20.972502     -9.444528      0.461000 
    51.086736    -20.978506     -9.387230      0.466000 
    51.086748    -20.984510     -9.329932      0.470000 
    51.086759    -20.990515     -9.272633      0.472000 
    51.086759    -20.996517     -9.215334      0.474000 
    51.086771    -21.002520     -9.158034      0.476000 
    51.086782    -21.008522     -9.100735      0.476000 
    51.086794    -21.014523     -9.043434      0.475000 
    51.086806    -21.020523     -8.986133      0.474000 
    51.086817    -21.026524     -8.928832      0.473000 
    51.086829    -21.032522     -8.871531      0.472000 
    51.086840    -21.038520     -8.814229      0.473000 
    51.086852    -21.044520     -8.756927      0.474000 
    51.086863    -21.050516     -8.699624      0.479000 
    51.086875    -21.056513     -8.642321      0.486000 
    51.086887    -21.062510     -8.585018      0.496000 
    51.086898    -21.068504     -8.527714      0.510000 
    51.086910    -21.074500     -8.470410      0.523000 
    51.086921    -21.080496     -8.413105      0.535000 
    51.086933    -21.086489     -8.355801      0.543000 
    51.086944    -21.092482     -8.298494      0.546000 
    51.086956    -21.098475     -8.241190      0.544000 
    51.086956    -21.104465     -8.183883      0.536000 
    51.086968    -21.110456     -8.126578      0.525000 
    51.086979    -21.116447     -8.069270      0.514000 
    51.086991    -21.122438     -8.011963      0.505000 
    53.084919    -21.719860    -11.943267      0.534000 
    53.084931    -21.725899    -11.885987      0.538000 
    53.084942    -21.731937    -11.828706      0.537000 
    53.084954    -21.737974    -11.771425      0.532000 
    53.084965    -21.744010    -11.714144      0.524000 
    53.084977    -21.750046    -11.656862      0.516000 
    53.084988    -21.756080    -11.599580      0.506000 
    53.085000    -21.762114    -11.542297      0.500000 
    53.085012    -21.768147    -11.485014      0.498000 
    53.085012    -21.774180    -11.427731      0.499000 
    53.085023    -21.780210    -11.370447      0.505000 
    53.085035    -21.786242    -11.313162      0.514000 
    53.085046    -21.792270    -11.255877      0.524000 
    53.085058    -21.798300    -11.198592      0.534000 
    53.085069    -21.804329    -11.141306      0.542000 
    53.085081    -21.810354    -11.084020      0.547000 
    53.085093    -21.816381    -11.026734      0.549000 
    53.085104    -21.822407    -10.969447      0.546000 
    53.085116    -21.828432    -10.912159      0.539000 
    53.085127    -21.834455    -10.854871      0.531000 
    53.085139    -21.840479    -10.797583      0.519000 
    53.085150    -21.846500    -10.740294      0.506000 
    53.085162    -21.852524    -10.683005      0.494000 
    53.085174    -21.858543    -10.625715      0.483000 
    53.085185    -21.864565    -10.568425      0.474000 
    53.085197    -21.870583    -10.511135      0.469000 
    53.085197    -21.876600    -10.453844      0.465000 
    53.085208    -21.882620    -10.396553      0.463000 
    53.085220    -21.888638    -10.339261      0.461000 
    53.085231    -21.894653    -10.281969      0.460000 
    53.085243    -21.900667    -10.224676      0.459000 
    53.085255    -21.906685    -10.167383      0.458000 
    53.085266    -21.912699    -10.110090      0.457000 
    53.085278    -21.918710    -10.052796      0.459000 
    53.085289    -21.924725     -9.995502      0.461000 
    53.085301    -21.930737     -9.938207      0.467000 
    53.085313    -21.936747     -9.880912      0.472000 
    53.085324    -21.942759     -9.823617      0.478000 
    53.085336    -21.948767     -9.766321      0.484000 
    53.085347    -21.954777     -9.709025      0.487000 
    53.085359    -21.960785     -9.651728      0.487000 
    53.085370    -21.966791     -9.594431      0.482000 
    53.085382    -21.972800     -9.537134      0.475000 
    53.085394    -21.978806     -9.479836      0.466000 
    53.085394    -21.984812     -9.422538      0.459000 
    53.085417    -21.996822     -9.307940      0.449000 
    58.567778    -20.336712     -8.009601      0.507000 
    58.567778    -20.342705     -8.066934      0.501000 
    58.567789    -20.348698     -8.124267      0.497000 
    58.567801    -20.354690     -8.181600      0.494000 
    58.567813    -20.360683     -8.238933      0.493000 
    58.567824    -20.366678     -8.296265      0.492000 
    58.567836    -20.372673     -8.353596      0.491000 
    58.567847    -20.378670     -8.410929      0.490000 
    58.567859    -20.384665     -8.468260      0.487000 
    58.567870    -20.390661     -8.525591      0.484000 
    58.567882    -20.396660     -8.582921      0.481000 
    58.567894    -20.402657     -8.640251      0.478000 
    58.567905    -20.408655     -8.697580      0.476000 
    58.567917    -20.414656     -8.754909      0.476000 
    58.567928    -20.420654     -8.812238      0.478000 
    58.567940    -20.426655     -8.869567      0.480000 
    58.567951    -20.432655     -8.926895      0.484000 
    58.567963    -20.438658     -8.984222      0.486000 
    58.567975    -20.444660     -9.041550      0.487000 
    58.567975    -20.450663     -9.098876      0.487000 
    58.567986    -20.456667     -9.156203      0.487000 
    58.567998    -20.462671     -9.213529      0.485000 
    58.568009    -20.468676     -9.270855      0.485000 
    58.568021    -20.474682     -9.328180      0.486000 
    58.568032    -20.480688     -9.385505      0.488000 
    58.568044    -20.486694     -9.442829      0.491000 
    58.568056    -20.492702     -9.500153      0.494000 
    58.568067    -20.498710     -9.557477      0.497000 
    58.568079    -20.504719     -9.614800      0.497000 
    58.568090    -20.510729     -9.672123      0.496000 
    58.568102    -20.516739     -9.729446      0.493000 
    58.568113    -20.522750     -9.786768      0.487000 
    58.568125    -20.528763     -9.844089      0.481000 
    58.568137    -20.534775     -9.901410      0.476000 
    58.568148    -20.540789     -9.958731      0.470000 
    58.568160    -20.546803    -10.016052      0.467000 
    58.568171    -20.552816    -10.073372      0.464000 
    58.568171    -20.558830    -10.130691      0.463000 
    58.568183    -20.564848    -10.188010      0.462000 
    58.568194    -20.570864    -10.245329      0.462000 
    58.568206    -20.576881    -10.302647      0.462000 
    58.568218    -20.582900    -10.359965      0.462000 
    58.568229    -20.588919    -10.417283      0.462000 
    58.568241    -20.594938    -10.474600      0.463000 
    58.568252    -20.600958    -10.531916      0.466000 
    58.568264    -20.606980    -10.589232      0.470000 
    58.568275    -20.613000    -10.646548      0.476000 
    58.568287    -20.619024    -10.703863      0.482000 
    58.568299    -20.625048    -10.761178      0.489000 
    58.568310    -20.631073    -10.818493      0.496000 
    58.568322    -20.637098    -10.875807      0.503000 
    58.568333    -20.643124    -10.933120      0.508000 
    58.568345    -20.649150    -10.990434      0.511000 
    58.568356    -20.655178    -11.047746      0.513000 
    58.568356    -20.661205    -11.105058      0.512000 
    58.568368    -20.667236    -11.162370      0.511000 
    58.568380    -20.673265    -11.219682      0.509000 
    58.568391    -20.679296    -11.276993      0.507000 
    58.568403    -20.685328    -11.334303      0.505000 
    58.568414    -20.691360    -11.391613      0.503000 
    58.568426    -20.697393    -11.448923      0.503000 
    58.568438    -20.703426    -11.506232      0.504000 
    58.568449    -20.709461    -11.563540      0.504000 
    58.568461    -20.715498    -11.620849      0.503000 
    58.568472    -20.721535    -11.678156      0.502000 
    58.568484    -20.727571    -11.735464      0.499000 
    58.568495    -20.733610    -11.792771      0.497000 
    58.568507    -20.739649    -11.850077      0.494000 
    58.568519    -20.745690    -11.907383      0.493000 
    58.568530    -20.751730    -11.964688      0.494000 
    60.566458    -21.353743     -8.045551      0.529000 
    60.566470    -21.359734     -8.102884      0.530000 
    60.566481    -21.365726     -8.160216      0.528000 
    60.566493    -21.371720     -8.217547      0.524000 
    60.566505    -21.377712     -8.274878      0.518000 
    60.566516    -21.383707     -8.332208      0.512000 
    60.566528    -21.389702     -8.389539      0.507000 
    60.566539    -21.395697     -8.446868      0.503000 
    60.566551    -21.401693     -8.504198      0.501000 
    60.566562    -21.407690     -8.561527      0.500000 
    60.566574    -21.413687     -8.618856      0.499000 
    60.566586    -21.419685     -8.676184      0.499000 
    60.566597    -21.425682     -8.733512      0.499000 
    60.566609    -21.431683     -8.790839      0.498000 
    60.566609    -21.437681     -8.848166      0.497000 
    60.566620    -21.443682     -8.905493      0.496000 
    60.566632    -21.449682     -8.962820      0.497000 
    60.566644    -21.455685     -9.020146      0.498000 
    60.566655    -21.461685     -9.077471      0.499000 
    60.566667    -21.467690     -9.134796      0.500000 
    60.566678    -21.473692     -9.192121      0.499000 
    60.566690    -21.479694     -9.249445      0.497000 
    60.566701    -21.485700     -9.306769      0.491000 
    60.566713    -21.491707     -9.364093      0.482000 
    60.566725    -21.497713     -9.421416      0.473000 
    60.566736    -21.503717     -9.478739      0.464000 
    60.566748    -21.509727     -9.536061      0.456000 
    60.566759    -21.515736     -9.593383      0.452000 
    60.566771    -21.521744     -9.650705      0.453000 
    60.566782    -21.527754     -9.708026      0.458000 
    60.566794    -21.533764     -9.765347      0.466000 
    60.566806    -21.539774     -9.822667      0.477000 
    60.566806    -21.545786     -9.879987      0.486000 
    60.566817    -21.551798     -9.937307      0.492000 
    60.566829    -21.557812     -9.994626      0.494000 
    60.566840    -21.563826    -10.051944      0.489000 
    60.566852    -21.569840    -10.109263      0.481000 
    60.566863    -21.575853    -10.166581      0.469000 
    60.566875    -21.581870    -10.223898      0.457000 
    60.566887    -21.587887    -10.281215      0.447000 
    60.566898    -21.593904    -10.338532      0.441000 
    60.566910    -21.599920    -10.395848      0.440000 
    60.566921    -21.605942    -10.453163      0.442000 
    60.566933    -21.611961    -10.510479      0.449000 
    60.566944    -21.617981    -10.567794      0.458000 
    60.566956    -21.624002    -10.625108      0.465000 
    60.566968    -21.630022    -10.682422      0.471000 
    60.566979    -21.636047    -10.739736      0.476000 
    60.566991    -21.642069    -10.797049      0.479000 
    60.566991    -21.648094    -10.854362      0.481000 
    60.567002    -21.654120    -10.911674      0.483000 
    60.567014    -21.660145    -10.968986      0.486000 
    60.567025    -21.666172    -11.026297      0.491000 
    60.567037    -21.672200    -11.083608      0.497000 
    60.567049    -21.678226    -11.140919      0.504000 
    60.567060    -21.684256    -11.198229      0.510000 
    60.567072    -21.690287    -11.255538      0.516000 
    60.567083    -21.696318    -11.312847      0.521000 
    60.567095    -21.702349    -11.370156      0.524000 
    60.567106    -21.708380    -11.427464      0.526000 
    60.567118    -21.714413    -11.484772      0.527000 
    60.567130    -21.720448    -11.542080      0.527000 
    60.567141    -21.726482    -11.599387      0.526000 
    60.567153    -21.732517    -11.656693      0.524000 
    60.567164    -21.738554    -11.713999      0.519000 
    60.567176    -21.744590    -11.771305      0.515000 
    60.567187    -21.750630    -11.828610      0.510000 
    60.567187    -21.756666    -11.885914      0.505000 
    60.567199    -21.762709    -11.943218      0.501000 
   221.732674    -20.572529    -11.963812      0.475000 
   221.732685    -20.578560    -11.906515      0.472000 
   221.732697    -20.584593    -11.849218      0.473000 
   221.732708    -20.590622    -11.791921      0.474000 
   221.732720    -20.596651    -11.734624      0.477000 
   221.732731    -20.602680    -11.677325      0.481000 
   221.732743    -20.608707    -11.620027      0.485000 
   221.732755    -20.614735    -11.562728      0.488000 
   221.732766    -20.620762    -11.505428      0.490000 
   221.732778    -20.626787    -11.448128      0.491000 
   221.732789    -20.632812    -11.390828      0.490000 
   221.732801    -20.638836    -11.333527      0.487000 
   221.732812    -20.644857    -11.276226      0.483000 
   221.732824    -20.650880    -11.218925      0.480000 
   221.732836    -20.656900    -11.161622      0.476000 
   221.732847    -20.662922    -11.104320      0.472000 
   221.732859    -20.668941    -11.047017      0.471000 
   221.732870    -20.674960    -10.989714      0.470000 
   221.732870    -20.680979    -10.932410      0.472000 
   221.732882    -20.686996    -10.875106      0.477000 
   221.732894    -20.693012    -10.817801      0.486000 
   221.732905    -20.699028    -10.760496      0.497000 
   221.732917    -20.705042    -10.703190      0.509000 
   221.732928    -20.711058    -10.645885      0.523000 
   221.732940    -20.717070    -10.588578      0.535000 
   221.732951    -20.723083    -10.531272      0.544000 
   221.732963    -20.729095    -10.473965      0.550000 
   221.732975    -20.735106    -10.416657      0.551000 
   221.732986    -20.741116    -10.359349      0.547000 
   221.732998    -20.747126    -10.302041      0.542000 
   221.733009    -20.753136    -10.244732      0.535000 
   221.733021    -20.759142    -10.187423      0.530000 
   221.733032    -20.765150    -10.130113      0.528000 
   221.733044    -20.771156    -10.072803      0.527000 
   221.733056    -20.777163    -10.015493      0.531000 
   221.733067    -20.783169     -9.958182      0.536000 
   221.733067    -20.789173     -9.900871      0.542000 
   221.733079    -20.795177     -9.843559      0.547000 
   221.733090    -20.801180     -9.786247      0.551000 
   221.733102    -20.807182     -9.728935      0.551000 
   221.733113    -20.813185     -9.671622      0.550000 
   221.733125    -20.819185     -9.614309      0.547000 
   221.733137    -20.825186     -9.556995      0.544000 
   221.733148    -20.831184     -9.499681      0.539000 
   221.733160    -20.837185     -9.442367      0.535000 
   221.733171    -20.843184     -9.385052      0.532000 
   221.733183    -20.849178     -9.327737      0.529000 
   221.733194    -20.855177     -9.270421      0.527000 
   221.733206    -20.861174     -9.213105      0.524000 
   221.733218    -20.867168     -9.155789      0.523000 
   221.733229    -20.873165     -9.098473      0.521000 
   221.733241    -20.879160     -9.041155      0.520000 
   221.733252    -20.885153     -8.983838      0.520000 
   221.733252    -20.891146     -8.926520      0.519000 
   221.733264    -20.897139     -8.869202      0.521000 
   221.733275    -20.903130     -8.811883      0.522000 
   221.733287    -20.909120     -8.754565      0.524000 
   221.733299    -20.915112     -8.697245      0.527000 
   221.733310    -20.921103     -8.639926      0.530000 
   221.733322    -20.927092     -8.582606      0.535000 
   221.733333    -20.933080     -8.525285      0.541000 
   221.733345    -20.939068     -8.467964      0.546000 
   221.733356    -20.945057     -8.410643      0.552000 
   221.733368    -20.951042     -8.353322      0.557000 
   221.733380    -20.957030     -8.296000      0.560000 
   221.733391    -20.963015     -8.238678      0.561000 
   221.733403    -20.969000     -8.181355      0.559000 
   221.733414    -20.974985     -8.124032      0.555000 
   221.733426    -20.980968     -8.066709      0.549000 
   221.733437    -20.986954     -8.009385      0.541000 
   223.731343    -21.582190    -11.955901      0.468000 
   223.731354    -21.588223    -11.898605      0.464000 
   223.731366    -21.594255    -11.841309      0.465000 
   223.731377    -21.600286    -11.784012      0.467000 
   223.731389    -21.606316    -11.726715      0.473000 
   223.731400    -21.612347    -11.669417      0.482000 
   223.731412    -21.618376    -11.612119      0.491000 
   223.731424    -21.624401    -11.554820      0.499000 
   223.731435    -21.630428    -11.497521      0.505000 
   223.731447    -21.636456    -11.440222      0.508000 
   223.731458    -21.642480    -11.382922      0.508000 
   223.731470    -21.648504    -11.325621      0.507000 
   223.731481    -21.654530    -11.268321      0.503000 
   223.731493    -21.660551    -11.211020      0.499000 
   223.731505    -21.666574    -11.153718      0.495000 
   223.731505    -21.672594    -11.096416      0.493000 
   223.731516    -21.678616    -11.039113      0.492000 
   223.731528    -21.684635    -10.981810      0.494000 
   223.731539    -21.690653    -10.924507      0.496000 
   223.731551    -21.696672    -10.867203      0.500000 
   223.731563    -21.702688    -10.809899      0.505000 
   223.731574    -21.708706    -10.752595      0.509000 
   223.731586    -21.714722    -10.695289      0.512000 
   223.731597    -21.720737    -10.637984      0.514000 
   223.731609    -21.726751    -10.580678      0.515000 
   223.731620    -21.732763    -10.523372      0.516000 
   223.731632    -21.738777    -10.466065      0.516000 
   223.731644    -21.744790    -10.408758      0.516000 
   223.731655    -21.750800    -10.351451      0.516000 
   223.731667    -21.756810    -10.294143      0.517000 
   223.731678    -21.762820    -10.236834      0.518000 
   223.731690    -21.768830    -10.179525      0.520000 
   223.731701    -21.774836    -10.122216      0.522000 
   223.731701    -21.780846    -10.064907      0.524000 
   223.731713    -21.786852    -10.007597      0.524000 
   223.731725    -21.792856     -9.950286      0.523000 
   223.731736    -21.798862     -9.892976      0.521000 
   223.731748    -21.804867     -9.835664      0.516000 
   223.731759    -21.810871     -9.778353      0.511000 
   223.731771    -21.816875     -9.721041      0.505000 
   223.731782    -21.822878     -9.663729      0.501000 
   223.731794    -21.828878     -9.606416      0.497000 
   223.731806    -21.834880     -9.549103      0.496000 
   223.731817    -21.840881     -9.491789      0.497000 
   223.731829    -21.846880     -9.434475      0.501000 
   223.731840    -21.852880     -9.377161      0.504000 
   223.731852    -21.858877     -9.319846      0.508000 
   223.731863    -21.864876     -9.262531      0.511000 
   223.731875    -21.870872     -9.205215      0.514000 
   223.731887    -21.876870     -9.147900      0.516000 
   223.731887    -21.882866     -9.090583      0.517000 
   223.731898    -21.888860     -9.033267      0.518000 
   223.731910    -21.894855     -8.975950      0.519000 
   223.731921    -21.900848     -8.918632      0.521000 
   223.731933    -21.906841     -8.861315      0.522000 
   223.731944    -21.912834     -8.803997      0.522000 
   223.731956    -21.918827     -8.746678      0.523000 
   223.731968    -21.924818     -8.689359      0.522000 
   223.731979    -21.930809     -8.632040      0.522000 
   223.731991    -21.936798     -8.574720      0.522000 
   223.732002    -21.942790     -8.517400      0.522000 
   223.732014    -21.948778     -8.460080      0.521000 
   223.732025    -21.954765     -8.402759      0.520000 
   223.732037    -21.960754     -8.345438      0.517000 
   223.732049    -21.966742     -8.288117      0.513000 
   223.732060    -21.972729     -8.230794      0.507000 
   223.732072    -21.978714     -8.173473      0.501000 
   223.732083    -21.984700     -8.116150      0.493000 
   223.732083    -21.990683     -8.058828      0.487000 
   223.732095    -21.996668     -8.001503      0.485000 
   229.214225    -20.210608     -8.045418      0.570000 
   229.214236    -20.216593     -8.102744      0.565000 
   229.214248    -20.222578     -8.160071      0.561000 
   229.214259    -20.228563     -8.217395      0.559000 
   229.214271    -20.234550     -8.274721      0.560000 
   229.214282    -20.240538     -8.332044      0.561000 
   229.214294    -20.252514     -8.446693      0.563000 
   229.214306    -20.258501     -8.504017      0.562000 
   229.214317    -20.264490     -8.561340      0.559000 
   229.214329    -20.270481     -8.618662      0.556000 
   229.214340    -20.276470     -8.675985      0.553000 
   229.214352    -20.282461     -8.733307      0.552000 
   229.214363    -20.288454     -8.790628      0.553000 
   229.214375    -20.294445     -8.847950      0.557000 
   229.214387    -20.300440     -8.905270      0.563000 
   229.214398    -20.306433     -8.962591      0.568000 
   229.214410    -20.312428     -9.019911      0.569000 
   229.214421    -20.318422     -9.077231      0.567000 
   229.214433    -20.324417     -9.134550      0.560000 
   229.214444    -20.330414     -9.191869      0.550000 
   229.214456    -20.336410     -9.249188      0.536000 
   229.214468    -20.342407     -9.306506      0.523000 
   229.214468    -20.348406     -9.363824      0.513000 
   229.214479    -20.354404     -9.421141      0.508000 
   229.214491    -20.360405     -9.478458      0.509000 
   229.214502    -20.366405     -9.535775      0.515000 
   229.214514    -20.372406     -9.593091      0.524000 
   229.214525    -20.378407     -9.650407      0.534000 
   229.214537    -20.384409     -9.707723      0.542000 
   229.214549    -20.390411     -9.765038      0.546000 
   229.214560    -20.396416     -9.822352      0.546000 
   229.214572    -20.402420     -9.879667      0.542000 
   229.214583    -20.408424     -9.936981      0.535000 
   229.214595    -20.414430     -9.994294      0.529000 
   229.214606    -20.420437    -10.051607      0.524000 
   229.214618    -20.426445    -10.108920      0.523000 
   229.214630    -20.432453    -10.166232      0.525000 
   229.214641    -20.438461    -10.223544      0.530000 
   229.214653    -20.444471    -10.280856      0.535000 
   229.214664    -20.450481    -10.338167      0.538000 
   229.214664    -20.456491    -10.395477      0.535000 
   229.214676    -20.462503    -10.452788      0.529000 
   229.214688    -20.468515    -10.510098      0.517000 
   229.214699    -20.474527    -10.567407      0.501000 
   229.214711    -20.480541    -10.624716      0.483000 
   229.214722    -20.486557    -10.682025      0.465000 
   229.214734    -20.492570    -10.739333      0.450000 
   229.214745    -20.498589    -10.796640      0.440000 
   229.214757    -20.504604    -10.853948      0.436000 
   229.214769    -20.510624    -10.911255      0.438000 
   229.214780    -20.516640    -10.968561      0.445000 
   229.214792    -20.522661    -11.025867      0.455000 
   229.214803    -20.528680    -11.083173      0.466000 
   229.214815    -20.534702    -11.140478      0.475000 
   229.214826    -20.540724    -11.197783      0.483000 
   229.214838    -20.546745    -11.255087      0.486000 
   229.214850    -20.552769    -11.312391      0.486000 
   229.214861    -20.558792    -11.369695      0.481000 
   229.214861    -20.564817    -11.426998      0.475000 
   229.214873    -20.570845    -11.484301      0.469000 
   229.214884    -20.576872    -11.541603      0.464000 
   229.214896    -20.582897    -11.598904      0.460000 
   229.214907    -20.588926    -11.656206      0.459000 
   229.214919    -20.594955    -11.713507      0.461000 
   229.214931    -20.600985    -11.770807      0.464000 
   229.214942    -20.607016    -11.828107      0.468000 
   229.214954    -20.613047    -11.885407      0.472000 
   229.214965    -20.619080    -11.942706      0.476000 
   231.212905    -21.223558     -8.046134      0.559000 
   231.212905    -21.229544     -8.103461      0.563000 
   231.212917    -21.235529     -8.160786      0.564000 
   231.212928    -21.241512     -8.218112      0.561000 
   231.212940    -21.247501     -8.275438      0.557000 
   231.212951    -21.253489     -8.332761      0.552000 
   231.212963    -21.259476     -8.390087      0.548000 
   231.212975    -21.265463     -8.447411      0.545000 
   231.212986    -21.271452     -8.504735      0.544000 
   231.212998    -21.277441     -8.562058      0.545000 
   231.213009    -21.283430     -8.619381      0.547000 
   231.213021    -21.289421     -8.676704      0.549000 
   231.213032    -21.295412     -8.734026      0.551000 
   231.213044    -21.301403     -8.791348      0.553000 
   231.213056    -21.307396     -8.848670      0.555000 
   231.213067    -21.313389     -8.905991      0.555000 
   231.213079    -21.319384     -8.963312      0.557000 
   231.213090    -21.325377     -9.020632      0.558000 
   231.213102    -21.331371     -9.077952      0.560000 
   231.213102    -21.337366     -9.135272      0.560000 
   231.213113    -21.343363     -9.192591      0.560000 
   231.213125    -21.349360     -9.249910      0.558000 
   231.213137    -21.355358     -9.307229      0.555000 
   231.213148    -21.361357     -9.364547      0.549000 
   231.213160    -21.367355     -9.421865      0.544000 
   231.213171    -21.373354     -9.479182      0.539000 
   231.213183    -21.379354     -9.536499      0.534000 
   231.213194    -21.385355     -9.593816      0.529000 
   231.213206    -21.391356     -9.651132      0.525000 
   231.213218    -21.397358     -9.708448      0.520000 
   231.213229    -21.403360     -9.765763      0.517000 
   231.213241    -21.409365     -9.823078      0.513000 
   231.213252    -21.415369     -9.880393      0.509000 
   231.213264    -21.421373     -9.937707      0.507000 
   231.213275    -21.427380     -9.995021      0.505000 
   231.213287    -21.433386    -10.052334      0.503000 
   231.213299    -21.439392    -10.109647      0.503000 
   231.213299    -21.445400    -10.166960      0.503000 
   231.213310    -21.451410    -10.224272      0.503000 
   231.213322    -21.457418    -10.281584      0.503000 
   231.213333    -21.463428    -10.338896      0.503000 
   231.213345    -21.469440    -10.396207      0.502000 
   231.213356    -21.475450    -10.453517      0.500000 
   231.213368    -21.481462    -10.510827      0.500000 
   231.213380    -21.487476    -10.568137      0.500000 
   231.213391    -21.493490    -10.625446      0.500000 
   231.213403    -21.499504    -10.682755      0.503000 
   231.213414    -21.505520    -10.740064      0.506000 
   231.213426    -21.511536    -10.797372      0.510000 
   231.213437    -21.517553    -10.854680      0.514000 
   231.213449    -21.523571    -10.911987      0.518000 
   231.213461    -21.529589    -10.969294      0.520000 
   231.213472    -21.535608    -11.026600      0.521000 
   231.213484    -21.541628    -11.083906      0.521000 
   231.213484    -21.547650    -11.141212      0.520000 
   231.213495    -21.553670    -11.198517      0.519000 
   231.213507    -21.559692    -11.255821      0.518000 
   231.213519    -21.565716    -11.313126      0.517000 
   231.213530    -21.571740    -11.370429      0.516000 
   231.213542    -21.577765    -11.427733      0.514000 
   231.213553    -21.583792    -11.485036      0.511000 
   231.213565    -21.589817    -11.542338      0.507000 
   231.213576    -21.595844    -11.599640      0.501000 
   231.213588    -21.601873    -11.656942      0.495000 
   231.213600    -21.607903    -11.714243      0.489000 
   231.213611    -21.613932    -11.771544      0.483000 
   231.213623    -21.619963    -11.828844      0.479000 
   231.213634    -21.625994    -11.886144      0.477000 
   231.213646    -21.632027    -11.943444      0.476000 
   244.683380    -20.001960     -9.755499      0.492000 
   244.683391    -20.007967     -9.698190      0.495000 
   244.683403    -20.013971     -9.640880      0.498000 
   244.683414    -20.019976     -9.583569      0.500000 
   244.683426    -20.025978     -9.526259      0.504000 
   244.683438    -20.031982     -9.468947      0.505000 
   244.683449    -20.037983     -9.411636      0.508000 
   244.683461    -20.043985     -9.354324      0.509000 
   244.683461    -20.049986     -9.297012      0.511000 
   244.683472    -20.055986     -9.239699      0.511000 
   244.683484    -20.061985     -9.182386      0.512000 
   244.683495    -20.067986     -9.125072      0.510000 
   244.683507    -20.073982     -9.067758      0.506000 
   244.683519    -20.079980     -9.010444      0.501000 
   244.683530    -20.085978     -8.953129      0.497000 
   244.683542    -20.091972     -8.895814      0.493000 
   244.683553    -20.097970     -8.838499      0.493000 
   244.683565    -20.103964     -8.781183      0.495000 
   244.683576    -20.109959     -8.723867      0.500000 
   244.683588    -20.115952     -8.666550      0.506000 
   244.683600    -20.121944     -8.609233      0.512000 
   244.683611    -20.127937     -8.551916      0.516000 
   244.683623    -20.133928     -8.494599      0.518000 
   244.683634    -20.139921     -8.437281      0.517000 
   244.683646    -20.145910     -8.379961      0.515000 
   244.683646    -20.151901     -8.322643      0.512000 
   244.683657    -20.157890     -8.265324      0.511000 
   244.683669    -20.163880     -8.208005      0.511000 
   244.683681    -20.169868     -8.150685      0.513000 
   244.683692    -20.175856     -8.093365      0.517000 
   244.683704    -20.181843     -8.036044      0.519000 
