    30.995868    -26.624550    -11.944522      0.558000 
    30.995880    -26.638023    -11.885509      0.553000 
    30.995891    -26.651493    -11.826495      0.550000 
    30.995903    -26.664959    -11.767481      0.549000 
    30.995914    -26.678421    -11.708465      0.549000 
    30.995926    -26.691880    -11.649450      0.550000 
    30.995938    -26.705334    -11.590433      0.552000 
    30.995949    -26.718784    -11.531416      0.555000 
    30.995961    -26.732231    -11.472397      0.557000 
    30.995972    -26.745674    -11.413379      0.558000 
    30.995984    -26.759113    -11.354359      0.558000 
    30.995995    -26.772549    -11.295339      0.557000 
    30.996007    -26.785980    -11.236318      0.555000 
    30.996019    -26.799410    -11.177296      0.554000 
    30.996030    -26.812834    -11.118274      0.552000 
    30.996042    -26.826254    -11.059251      0.551000 
    30.996053    -26.839670    -11.000227      0.551000 
    30.996065    -26.853085    -10.941202      0.553000 
    30.996076    -26.866493    -10.882177      0.555000 
    30.996088    -26.879900    -10.823151      0.557000 
    30.996100    -26.893303    -10.764125      0.559000 
    30.996111    -26.906700    -10.705098      0.561000 
    30.996123    -26.920097    -10.646070      0.563000 
    30.996134    -26.933489    -10.587041      0.564000 
    30.996146    -26.946877    -10.528012      0.565000 
    30.996157    -26.960262    -10.468982      0.567000 
    30.996169    -26.973644    -10.409951      0.568000 
    30.996181    -26.987022    -10.350920      0.570000 
    34.993264    -25.686152    -11.959189      0.524000 
    34.993275    -25.699627    -11.900177      0.525000 
    34.993287    -25.713099    -11.841163      0.526000 
    34.993299    -25.726564    -11.782149      0.528000 
    34.993310    -25.740026    -11.723134      0.530000 
    34.993322    -25.753489    -11.664118      0.531000 
    34.993333    -25.766943    -11.605102      0.532000 
    34.993345    -25.780396    -11.546084      0.531000 
    34.993356    -25.793842    -11.487067      0.531000 
    34.993368    -25.807285    -11.428048      0.530000 
    34.993380    -25.820726    -11.369029      0.530000 
    34.993391    -25.834162    -11.310009      0.531000 
    34.993403    -25.847595    -11.250988      0.534000 
    34.993414    -25.861025    -11.191966      0.538000 
    34.993426    -25.874449    -11.132944      0.545000 
    34.993437    -25.887870    -11.073921      0.551000 
    34.993449    -25.901289    -11.014898      0.556000 
    34.993461    -25.914703    -10.955873      0.561000 
    34.993472    -25.928112    -10.896848      0.563000 
    34.993484    -25.941520    -10.837822      0.563000 
    34.993495    -25.954924    -10.778796      0.560000 
    34.993507    -25.968323    -10.719769      0.555000 
    34.993519    -25.981718    -10.660741      0.551000 
    34.993530    -25.995111    -10.601713      0.548000 
    34.993542    -26.008501    -10.542684      0.545000 
    34.993553    -26.021887    -10.483654      0.544000 
    34.993565    -26.035270    -10.424623      0.544000 
    34.993576    -26.048649    -10.365592      0.545000 
    34.993588    -26.062023    -10.306560      0.545000 
    34.993600    -26.075396    -10.247528      0.546000 
    34.993611    -26.088764    -10.188495      0.543000 
    34.993623    -26.102129    -10.129461      0.539000 
    34.993634    -26.115494    -10.070426      0.534000 
    34.993646    -26.128850    -10.011391      0.528000 
    34.993657    -26.142206     -9.952356      0.523000 
    34.993669    -26.155560     -9.893319      0.520000 
    34.993681    -26.168907     -9.834282      0.518000 
    34.993692    -26.182255     -9.775244      0.520000 
    34.993704    -26.195597     -9.716206      0.525000 
    34.993715    -26.208935     -9.657167      0.530000 
    34.993727    -26.222273     -9.598128      0.536000 
    34.993738    -26.235605     -9.539087      0.542000 
    34.993750    -26.248936     -9.480046      0.547000 
    34.993762    -26.262262     -9.421005      0.550000 
    34.993773    -26.275585     -9.361963      0.551000 
    34.993785    -26.288906     -9.302920      0.550000 
    34.993796    -26.302223     -9.243877      0.548000 
    34.993808    -26.315538     -9.184833      0.547000 
    34.993819    -26.328852     -9.125788      0.546000 
    34.993831    -26.342160     -9.066743      0.545000 
    34.993854    -26.368767     -8.948651      0.549000 
    34.993866    -26.382069     -8.889604      0.552000 
    34.993877    -26.395365     -8.830557      0.555000 
    34.993889    -26.408659     -8.771509      0.557000 
    34.993900    -26.421951     -8.712460      0.560000 
    34.993912    -26.435240     -8.653411      0.561000 
    34.993924    -26.448524     -8.594361      0.562000 
    34.993935    -26.461807     -8.535310      0.561000 
    34.993947    -26.475088     -8.476259      0.559000 
    34.993958    -26.488365     -8.417208      0.556000 
    34.993970    -26.501640     -8.358156      0.551000 
    34.993981    -26.514912     -8.299102      0.545000 
    34.993993    -26.528181     -8.240050      0.538000 
    34.994005    -26.541449     -8.180996      0.531000 
    34.994016    -26.554710     -8.121941      0.526000 
    34.994028    -26.567972     -8.062885      0.521000 
    34.994039    -26.581232     -8.003831      0.519000 
    37.486748    -26.388250     -8.025492      0.549000 
    37.486759    -26.401510     -8.084548      0.546000 
    37.486771    -26.414772     -8.143604      0.543000 
    37.486782    -26.428038     -8.202658      0.539000 
    37.486794    -26.441305     -8.261713      0.537000 
    37.486806    -26.454575     -8.320767      0.535000 
    37.486817    -26.467848     -8.379820      0.534000 
    37.486829    -26.481125     -8.438873      0.534000 
    37.486840    -26.494404     -8.497925      0.533000 
    37.486852    -26.507685     -8.556977      0.533000 
    37.486863    -26.520967     -8.616028      0.533000 
    37.486875    -26.534254     -8.675078      0.533000 
    37.486887    -26.547544     -8.734128      0.535000 
    37.486898    -26.560837     -8.793178      0.537000 
    37.486910    -26.574133     -8.852226      0.540000 
    37.486921    -26.587430     -8.911275      0.544000 
    37.486933    -26.600730     -8.970322      0.549000 
    37.486944    -26.614035     -9.029369      0.553000 
    37.486956    -26.627342     -9.088415      0.556000 
    37.486968    -26.640652     -9.147461      0.559000 
    37.486979    -26.653965     -9.206506      0.560000 
    37.486991    -26.667280     -9.265551      0.561000 
    37.487002    -26.680600     -9.324595      0.561000 
    37.487014    -26.693920     -9.383638      0.561000 
    37.487025    -26.707247     -9.442681      0.562000 
    37.487037    -26.720573     -9.501723      0.562000 
    37.487049    -26.733906     -9.560764      0.564000 
    37.487060    -26.747240     -9.619805      0.566000 
    37.487072    -26.760576     -9.678845      0.567000 
    37.487083    -26.773918     -9.737885      0.567000 
    37.487095    -26.787262     -9.796924      0.567000 
    37.487106    -26.800610     -9.855962      0.566000 
    37.487118    -26.813960     -9.915000      0.564000 
    37.487130    -26.827312     -9.974037      0.563000 
    37.487141    -26.840668    -10.033073      0.563000 
    37.487153    -26.854029    -10.092109      0.564000 
    37.487164    -26.867392    -10.151144      0.565000 
    37.487176    -26.880758    -10.210179      0.566000 
    37.487187    -26.894129    -10.269213      0.569000 
    37.487199    -26.907501    -10.328246      0.571000 
    37.487211    -26.920880    -10.387278      0.573000 
    37.487222    -26.934260    -10.446310      0.574000 
    37.487234    -26.947643    -10.505341      0.575000 
    37.487245    -26.961030    -10.564372      0.575000 
    37.487257    -26.974420    -10.623401      0.576000 
    37.487269    -26.987814    -10.682431      0.576000 
    38.990671    -24.747090    -11.976788      0.514000 
    38.990683    -24.760567    -11.917775      0.519000 
    38.990694    -24.774038    -11.858762      0.524000 
    38.990706    -24.787506    -11.799748      0.528000 
    38.990718    -24.800970    -11.740733      0.531000 
    38.990729    -24.814432    -11.681718      0.534000 
    38.990741    -24.827888    -11.622702      0.537000 
    38.990752    -24.841341    -11.563685      0.540000 
    38.990764    -24.854790    -11.504667      0.543000 
    38.990775    -24.868235    -11.445648      0.548000 
    38.990787    -24.881676    -11.386629      0.553000 
    38.990799    -24.895113    -11.327609      0.558000 
    38.990810    -24.908546    -11.268589      0.563000 
    38.990822    -24.921976    -11.209568      0.566000 
    38.990833    -24.935404    -11.150546      0.568000 
    38.990845    -24.948826    -11.091523      0.568000 
    38.990856    -24.962244    -11.032499      0.568000 
    38.990868    -24.975660    -10.973475      0.567000 
    38.990880    -24.989070    -10.914451      0.566000 
    38.990891    -25.002478    -10.855425      0.565000 
    38.990903    -25.015884    -10.796399      0.565000 
    38.990914    -25.029284    -10.737372      0.567000 
    38.990926    -25.042683    -10.678344      0.570000 
    38.990938    -25.056076    -10.619316      0.571000 
    38.990949    -25.069466    -10.560287      0.572000 
    38.990961    -25.082853    -10.501258      0.571000 
    38.990972    -25.096235    -10.442227      0.567000 
    38.990984    -25.109615    -10.383196      0.561000 
    38.990995    -25.122992    -10.324165      0.553000 
    38.991007    -25.136366    -10.265132      0.543000 
    38.991019    -25.149734    -10.206099      0.533000 
    38.991030    -25.163101    -10.147066      0.525000 
    38.991042    -25.176464    -10.088032      0.519000 
    38.991053    -25.189823    -10.028997      0.515000 
    38.991065    -25.203180     -9.969961      0.514000 
    38.991076    -25.216534     -9.910925      0.516000 
    38.991088    -25.229883     -9.851888      0.520000 
    38.991100    -25.243230     -9.792850      0.523000 
    38.991111    -25.256575     -9.733812      0.528000 
    38.991123    -25.269915     -9.674773      0.530000 
    38.991134    -25.283250     -9.615734      0.532000 
    38.991146    -25.296583     -9.556694      0.531000 
    38.991157    -25.309916     -9.497653      0.529000 
    38.991169    -25.323242     -9.438612      0.527000 
    38.991181    -25.336569     -9.379570      0.525000 
    38.991192    -25.349890     -9.320528      0.524000 
    38.991204    -25.363209     -9.261485      0.524000 
    38.991215    -25.376524     -9.202441      0.527000 
    38.991227    -25.389837     -9.143396      0.530000 
    38.991238    -25.403145     -9.084351      0.533000 
    38.991250    -25.416452     -9.025306      0.535000 
    38.991262    -25.429756     -8.966260      0.537000 
    38.991273    -25.443056     -8.907213      0.537000 
    38.991285    -25.456354     -8.848166      0.537000 
    38.991296    -25.469650     -8.789118      0.535000 
    38.991308    -25.482943     -8.730069      0.532000 
    38.991319    -25.496231     -8.671020      0.530000 
    38.991331    -25.509518     -8.611970      0.528000 
    38.991343    -25.522802     -8.552920      0.528000 
    38.991354    -25.536083     -8.493869      0.529000 
    38.991366    -25.549360     -8.434818      0.530000 
    38.991377    -25.562635     -8.375766      0.531000 
    38.991389    -25.575909     -8.316713      0.533000 
    38.991400    -25.589180     -8.257660      0.534000 
    38.991412    -25.602448     -8.198606      0.536000 
    38.991424    -25.615711     -8.139552      0.537000 
    38.991435    -25.628975     -8.080497      0.540000 
    38.991447    -25.642233     -8.021442      0.543000 
    41.484155    -25.451181     -8.016563      0.550000 
    41.484167    -25.464441     -8.075619      0.550000 
    41.484190    -25.477703     -8.134675      0.549000 
    41.484190    -25.490969     -8.193731      0.546000 
    41.484201    -25.504234     -8.252785      0.543000 
    41.484225    -25.517506     -8.311838      0.539000 
    41.484225    -25.530779     -8.370892      0.536000 
    41.484236    -25.544052     -8.429945      0.533000 
    41.484248    -25.557331     -8.488997      0.532000 
    41.484259    -25.570612     -8.548049      0.532000 
    41.484271    -25.583895     -8.607100      0.533000 
    41.484282    -25.597181     -8.666150      0.535000 
    41.484294    -25.610472     -8.725200      0.537000 
    41.484306    -25.623762     -8.784250      0.538000 
    41.484317    -25.637058     -8.843298      0.539000 
    41.484329    -25.650354     -8.902346      0.538000 
    41.484340    -25.663656     -8.961394      0.538000 
    41.484352    -25.676958     -9.020441      0.538000 
    41.484363    -25.690266     -9.079487      0.538000 
    41.484375    -25.703575     -9.138533      0.541000 
    41.484387    -25.716888     -9.197578      0.545000 
    41.484398    -25.730204     -9.256623      0.551000 
    41.484410    -25.743523     -9.315666      0.556000 
    41.484421    -25.756844     -9.374710      0.562000 
    41.484433    -25.770166     -9.433752      0.565000 
    41.484444    -25.783495     -9.492795      0.566000 
    41.484456    -25.796825     -9.551836      0.564000 
    41.484468    -25.810160     -9.610877      0.558000 
    41.484479    -25.823496     -9.669917      0.553000 
    41.484491    -25.836836     -9.728957      0.547000 
    41.484502    -25.850180     -9.787996      0.541000 
    41.484514    -25.863525     -9.847034      0.539000 
    41.484525    -25.876877     -9.906072      0.540000 
    41.484537    -25.890228     -9.965109      0.544000 
    41.484549    -25.903585    -10.024145      0.550000 
    41.484560    -25.916945    -10.083181      0.557000 
    41.484572    -25.930307    -10.142216      0.565000 
    41.484583    -25.943672    -10.201250      0.571000 
    41.484595    -25.957043    -10.260284      0.574000 
    41.484606    -25.970415    -10.319317      0.574000 
    41.484618    -25.983791    -10.378350      0.572000 
    41.484630    -25.997171    -10.437382      0.568000 
    41.484641    -26.010555    -10.496413      0.563000 
    41.484653    -26.023941    -10.555443      0.559000 
    41.484664    -26.037330    -10.614473      0.557000 
    41.484676    -26.050726    -10.673502      0.557000 
    41.484688    -26.064121    -10.732530      0.559000 
    41.484699    -26.077520    -10.791558      0.563000 
    41.484711    -26.090925    -10.850585      0.567000 
    41.484722    -26.104334    -10.909612      0.571000 
    41.484734    -26.117744    -10.968637      0.573000 
    41.484745    -26.131160    -11.027662      0.573000 
    41.484757    -26.144579    -11.086687      0.570000 
    41.484769    -26.158000    -11.145710      0.566000 
    41.484780    -26.171427    -11.204733      0.559000 
    41.484792    -26.184856    -11.263755      0.553000 
    41.484803    -26.198290    -11.322777      0.546000 
    41.484815    -26.211725    -11.381797      0.541000 
    41.484826    -26.225166    -11.440817      0.538000 
    41.484838    -26.238613    -11.499837      0.538000 
    41.484850    -26.252062    -11.558855      0.538000 
    41.484861    -26.265512    -11.617873      0.540000 
    41.484873    -26.278970    -11.676890      0.542000 
    41.484884    -26.292430    -11.735907      0.544000 
    41.484896    -26.305895    -11.794922      0.547000 
    41.484907    -26.319363    -11.853937      0.548000 
    41.484919    -26.332834    -11.912951      0.549000 
    41.484931    -26.346312    -11.971965      0.551000 
    42.988090    -23.810701    -11.982566      0.536000 
    42.988102    -23.824180    -11.923553      0.535000 
    42.988113    -23.837650    -11.864540      0.534000 
    42.988125    -23.851122    -11.805526      0.535000 
    42.988137    -23.864586    -11.746511      0.535000 
    42.988148    -23.878048    -11.687496      0.535000 
    42.988160    -23.891504    -11.628480      0.535000 
    42.988171    -23.904957    -11.569463      0.534000 
    42.988183    -23.918406    -11.510445      0.532000 
    42.988194    -23.931850    -11.451427      0.530000 
    42.988206    -23.945292    -11.392408      0.528000 
    42.988218    -23.958730    -11.333388      0.526000 
    42.988229    -23.972164    -11.274367      0.524000 
    42.988241    -23.985594    -11.215346      0.523000 
    42.988252    -23.999022    -11.156324      0.524000 
    42.988264    -24.012445    -11.097302      0.526000 
    42.988275    -24.025864    -11.038278      0.526000 
    42.988287    -24.039280    -10.979254      0.526000 
    42.988299    -24.052690    -10.920229      0.525000 
    42.988310    -24.066100    -10.861204      0.524000 
    42.988322    -24.079506    -10.802178      0.521000 
    42.988333    -24.092907    -10.743151      0.518000 
    42.988345    -24.106302    -10.684124      0.516000 
    42.988356    -24.119698    -10.625095      0.513000 
    42.988368    -24.133087    -10.566067      0.512000 
    42.988380    -24.146475    -10.507037      0.512000 
    42.988391    -24.159859    -10.448007      0.512000 
    42.988403    -24.173239    -10.388976      0.512000 
    42.988414    -24.186617    -10.329944      0.512000 
    42.988426    -24.199990    -10.270912      0.511000 
    42.988437    -24.213360    -10.211879      0.511000 
    42.988449    -24.226727    -10.152846      0.510000 
    42.988461    -24.240090    -10.093811      0.509000 
    42.988472    -24.253450    -10.034777      0.509000 
    42.988484    -24.266806     -9.975741      0.511000 
    42.988495    -24.280160     -9.916705      0.514000 
    42.988507    -24.293510     -9.857668      0.518000 
    42.988519    -24.306856     -9.798631      0.522000 
    42.988530    -24.320202     -9.739593      0.524000 
    42.988542    -24.333542     -9.680554      0.527000 
    42.988553    -24.346878     -9.621514      0.526000 
    42.988565    -24.360212     -9.562474      0.525000 
    42.988576    -24.373545     -9.503434      0.521000 
    42.988588    -24.386873     -9.444393      0.517000 
    42.988600    -24.400196     -9.385351      0.513000 
    42.988611    -24.413519     -9.326308      0.510000 
    42.988623    -24.426838     -9.267265      0.510000 
    42.988634    -24.440153     -9.208222      0.512000 
    42.988646    -24.453466     -9.149177      0.515000 
    42.988657    -24.466778     -9.090132      0.520000 
    42.988669    -24.480083     -9.031087      0.524000 
    42.988681    -24.493387     -8.972041      0.527000 
    42.988692    -24.506687     -8.912994      0.527000 
    42.988704    -24.519987     -8.853947      0.525000 
    42.988715    -24.533283     -8.794899      0.520000 
    42.988727    -24.546576     -8.735850      0.515000 
    42.988738    -24.559866     -8.676801      0.509000 
    42.988750    -24.573150     -8.617752      0.505000 
    42.988762    -24.586435     -8.558702      0.502000 
    42.988773    -24.599716     -8.499651      0.502000 
    42.988785    -24.612995     -8.440599      0.505000 
    42.988796    -24.626270     -8.381547      0.511000 
    42.988808    -24.639544     -8.322495      0.517000 
    42.988819    -24.652815     -8.263442      0.523000 
    42.988831    -24.666082     -8.204388      0.528000 
    42.988843    -24.679346     -8.145334      0.531000 
    42.988854    -24.692610     -8.086279      0.532000 
    42.988866    -24.705870     -8.027224      0.532000 
    45.481574    -24.525380     -8.057848      0.526000 
    45.481586    -24.538641     -8.116904      0.527000 
    45.481597    -24.551905     -8.175958      0.527000 
    45.481609    -24.565170     -8.235014      0.527000 
    45.481620    -24.578440     -8.294068      0.528000 
    45.481632    -24.591713     -8.353121      0.528000 
    45.481644    -24.604986     -8.412174      0.528000 
    45.481655    -24.618263     -8.471226      0.529000 
    45.481667    -24.631544     -8.530278      0.530000 
    45.481678    -24.644827     -8.589329      0.530000 
    45.481690    -24.658112     -8.648379      0.530000 
    45.481701    -24.671400     -8.707429      0.530000 
    45.481713    -24.684692     -8.766479      0.529000 
    45.481725    -24.697987     -8.825528      0.526000 
    45.481736    -24.711283     -8.884576      0.523000 
    45.481748    -24.724583     -8.943623      0.519000 
    45.481759    -24.737885     -9.002670      0.514000 
    45.481771    -24.751190     -9.061717      0.509000 
    45.481782    -24.764500     -9.120763      0.506000 
    45.481794    -24.777811     -9.179808      0.505000 
    45.481806    -24.791124     -9.238852      0.506000 
    45.481817    -24.804441     -9.297896      0.508000 
    45.481829    -24.817762     -9.356940      0.513000 
    45.481840    -24.831087     -9.415983      0.519000 
    45.481852    -24.844414     -9.475025      0.525000 
    45.481863    -24.857742     -9.534066      0.528000 
    45.481875    -24.871077     -9.593107      0.529000 
    45.481887    -24.884413     -9.652148      0.526000 
    45.481898    -24.897750     -9.711187      0.521000 
    45.481910    -24.911093     -9.770226      0.516000 
    45.481921    -24.924438     -9.829265      0.511000 
    45.481933    -24.937788     -9.888303      0.507000 
    45.481944    -24.951140     -9.947340      0.508000 
    45.481956    -24.964495    -10.006376      0.511000 
    45.481968    -24.977854    -10.065412      0.518000 
    45.481979    -24.991215    -10.124447      0.526000 
    45.481991    -25.004581    -10.183482      0.536000 
    45.482002    -25.017948    -10.242516      0.544000 
    45.482014    -25.031320    -10.301549      0.550000 
    45.482025    -25.044695    -10.360581      0.554000 
    45.482037    -25.058075    -10.419613      0.555000 
    45.482049    -25.071457    -10.478645      0.555000 
    45.482060    -25.084843    -10.537675      0.555000 
    45.482072    -25.098230    -10.596705      0.554000 
    45.482083    -25.111624    -10.655734      0.555000 
    45.482095    -25.125020    -10.714763      0.556000 
    45.482106    -25.138418    -10.773791      0.557000 
    45.482118    -25.151821    -10.832818      0.557000 
    45.482130    -25.165230    -10.891844      0.555000 
    45.482141    -25.178638    -10.950870      0.550000 
    45.482153    -25.192053    -11.009895      0.542000 
    45.482176    -25.218891    -11.127943      0.516000 
    45.482187    -25.232317    -11.186966      0.502000 
    45.482199    -25.245745    -11.245989      0.488000 
    45.482211    -25.259178    -11.305010      0.479000 
    45.482222    -25.272614    -11.364031      0.474000 
    45.482234    -25.286055    -11.423051      0.474000 
    45.482245    -25.299498    -11.482070      0.480000 
    45.482257    -25.312944    -11.541089      0.490000 
    45.482269    -25.326395    -11.600107      0.504000 
    45.482280    -25.339851    -11.659124      0.517000 
    45.482292    -25.353310    -11.718141      0.529000 
    45.482303    -25.366774    -11.777157      0.538000 
    45.482315    -25.380240    -11.836172      0.544000 
    45.482326    -25.393710    -11.895186      0.545000 
    45.482338    -25.407187    -11.954200      0.543000 
    46.985602    -23.008232    -11.401128      0.524000 
    46.985613    -23.021670    -11.342108      0.522000 
    46.985625    -23.035105    -11.283088      0.517000 
    46.985637    -23.048536    -11.224067      0.511000 
    46.985648    -23.061962    -11.165045      0.504000 
    46.985660    -23.075386    -11.106022      0.498000 
    46.985671    -23.088806    -11.046999      0.494000 
    46.985683    -23.102222    -10.987975      0.491000 
    46.985694    -23.115635    -10.928950      0.490000 
    46.985706    -23.129044    -10.869925      0.493000 
    46.985718    -23.142448    -10.810899      0.496000 
    46.985729    -23.155851    -10.751872      0.499000 
    46.985741    -23.169249    -10.692845      0.504000 
    46.985752    -23.182644    -10.633817      0.508000 
    46.985764    -23.196033    -10.574788      0.513000 
    46.985775    -23.209421    -10.515758      0.517000 
    46.985787    -23.222805    -10.456728      0.520000 
    46.985799    -23.236187    -10.397697      0.525000 
    46.985810    -23.249563    -10.338666      0.528000 
    46.985822    -23.262938    -10.279634      0.533000 
    46.985833    -23.276308    -10.220601      0.535000 
    46.985845    -23.289677    -10.161567      0.537000 
    46.985856    -23.303040    -10.102533      0.537000 
    46.985868    -23.316400    -10.043498      0.536000 
    46.985880    -23.329758     -9.984463      0.532000 
    46.985891    -23.343113     -9.925427      0.526000 
    46.985903    -23.356462     -9.866390      0.521000 
    46.985914    -23.369810     -9.807353      0.514000 
    46.985926    -23.383154     -9.748315      0.507000 
    46.985938    -23.396496     -9.689276      0.503000 
    46.985949    -23.409832     -9.630237      0.500000 
    46.985961    -23.423168     -9.571197      0.499000 
    46.985972    -23.436500     -9.512156      0.501000 
    46.985984    -23.449827     -9.453115      0.503000 
    46.985995    -23.463154     -9.394074      0.505000 
    46.986007    -23.476475     -9.335031      0.509000 
    46.986019    -23.489796     -9.275988      0.512000 
    46.986030    -23.503110     -9.216945      0.514000 
    46.986042    -23.516424     -9.157900      0.517000 
    46.986053    -23.529736     -9.098855      0.520000 
    46.986065    -23.543043     -9.039810      0.524000 
    46.986076    -23.556347     -8.980764      0.527000 
    46.986088    -23.569649     -8.921717      0.530000 
    46.986100    -23.582947     -8.862670      0.533000 
    46.986111    -23.596243     -8.803622      0.536000 
    46.986123    -23.609535     -8.744574      0.536000 
    46.986134    -23.622826     -8.685525      0.534000 
    46.986146    -23.636114     -8.626475      0.529000 
    46.986157    -23.649399     -8.567425      0.523000 
    46.986169    -23.662680     -8.508374      0.515000 
    46.986181    -23.675959     -8.449323      0.506000 
    46.986192    -23.689234     -8.390271      0.499000 
    46.986204    -23.702509     -8.331218      0.493000 
    46.986215    -23.715778     -8.272166      0.491000 
    46.986227    -23.729048     -8.213111      0.493000 
    46.986238    -23.742313     -8.154057      0.498000 
    46.986250    -23.755575     -8.095004      0.505000 
    46.986262    -23.768835     -8.035948      0.513000 
    49.478970    -23.588959     -8.051907      0.507000 
    49.478981    -23.602219     -8.110961      0.501000 
    49.478993    -23.615482     -8.170017      0.497000 
    49.479005    -23.628750     -8.229072      0.495000 
    49.479016    -23.642017     -8.288126      0.495000 
    49.479028    -23.655290     -8.347178      0.498000 
    49.479039    -23.668564     -8.406232      0.503000 
    49.479051    -23.681840     -8.465284      0.508000 
    49.479062    -23.695120     -8.524336      0.513000 
    49.479074    -23.708403     -8.583387      0.518000 
    49.479086    -23.721687     -8.642437      0.520000 
    49.479097    -23.734976     -8.701487      0.521000 
    49.479109    -23.748266     -8.760536      0.521000 
    49.479120    -23.761560     -8.819585      0.520000 
    49.479132    -23.774857     -8.878633      0.519000 
    49.479144    -23.788157     -8.937681      0.518000 
    49.479155    -23.801458     -8.996728      0.517000 
    49.479167    -23.814764     -9.055774      0.517000 
    49.479178    -23.828072     -9.114820      0.517000 
    49.479190    -23.841383     -9.173866      0.518000 
    49.479201    -23.854698     -9.232910      0.517000 
    49.479213    -23.868015     -9.291954      0.516000 
    49.479225    -23.881334     -9.350998      0.514000 
    49.479236    -23.894657     -9.410040      0.511000 
    49.479248    -23.907984     -9.469082      0.509000 
    49.479259    -23.921312     -9.528124      0.508000 
    49.479271    -23.934647     -9.587165      0.507000 
    49.479282    -23.947983     -9.646205      0.507000 
    49.479294    -23.961320     -9.705245      0.509000 
    49.479306    -23.974663     -9.764284      0.512000 
    49.479317    -23.988008     -9.823322      0.516000 
    49.479329    -24.001354     -9.882360      0.520000 
    49.479340    -24.014708     -9.941397      0.523000 
    49.479352    -24.028063    -10.000434      0.526000 
    49.479363    -24.041422    -10.059470      0.528000 
    49.479375    -24.054781    -10.118505      0.530000 
    49.479387    -24.068148    -10.177539      0.531000 
    49.479398    -24.081514    -10.236573      0.531000 
    49.479410    -24.094887    -10.295606      0.532000 
    49.479421    -24.108261    -10.354639      0.532000 
    49.479433    -24.121640    -10.413671      0.533000 
    49.479444    -24.135021    -10.472702      0.532000 
    49.479456    -24.148407    -10.531733      0.532000 
    49.479468    -24.161795    -10.590763      0.532000 
    49.479479    -24.175186    -10.649792      0.531000 
    49.479491    -24.188581    -10.708820      0.528000 
    49.479502    -24.201980    -10.767848      0.525000 
    49.479514    -24.215385    -10.826875      0.521000 
    49.479525    -24.228790    -10.885902      0.517000 
    49.479537    -24.242200    -10.944928      0.514000 
    49.479549    -24.255613    -11.003953      0.511000 
    49.479560    -24.269032    -11.062977      0.511000 
    49.479572    -24.282452    -11.122001      0.513000 
    49.479583    -24.295877    -11.181024      0.517000 
    49.479595    -24.309303    -11.240046      0.524000 
    49.479606    -24.322737    -11.299068      0.531000 
    49.479618    -24.336172    -11.358088      0.539000 
    49.479630    -24.349611    -11.417109      0.547000 
    49.479641    -24.363054    -11.476128      0.552000 
    49.479653    -24.376501    -11.535147      0.556000 
    49.479664    -24.389952    -11.594165      0.557000 
    49.479676    -24.403406    -11.653182      0.556000 
    49.479688    -24.416866    -11.712198      0.554000 
    49.479699    -24.430328    -11.771214      0.552000 
    49.479711    -24.443794    -11.830229      0.549000 
    49.479722    -24.457266    -11.889244      0.547000 
    49.479734    -24.470740    -11.948257      0.546000 
    53.476667    -23.012243     -9.643228      0.514000 
    53.476678    -23.025580     -9.702267      0.512000 
    53.476690    -23.038923     -9.761307      0.510000 
    53.476701    -23.052267     -9.820345      0.507000 
    53.476713    -23.065617     -9.879383      0.505000 
    53.476725    -23.078968     -9.938420      0.504000 
    53.476736    -23.092321     -9.997456      0.503000 
    53.476748    -23.105680    -10.056492      0.504000 
    53.476759    -23.119041    -10.115527      0.505000 
    53.476771    -23.132406    -10.174562      0.507000 
    53.476782    -23.145775    -10.233596      0.510000 
    53.476794    -23.159145    -10.292629      0.511000 
    53.476806    -23.172520    -10.351661      0.512000 
    53.476817    -23.185898    -10.410693      0.511000 
    53.476829    -23.199280    -10.469724      0.509000 
    53.476840    -23.212666    -10.528755      0.505000 
    53.476852    -23.226053    -10.587785      0.502000 
    53.476863    -23.239445    -10.646814      0.499000 
    53.476875    -23.252838    -10.705842      0.496000 
    53.476887    -23.266240    -10.764870      0.496000 
    53.476898    -23.279642    -10.823897      0.499000 
    53.476910    -23.293049    -10.882924      0.505000 
    53.476921    -23.306458    -10.941950      0.511000 
    53.476933    -23.319872    -11.000975      0.517000 
    53.476944    -23.333288    -11.059999      0.523000 
    53.476956    -23.346708    -11.119023      0.527000 
    53.476968    -23.360132    -11.178046      0.530000 
    53.476979    -23.373560    -11.237068      0.530000 
    53.476991    -23.386992    -11.296090      0.529000 
    53.477002    -23.400427    -11.355110      0.527000 
    53.477014    -23.413868    -11.414130      0.526000 
    53.477025    -23.427310    -11.473150      0.526000 
    53.477037    -23.440756    -11.532169      0.526000 
    53.477049    -23.454206    -11.591186      0.529000 
    53.477060    -23.467660    -11.650204      0.531000 
    53.477072    -23.481120    -11.709220      0.533000 
    53.477083    -23.494581    -11.768236      0.534000 
    53.477095    -23.508047    -11.827251      0.534000 
    53.477106    -23.521519    -11.886265      0.534000 
    53.477118    -23.534990    -11.945279      0.532000 
    57.995845    -26.624550    -11.944522      0.531000 
    57.995856    -26.638023    -11.885509      0.533000 
    57.995868    -26.651493    -11.826495      0.536000 
    57.995880    -26.664959    -11.767481      0.540000 
    57.995891    -26.678421    -11.708465      0.546000 
    57.995903    -26.691880    -11.649450      0.552000 
    57.995914    -26.705334    -11.590433      0.557000 
    57.995926    -26.718784    -11.531416      0.562000 
    57.995938    -26.732231    -11.472397      0.565000 
    57.995949    -26.745674    -11.413379      0.567000 
    57.995961    -26.759113    -11.354359      0.567000 
    57.995972    -26.772549    -11.295339      0.567000 
    57.995984    -26.785980    -11.236318      0.566000 
    57.995995    -26.799410    -11.177296      0.567000 
    57.996007    -26.812834    -11.118274      0.568000 
    57.996019    -26.826254    -11.059251      0.569000 
    57.996030    -26.839670    -11.000227      0.570000 
    57.996042    -26.853085    -10.941202      0.572000 
    57.996053    -26.866493    -10.882177      0.570000 
    57.996065    -26.879900    -10.823151      0.568000 
    57.996076    -26.893303    -10.764125      0.563000 
    57.996088    -26.906700    -10.705098      0.560000 
    57.996100    -26.920097    -10.646070      0.555000 
    57.996111    -26.933489    -10.587041      0.551000 
    57.996123    -26.946877    -10.528012      0.550000 
    57.996134    -26.960262    -10.468982      0.551000 
    57.996146    -26.973644    -10.409951      0.553000 
    57.996157    -26.987022    -10.350920      0.557000 
   211.479039    -23.588959     -8.051907      0.569000 
   211.479051    -23.602219     -8.110961      0.570000 
   211.479062    -23.615482     -8.170017      0.570000 
   211.479074    -23.628750     -8.229072      0.569000 
   211.479086    -23.642017     -8.288126      0.567000 
   211.479097    -23.655290     -8.347178      0.563000 
   211.479109    -23.668564     -8.406232      0.559000 
   211.479120    -23.681840     -8.465284      0.554000 
   211.479132    -23.695120     -8.524336      0.549000 
   211.479144    -23.708403     -8.583387      0.545000 
   211.479155    -23.721687     -8.642437      0.542000 
   211.479167    -23.734976     -8.701487      0.540000 
   211.479178    -23.748266     -8.760536      0.539000 
   211.479190    -23.761560     -8.819585      0.538000 
   211.479201    -23.774857     -8.878633      0.538000 
   211.479213    -23.788157     -8.937681      0.538000 
   211.479225    -23.801458     -8.996728      0.539000 
   211.479236    -23.814764     -9.055774      0.538000 
   211.479248    -23.828072     -9.114820      0.539000 
   211.479259    -23.841383     -9.173866      0.540000 
   211.479271    -23.854698     -9.232910      0.541000 
   211.479282    -23.868015     -9.291954      0.541000 
   211.479294    -23.881334     -9.350998      0.540000 
   211.479306    -23.894657     -9.410040      0.539000 
   211.479317    -23.907984     -9.469082      0.536000 
   211.479329    -23.921312     -9.528124      0.532000 
   211.479340    -23.934647     -9.587165      0.527000 
   211.479352    -23.947983     -9.646205      0.522000 
   211.479363    -23.961320     -9.705245      0.518000 
   211.479375    -23.974663     -9.764284      0.516000 
   211.479387    -23.988008     -9.823322      0.517000 
   211.479398    -24.001354     -9.882360      0.520000 
   211.479410    -24.014708     -9.941397      0.525000 
   211.479421    -24.028063    -10.000434      0.531000 
   211.479433    -24.041422    -10.059470      0.537000 
   211.479444    -24.054781    -10.118505      0.542000 
   211.479456    -24.068148    -10.177539      0.545000 
   211.479468    -24.081514    -10.236573      0.546000 
   211.479479    -24.094887    -10.295606      0.544000 
   211.479491    -24.108261    -10.354639      0.541000 
   211.479502    -24.121640    -10.413671      0.537000 
   211.479514    -24.135021    -10.472702      0.534000 
   211.479525    -24.148407    -10.531733      0.533000 
   211.479537    -24.161795    -10.590763      0.533000 
   211.479549    -24.175186    -10.649792      0.534000 
   211.479560    -24.188581    -10.708820      0.535000 
   211.479572    -24.201980    -10.767848      0.536000 
   211.479583    -24.215385    -10.826875      0.535000 
   211.479595    -24.228790    -10.885902      0.532000 
   211.479606    -24.242200    -10.944928      0.529000 
   211.479618    -24.255613    -11.003953      0.524000 
   211.479630    -24.269032    -11.062977      0.520000 
   211.479641    -24.282452    -11.122001      0.518000 
   211.479653    -24.295877    -11.181024      0.519000 
   211.479664    -24.309303    -11.240046      0.522000 
   211.479676    -24.322737    -11.299068      0.529000 
   211.479688    -24.336172    -11.358088      0.536000 
   211.479699    -24.349611    -11.417109      0.545000 
   211.479711    -24.363054    -11.476128      0.553000 
   211.479722    -24.376501    -11.535147      0.558000 
   211.479734    -24.389952    -11.594165      0.561000 
   211.479745    -24.403406    -11.653182      0.561000 
   211.479757    -24.416866    -11.712198      0.559000 
   211.479769    -24.430328    -11.771214      0.554000 
   211.479780    -24.443794    -11.830229      0.548000 
   211.479792    -24.457266    -11.889244      0.542000 
   211.479803    -24.470740    -11.948257      0.537000 
   215.476736    -23.012243     -9.643228      0.481000 
   215.476748    -23.025580     -9.702267      0.485000 
   215.476759    -23.038923     -9.761307      0.491000 
   215.476771    -23.052267     -9.820345      0.497000 
   215.476782    -23.065617     -9.879383      0.505000 
   215.476794    -23.078968     -9.938420      0.513000 
   215.476806    -23.092321     -9.997456      0.519000 
   215.476817    -23.105680    -10.056492      0.523000 
   215.476829    -23.119041    -10.115527      0.525000 
   215.476840    -23.132406    -10.174562      0.525000 
   215.476852    -23.145775    -10.233596      0.524000 
   215.476863    -23.159145    -10.292629      0.521000 
   215.476875    -23.172520    -10.351661      0.520000 
   215.476887    -23.185898    -10.410693      0.520000 
   215.476898    -23.199280    -10.469724      0.520000 
   215.476910    -23.212666    -10.528755      0.521000 
   215.476921    -23.226053    -10.587785      0.523000 
   215.476933    -23.239445    -10.646814      0.523000 
   215.476944    -23.252838    -10.705842      0.521000 
   215.476956    -23.266240    -10.764870      0.518000 
   215.476968    -23.279642    -10.823897      0.513000 
   215.476979    -23.293049    -10.882924      0.507000 
   215.476991    -23.306458    -10.941950      0.501000 
   215.477002    -23.319872    -11.000975      0.496000 
   215.477014    -23.333288    -11.059999      0.493000 
   215.477025    -23.346708    -11.119023      0.493000 
   215.477037    -23.360132    -11.178046      0.494000 
   215.477049    -23.373560    -11.237068      0.497000 
   215.477060    -23.386992    -11.296090      0.501000 
   215.477072    -23.400427    -11.355110      0.504000 
   215.477083    -23.413868    -11.414130      0.506000 
   215.477095    -23.427310    -11.473150      0.506000 
   215.477106    -23.440756    -11.532169      0.505000 
   215.477118    -23.454206    -11.591186      0.504000 
   215.477130    -23.467660    -11.650204      0.503000 
   215.477141    -23.481120    -11.709220      0.503000 
   215.477153    -23.494581    -11.768236      0.507000 
   215.477164    -23.508047    -11.827251      0.512000 
   215.477176    -23.521519    -11.886265      0.521000 
   215.477187    -23.534990    -11.945279      0.529000 
   219.995938    -26.624550    -11.944522      0.540000 
   219.995949    -26.638023    -11.885509      0.537000 
   219.995961    -26.651493    -11.826495      0.534000 
   219.995972    -26.664959    -11.767481      0.532000 
   219.995984    -26.678421    -11.708465      0.531000 
   219.995995    -26.691880    -11.649450      0.532000 
   219.996007    -26.705334    -11.590433      0.533000 
   219.996019    -26.718784    -11.531416      0.535000 
   219.996030    -26.732231    -11.472397      0.537000 
   219.996042    -26.745674    -11.413379      0.539000 
   219.996053    -26.759113    -11.354359      0.540000 
   219.996065    -26.772549    -11.295339      0.540000 
   219.996076    -26.785980    -11.236318      0.540000 
   219.996088    -26.799410    -11.177296      0.540000 
   219.996100    -26.812834    -11.118274      0.540000 
   219.996111    -26.826254    -11.059251      0.541000 
   219.996134    -26.853085    -10.941202      0.549000 
   219.996146    -26.866493    -10.882177      0.553000 
   219.996157    -26.879900    -10.823151      0.558000 
   219.996169    -26.893303    -10.764125      0.562000 
   219.996181    -26.906700    -10.705098      0.566000 
   219.996192    -26.920097    -10.646070      0.567000 
   219.996204    -26.933489    -10.587041      0.567000 
   219.996215    -26.946877    -10.528012      0.566000 
   219.996227    -26.960262    -10.468982      0.566000 
   219.996238    -26.973644    -10.409951      0.564000 
   219.996250    -26.987022    -10.350920      0.564000 
   223.993333    -25.686152    -11.959189      0.538000 
   223.993345    -25.699627    -11.900177      0.541000 
   223.993356    -25.713099    -11.841163      0.544000 
   223.993368    -25.726564    -11.782149      0.546000 
   223.993380    -25.740026    -11.723134      0.546000 
   223.993391    -25.753489    -11.664118      0.545000 
   223.993403    -25.766943    -11.605102      0.542000 
   223.993414    -25.780396    -11.546084      0.537000 
   223.993426    -25.793842    -11.487067      0.532000 
   223.993437    -25.807285    -11.428048      0.528000 
   223.993449    -25.820726    -11.369029      0.525000 
   223.993461    -25.834162    -11.310009      0.524000 
   223.993472    -25.847595    -11.250988      0.525000 
   223.993484    -25.861025    -11.191966      0.527000 
   223.993495    -25.874449    -11.132944      0.532000 
   223.993507    -25.887870    -11.073921      0.536000 
   223.993519    -25.901289    -11.014898      0.539000 
   223.993530    -25.914703    -10.955873      0.542000 
   223.993542    -25.928112    -10.896848      0.542000 
   223.993553    -25.941520    -10.837822      0.543000 
   223.993565    -25.954924    -10.778796      0.542000 
   223.993576    -25.968323    -10.719769      0.540000 
   223.993588    -25.981718    -10.660741      0.539000 
   223.993600    -25.995111    -10.601713      0.540000 
   223.993611    -26.008501    -10.542684      0.541000 
   223.993623    -26.021887    -10.483654      0.542000 
   223.993634    -26.035270    -10.424623      0.543000 
   223.993646    -26.048649    -10.365592      0.545000 
   223.993657    -26.062023    -10.306560      0.546000 
   223.993669    -26.075396    -10.247528      0.548000 
   223.993681    -26.088764    -10.188495      0.549000 
   223.993692    -26.102129    -10.129461      0.549000 
   223.993704    -26.115494    -10.070426      0.550000 
   223.993715    -26.128850    -10.011391      0.550000 
   223.993727    -26.142206     -9.952356      0.552000 
   223.993738    -26.155560     -9.893319      0.552000 
   223.993750    -26.168907     -9.834282      0.552000 
   223.993762    -26.182255     -9.775244      0.552000 
   223.993773    -26.195597     -9.716206      0.551000 
   223.993785    -26.208935     -9.657167      0.549000 
   223.993796    -26.222273     -9.598128      0.547000 
   223.993808    -26.235605     -9.539087      0.547000 
   223.993819    -26.248936     -9.480046      0.546000 
   223.993831    -26.262262     -9.421005      0.546000 
   223.993843    -26.275585     -9.361963      0.546000 
   223.993854    -26.288906     -9.302920      0.545000 
   223.993866    -26.302223     -9.243877      0.544000 
   223.993877    -26.315538     -9.184833      0.542000 
   223.993889    -26.328852     -9.125788      0.539000 
   223.993900    -26.342160     -9.066743      0.535000 
   223.993912    -26.355465     -9.007698      0.532000 
   223.993924    -26.368767     -8.948651      0.530000 
   223.993935    -26.382069     -8.889604      0.529000 
   223.993947    -26.395365     -8.830557      0.531000 
   223.993958    -26.408659     -8.771509      0.535000 
   223.993970    -26.421951     -8.712460      0.543000 
   223.993981    -26.435240     -8.653411      0.552000 
   223.993993    -26.448524     -8.594361      0.561000 
   223.994005    -26.461807     -8.535310      0.570000 
   223.994016    -26.475088     -8.476259      0.577000 
   223.994028    -26.488365     -8.417208      0.580000 
   223.994039    -26.501640     -8.358156      0.579000 
   223.994051    -26.514912     -8.299102      0.575000 
   223.994062    -26.528181     -8.240050      0.569000 
   223.994074    -26.541449     -8.180996      0.562000 
   223.994086    -26.554710     -8.121941      0.558000 
   223.994097    -26.567972     -8.062885      0.556000 
   223.994109    -26.581232     -8.003831      0.556000 
   226.486806    -26.388250     -8.025492      0.574000 
   226.486817    -26.401510     -8.084548      0.573000 
   226.486829    -26.414772     -8.143604      0.574000 
   226.486840    -26.428038     -8.202658      0.574000 
   226.486852    -26.441305     -8.261713      0.574000 
   226.486863    -26.454575     -8.320767      0.573000 
   226.486875    -26.467848     -8.379820      0.571000 
   226.486887    -26.481125     -8.438873      0.568000 
   226.486898    -26.494404     -8.497925      0.564000 
   226.486910    -26.507685     -8.556977      0.560000 
   226.486921    -26.520967     -8.616028      0.556000 
   226.486933    -26.534254     -8.675078      0.553000 
   226.486944    -26.547544     -8.734128      0.552000 
   226.486956    -26.560837     -8.793178      0.551000 
   226.486968    -26.574133     -8.852226      0.550000 
   226.486979    -26.587430     -8.911275      0.550000 
   226.486991    -26.600730     -8.970322      0.548000 
   226.487002    -26.614035     -9.029369      0.545000 
   226.487014    -26.627342     -9.088415      0.542000 
   226.487025    -26.640652     -9.147461      0.538000 
   226.487037    -26.653965     -9.206506      0.534000 
   226.487049    -26.667280     -9.265551      0.532000 
   226.487060    -26.680600     -9.324595      0.531000 
   226.487072    -26.693920     -9.383638      0.532000 
   226.487083    -26.707247     -9.442681      0.533000 
   226.487095    -26.720573     -9.501723      0.534000 
   226.487106    -26.733906     -9.560764      0.536000 
   226.487118    -26.747240     -9.619805      0.536000 
   226.487130    -26.760576     -9.678845      0.534000 
   226.487141    -26.773918     -9.737885      0.531000 
   226.487153    -26.787262     -9.796924      0.526000 
   226.487164    -26.800610     -9.855962      0.520000 
   226.487176    -26.813960     -9.915000      0.515000 
   226.487187    -26.827312     -9.974037      0.513000 
   226.487199    -26.840668    -10.033073      0.513000 
   226.487211    -26.854029    -10.092109      0.516000 
   226.487222    -26.867392    -10.151144      0.523000 
   226.487234    -26.880758    -10.210179      0.533000 
   226.487245    -26.894129    -10.269213      0.544000 
   226.487257    -26.907501    -10.328246      0.555000 
   226.487269    -26.920880    -10.387278      0.566000 
   226.487280    -26.934260    -10.446310      0.575000 
   226.487292    -26.947643    -10.505341      0.583000 
   226.487303    -26.961030    -10.564372      0.588000 
   226.487315    -26.974420    -10.623401      0.590000 
   226.487326    -26.987814    -10.682431      0.589000 
   227.990729    -24.747090    -11.976788      0.508000 
   227.990741    -24.760567    -11.917775      0.509000 
   227.990752    -24.774038    -11.858762      0.510000 
   227.990764    -24.787506    -11.799748      0.510000 
   227.990775    -24.800970    -11.740733      0.509000 
   227.990787    -24.814432    -11.681718      0.508000 
   227.990799    -24.827888    -11.622702      0.507000 
   227.990810    -24.841341    -11.563685      0.507000 
   227.990822    -24.854790    -11.504667      0.507000 
   227.990833    -24.868235    -11.445648      0.508000 
   227.990845    -24.881676    -11.386629      0.510000 
   227.990856    -24.895113    -11.327609      0.511000 
   227.990868    -24.908546    -11.268589      0.514000 
   227.990880    -24.921976    -11.209568      0.514000 
   227.990891    -24.935404    -11.150546      0.513000 
   227.990903    -24.948826    -11.091523      0.510000 
   227.990914    -24.962244    -11.032499      0.506000 
   227.990926    -24.975660    -10.973475      0.503000 
   227.990938    -24.989070    -10.914451      0.499000 
   227.990949    -25.002478    -10.855425      0.496000 
   227.990961    -25.015884    -10.796399      0.495000 
   227.990972    -25.029284    -10.737372      0.496000 
   227.990984    -25.042683    -10.678344      0.500000 
   227.990995    -25.056076    -10.619316      0.503000 
   227.991007    -25.069466    -10.560287      0.506000 
   227.991019    -25.082853    -10.501258      0.508000 
   227.991030    -25.096235    -10.442227      0.507000 
   227.991042    -25.109615    -10.383196      0.504000 
   227.991053    -25.122992    -10.324165      0.499000 
   227.991065    -25.136366    -10.265132      0.492000 
   227.991076    -25.149734    -10.206099      0.486000 
   227.991088    -25.163101    -10.147066      0.482000 
   227.991100    -25.176464    -10.088032      0.481000 
   227.991111    -25.189823    -10.028997      0.483000 
   227.991123    -25.203180     -9.969961      0.487000 
   227.991134    -25.216534     -9.910925      0.496000 
   227.991146    -25.229883     -9.851888      0.503000 
   227.991157    -25.243230     -9.792850      0.511000 
   227.991169    -25.256575     -9.733812      0.518000 
   227.991181    -25.269915     -9.674773      0.522000 
   227.991192    -25.283250     -9.615734      0.525000 
   227.991204    -25.296583     -9.556694      0.526000 
   227.991215    -25.309916     -9.497653      0.525000 
   227.991227    -25.323242     -9.438612      0.523000 
   227.991238    -25.336569     -9.379570      0.522000 
   227.991250    -25.349890     -9.320528      0.521000 
   227.991262    -25.363209     -9.261485      0.520000 
   227.991273    -25.376524     -9.202441      0.521000 
   227.991285    -25.389837     -9.143396      0.521000 
   227.991296    -25.403145     -9.084351      0.521000 
   227.991308    -25.416452     -9.025306      0.522000 
   227.991319    -25.429756     -8.966260      0.524000 
   227.991331    -25.443056     -8.907213      0.527000 
   227.991343    -25.456354     -8.848166      0.532000 
   227.991354    -25.469650     -8.789118      0.536000 
   227.991366    -25.482943     -8.730069      0.542000 
   227.991377    -25.496231     -8.671020      0.548000 
   227.991389    -25.509518     -8.611970      0.553000 
   227.991400    -25.522802     -8.552920      0.558000 
   227.991412    -25.536083     -8.493869      0.562000 
   227.991424    -25.549360     -8.434818      0.565000 
   227.991435    -25.562635     -8.375766      0.567000 
   227.991447    -25.575909     -8.316713      0.568000 
   227.991458    -25.589180     -8.257660      0.569000 
   227.991470    -25.602448     -8.198606      0.571000 
   227.991481    -25.615711     -8.139552      0.573000 
   227.991493    -25.628975     -8.080497      0.576000 
   227.991505    -25.642233     -8.021442      0.579000 
   230.484201    -25.451181     -8.016563      0.559000 
   230.484213    -25.464441     -8.075619      0.556000 
   230.484225    -25.477703     -8.134675      0.552000 
   230.484236    -25.490969     -8.193731      0.548000 
   230.484248    -25.504234     -8.252785      0.543000 
   230.484259    -25.517506     -8.311838      0.539000 
   230.484271    -25.530779     -8.370892      0.538000 
   230.484282    -25.544052     -8.429945      0.536000 
   230.484294    -25.557331     -8.488997      0.535000 
   230.484306    -25.570612     -8.548049      0.535000 
   230.484317    -25.583895     -8.607100      0.534000 
   230.484329    -25.597181     -8.666150      0.532000 
   230.484340    -25.610472     -8.725200      0.529000 
   230.484352    -25.623762     -8.784250      0.525000 
   230.484363    -25.637058     -8.843298      0.521000 
   230.484375    -25.650354     -8.902346      0.518000 
   230.484387    -25.663656     -8.961394      0.516000 
   230.484398    -25.676958     -9.020441      0.516000 
   230.484410    -25.690266     -9.079487      0.517000 
   230.484421    -25.703575     -9.138533      0.521000 
   230.484433    -25.716888     -9.197578      0.525000 
   230.484444    -25.730204     -9.256623      0.529000 
   230.484456    -25.743523     -9.315666      0.533000 
   230.484468    -25.756844     -9.374710      0.537000 
   230.484479    -25.770166     -9.433752      0.539000 
   230.484491    -25.783495     -9.492795      0.541000 
   230.484502    -25.796825     -9.551836      0.542000 
   230.484514    -25.810160     -9.610877      0.541000 
   230.484525    -25.823496     -9.669917      0.540000 
   230.484537    -25.836836     -9.728957      0.538000 
   230.484549    -25.850180     -9.787996      0.534000 
   230.484560    -25.863525     -9.847034      0.530000 
   230.484572    -25.876877     -9.906072      0.525000 
   230.484583    -25.890228     -9.965109      0.520000 
   230.484595    -25.903585    -10.024145      0.514000 
   230.484606    -25.916945    -10.083181      0.511000 
   230.484618    -25.930307    -10.142216      0.510000 
   230.484630    -25.943672    -10.201250      0.514000 
   230.484641    -25.957043    -10.260284      0.520000 
   230.484653    -25.970415    -10.319317      0.528000 
   230.484664    -25.983791    -10.378350      0.538000 
   230.484676    -25.997171    -10.437382      0.547000 
   230.484688    -26.010555    -10.496413      0.554000 
   230.484699    -26.023941    -10.555443      0.559000 
   230.484711    -26.037330    -10.614473      0.560000 
   230.484722    -26.050726    -10.673502      0.559000 
   230.484734    -26.064121    -10.732530      0.555000 
   230.484745    -26.077520    -10.791558      0.551000 
   230.484757    -26.090925    -10.850585      0.547000 
   230.484769    -26.104334    -10.909612      0.542000 
   230.484780    -26.117744    -10.968637      0.541000 
   230.484792    -26.131160    -11.027662      0.541000 
   230.484803    -26.144579    -11.086687      0.541000 
   230.484815    -26.158000    -11.145710      0.542000 
   230.484826    -26.171427    -11.204733      0.542000 
   230.484838    -26.184856    -11.263755      0.541000 
   230.484850    -26.198290    -11.322777      0.539000 
   230.484861    -26.211725    -11.381797      0.537000 
   230.484873    -26.225166    -11.440817      0.534000 
   230.484884    -26.238613    -11.499837      0.534000 
   230.484896    -26.252062    -11.558855      0.534000 
   230.484907    -26.265512    -11.617873      0.535000 
   230.484919    -26.278970    -11.676890      0.538000 
   230.484931    -26.292430    -11.735907      0.542000 
   230.484942    -26.305895    -11.794922      0.546000 
   230.484954    -26.319363    -11.853937      0.549000 
   230.484965    -26.332834    -11.912951      0.550000 
   230.484977    -26.346312    -11.971965      0.550000 
   231.988125    -23.810701    -11.982566      0.536000 
   231.988137    -23.824180    -11.923553      0.532000 
   231.988148    -23.837650    -11.864540      0.530000 
   231.988160    -23.851122    -11.805526      0.527000 
   231.988171    -23.864586    -11.746511      0.525000 
   231.988183    -23.878048    -11.687496      0.522000 
   231.988194    -23.891504    -11.628480      0.519000 
   231.988206    -23.904957    -11.569463      0.514000 
   231.988218    -23.918406    -11.510445      0.510000 
   231.988229    -23.931850    -11.451427      0.506000 
   231.988241    -23.945292    -11.392408      0.503000 
   231.988252    -23.958730    -11.333388      0.502000 
   231.988264    -23.972164    -11.274367      0.502000 
   231.988275    -23.985594    -11.215346      0.505000 
   231.988287    -23.999022    -11.156324      0.509000 
   231.988299    -24.012445    -11.097302      0.514000 
   231.988310    -24.025864    -11.038278      0.518000 
   231.988322    -24.039280    -10.979254      0.520000 
   231.988333    -24.052690    -10.920229      0.520000 
   231.988345    -24.066100    -10.861204      0.518000 
   231.988356    -24.079506    -10.802178      0.513000 
   231.988368    -24.092907    -10.743151      0.506000 
   231.988380    -24.106302    -10.684124      0.501000 
   231.988391    -24.119698    -10.625095      0.495000 
   231.988403    -24.133087    -10.566067      0.491000 
   231.988414    -24.146475    -10.507037      0.489000 
   231.988426    -24.159859    -10.448007      0.490000 
   231.988437    -24.173239    -10.388976      0.492000 
   231.988449    -24.186617    -10.329944      0.495000 
   231.988461    -24.199990    -10.270912      0.498000 
   231.988472    -24.213360    -10.211879      0.502000 
   231.988484    -24.226727    -10.152846      0.504000 
   231.988495    -24.240090    -10.093811      0.505000 
   231.988507    -24.253450    -10.034777      0.506000 
   231.988519    -24.266806     -9.975741      0.507000 
   231.988530    -24.280160     -9.916705      0.508000 
   231.988542    -24.293510     -9.857668      0.510000 
   231.988553    -24.306856     -9.798631      0.511000 
   231.988565    -24.320202     -9.739593      0.512000 
   231.988576    -24.333542     -9.680554      0.513000 
   231.988588    -24.346878     -9.621514      0.512000 
   231.988600    -24.360212     -9.562474      0.511000 
   231.988611    -24.373545     -9.503434      0.508000 
   231.988623    -24.386873     -9.444393      0.506000 
   231.988634    -24.400196     -9.385351      0.503000 
   231.988646    -24.413519     -9.326308      0.501000 
   231.988657    -24.426838     -9.267265      0.503000 
   231.988669    -24.440153     -9.208222      0.504000 
   231.988681    -24.453466     -9.149177      0.508000 
   231.988692    -24.466778     -9.090132      0.514000 
   231.988704    -24.480083     -9.031087      0.520000 
   231.988715    -24.493387     -8.972041      0.527000 
   231.988727    -24.506687     -8.912994      0.532000 
   231.988738    -24.519987     -8.853947      0.535000 
   231.988750    -24.533283     -8.794899      0.537000 
   231.988762    -24.546576     -8.735850      0.538000 
   231.988773    -24.559866     -8.676801      0.537000 
   231.988785    -24.573150     -8.617752      0.534000 
   231.988796    -24.586435     -8.558702      0.531000 
   231.988808    -24.599716     -8.499651      0.528000 
   231.988819    -24.612995     -8.440599      0.524000 
   231.988831    -24.626270     -8.381547      0.523000 
   231.988843    -24.639544     -8.322495      0.521000 
   231.988854    -24.652815     -8.263442      0.521000 
   231.988866    -24.666082     -8.204388      0.523000 
   231.988877    -24.679346     -8.145334      0.525000 
   231.988889    -24.692610     -8.086279      0.528000 
   231.988900    -24.705870     -8.027224      0.532000 
   234.481609    -24.525380     -8.057848      0.525000 
   234.481620    -24.538641     -8.116904      0.530000 
   234.481632    -24.551905     -8.175958      0.535000 
   234.481644    -24.565170     -8.235014      0.540000 
   234.481655    -24.578440     -8.294068      0.543000 
   234.481667    -24.591713     -8.353121      0.545000 
   234.481678    -24.604986     -8.412174      0.545000 
   234.481690    -24.618263     -8.471226      0.544000 
   234.481701    -24.631544     -8.530278      0.542000 
   234.481713    -24.644827     -8.589329      0.539000 
   234.481725    -24.658112     -8.648379      0.536000 
   234.481736    -24.671400     -8.707429      0.533000 
   234.481748    -24.684692     -8.766479      0.532000 
   234.481759    -24.697987     -8.825528      0.530000 
   234.481771    -24.711283     -8.884576      0.529000 
   234.481782    -24.724583     -8.943623      0.528000 
   234.481794    -24.737885     -9.002670      0.526000 
   234.481806    -24.751190     -9.061717      0.524000 
   234.481817    -24.764500     -9.120763      0.521000 
   234.481829    -24.777811     -9.179808      0.517000 
   234.481840    -24.791124     -9.238852      0.513000 
   234.481852    -24.804441     -9.297896      0.508000 
   234.481863    -24.817762     -9.356940      0.506000 
   234.481875    -24.831087     -9.415983      0.506000 
   234.481887    -24.844414     -9.475025      0.507000 
   234.481898    -24.857742     -9.534066      0.510000 
   234.481910    -24.871077     -9.593107      0.513000 
   234.481921    -24.884413     -9.652148      0.516000 
   234.481933    -24.897750     -9.711187      0.519000 
   234.481944    -24.911093     -9.770226      0.521000 
   234.481956    -24.924438     -9.829265      0.522000 
   234.481968    -24.937788     -9.888303      0.520000 
   234.481979    -24.951140     -9.947340      0.519000 
   234.481991    -24.964495    -10.006376      0.516000 
   234.482002    -24.977854    -10.065412      0.514000 
   234.482014    -24.991215    -10.124447      0.511000 
   234.482025    -25.004581    -10.183482      0.509000 
   234.482037    -25.017948    -10.242516      0.507000 
   234.482049    -25.031320    -10.301549      0.505000 
   234.482060    -25.044695    -10.360581      0.503000 
   234.482072    -25.058075    -10.419613      0.501000 
   234.482083    -25.071457    -10.478645      0.499000 
   234.482095    -25.084843    -10.537675      0.498000 
   234.482106    -25.098230    -10.596705      0.498000 
   234.482118    -25.111624    -10.655734      0.499000 
   234.482130    -25.125020    -10.714763      0.501000 
   234.482141    -25.138418    -10.773791      0.504000 
   234.482153    -25.151821    -10.832818      0.507000 
   234.482164    -25.165230    -10.891844      0.509000 
   234.482176    -25.178638    -10.950870      0.510000 
   234.482187    -25.192053    -11.009895      0.509000 
   234.482199    -25.205470    -11.068920      0.506000 
   234.482211    -25.218891    -11.127943      0.502000 
   234.482222    -25.232317    -11.186966      0.498000 
   234.482234    -25.245745    -11.245989      0.495000 
   234.482245    -25.259178    -11.305010      0.494000 
   234.482257    -25.272614    -11.364031      0.495000 
   234.482269    -25.286055    -11.423051      0.498000 
   234.482280    -25.299498    -11.482070      0.504000 
   234.482292    -25.312944    -11.541089      0.510000 
   234.482303    -25.326395    -11.600107      0.516000 
   234.482315    -25.339851    -11.659124      0.520000 
   234.482326    -25.353310    -11.718141      0.522000 
   234.482338    -25.366774    -11.777157      0.522000 
   234.482350    -25.380240    -11.836172      0.521000 
   234.482361    -25.393710    -11.895186      0.519000 
   234.482373    -25.407187    -11.954200      0.517000 
   235.985637    -23.008232    -11.401128      0.500000 
   235.985648    -23.021670    -11.342108      0.496000 
   235.985660    -23.035105    -11.283088      0.493000 
   235.985671    -23.048536    -11.224067      0.489000 
   235.985683    -23.061962    -11.165045      0.486000 
   235.985694    -23.075386    -11.106022      0.485000 
   235.985706    -23.088806    -11.046999      0.487000 
   235.985718    -23.102222    -10.987975      0.490000 
   235.985729    -23.115635    -10.928950      0.494000 
   235.985741    -23.129044    -10.869925      0.499000 
   235.985752    -23.142448    -10.810899      0.502000 
   235.985764    -23.155851    -10.751872      0.504000 
   235.985775    -23.169249    -10.692845      0.504000 
   235.985787    -23.182644    -10.633817      0.502000 
   235.985799    -23.196033    -10.574788      0.500000 
   235.985810    -23.209421    -10.515758      0.498000 
   235.985822    -23.222805    -10.456728      0.497000 
   235.985833    -23.236187    -10.397697      0.500000 
   235.985845    -23.249563    -10.338666      0.504000 
   235.985856    -23.262938    -10.279634      0.510000 
   235.985868    -23.276308    -10.220601      0.517000 
   235.985880    -23.289677    -10.161567      0.523000 
   235.985891    -23.303040    -10.102533      0.526000 
   235.985903    -23.316400    -10.043498      0.527000 
   235.985914    -23.329758     -9.984463      0.524000 
   235.985926    -23.343113     -9.925427      0.517000 
   235.985938    -23.356462     -9.866390      0.509000 
   235.985949    -23.369810     -9.807353      0.499000 
   235.985961    -23.383154     -9.748315      0.490000 
   235.985972    -23.396496     -9.689276      0.485000 
   235.985984    -23.409832     -9.630237      0.481000 
   235.985995    -23.423168     -9.571197      0.480000 
   235.986007    -23.436500     -9.512156      0.482000 
   235.986019    -23.449827     -9.453115      0.484000 
   235.986030    -23.463154     -9.394074      0.486000 
   235.986042    -23.476475     -9.335031      0.488000 
   235.986053    -23.489796     -9.275988      0.488000 
   235.986065    -23.503110     -9.216945      0.487000 
   235.986076    -23.516424     -9.157900      0.488000 
   235.986088    -23.529736     -9.098855      0.489000 
   235.986100    -23.543043     -9.039810      0.491000 
   235.986111    -23.556347     -8.980764      0.496000 
   235.986123    -23.569649     -8.921717      0.502000 
   235.986134    -23.582947     -8.862670      0.509000 
   235.986146    -23.596243     -8.803622      0.517000 
   235.986157    -23.609535     -8.744574      0.521000 
   235.986169    -23.622826     -8.685525      0.524000 
   235.986181    -23.636114     -8.626475      0.524000 
   235.986192    -23.649399     -8.567425      0.522000 
   235.986204    -23.662680     -8.508374      0.517000 
   235.986215    -23.675959     -8.449323      0.511000 
   235.986227    -23.689234     -8.390271      0.507000 
   235.986238    -23.702509     -8.331218      0.504000 
   235.986250    -23.715778     -8.272166      0.504000 
   235.986262    -23.729048     -8.213111      0.506000 
   235.986273    -23.742313     -8.154057      0.510000 
   235.986285    -23.755575     -8.095004      0.515000 
   235.986296    -23.768835     -8.035948      0.519000 
   238.479005    -23.588959     -8.051907      0.524000 
   238.479016    -23.602219     -8.110961      0.519000 
   238.479028    -23.615482     -8.170017      0.515000 
   238.479039    -23.628750     -8.229072      0.513000 
   238.479051    -23.642017     -8.288126      0.512000 
   238.479062    -23.655290     -8.347178      0.513000 
   238.479074    -23.668564     -8.406232      0.516000 
   238.479086    -23.681840     -8.465284      0.519000 
   238.479097    -23.695120     -8.524336      0.520000 
   238.479109    -23.708403     -8.583387      0.521000 
   238.479120    -23.721687     -8.642437      0.520000 
   238.479132    -23.734976     -8.701487      0.518000 
   238.479144    -23.748266     -8.760536      0.515000 
   238.479155    -23.761560     -8.819585      0.513000 
   238.479167    -23.774857     -8.878633      0.511000 
   238.479178    -23.788157     -8.937681      0.510000 
   238.479190    -23.801458     -8.996728      0.509000 
   238.479201    -23.814764     -9.055774      0.508000 
   238.479213    -23.828072     -9.114820      0.508000 
   238.479225    -23.841383     -9.173866      0.506000 
   238.479236    -23.854698     -9.232910      0.501000 
   238.479248    -23.868015     -9.291954      0.495000 
   238.479259    -23.881334     -9.350998      0.487000 
   238.479271    -23.894657     -9.410040      0.479000 
   238.479282    -23.907984     -9.469082      0.472000 
   238.479294    -23.921312     -9.528124      0.467000 
   238.479306    -23.934647     -9.587165      0.466000 
   238.479317    -23.947983     -9.646205      0.468000 
   238.479329    -23.961320     -9.705245      0.475000 
   238.479340    -23.974663     -9.764284      0.484000 
   238.479352    -23.988008     -9.823322      0.495000 
   238.479363    -24.001354     -9.882360      0.506000 
   238.479375    -24.014708     -9.941397      0.516000 
   238.479387    -24.028063    -10.000434      0.523000 
   238.479398    -24.041422    -10.059470      0.527000 
   238.479410    -24.054781    -10.118505      0.528000 
   238.479421    -24.068148    -10.177539      0.527000 
   238.479433    -24.081514    -10.236573      0.525000 
   238.479444    -24.094887    -10.295606      0.522000 
   238.479456    -24.108261    -10.354639      0.519000 
   238.479468    -24.121640    -10.413671      0.516000 
   238.479479    -24.135021    -10.472702      0.515000 
   238.479491    -24.148407    -10.531733      0.515000 
   238.479502    -24.161795    -10.590763      0.517000 
   238.479514    -24.175186    -10.649792      0.521000 
   238.479525    -24.188581    -10.708820      0.525000 
   238.479537    -24.201980    -10.767848      0.529000 
   238.479549    -24.215385    -10.826875      0.534000 
   238.479560    -24.228790    -10.885902      0.538000 
   238.479572    -24.242200    -10.944928      0.541000 
   238.479583    -24.255613    -11.003953      0.544000 
   238.479595    -24.269032    -11.062977      0.544000 
   238.479606    -24.282452    -11.122001      0.544000 
   238.479618    -24.295877    -11.181024      0.542000 
   238.479630    -24.309303    -11.240046      0.541000 
   238.479641    -24.322737    -11.299068      0.540000 
   238.479653    -24.336172    -11.358088      0.539000 
   238.479664    -24.349611    -11.417109      0.540000 
   238.479676    -24.363054    -11.476128      0.543000 
   238.479688    -24.376501    -11.535147      0.547000 
   238.479699    -24.389952    -11.594165      0.550000 
   238.479711    -24.403406    -11.653182      0.553000 
   238.479722    -24.416866    -11.712198      0.555000 
   238.479734    -24.430328    -11.771214      0.553000 
   238.479745    -24.443794    -11.830229      0.549000 
   238.479757    -24.457266    -11.889244      0.543000 
   238.479769    -24.470740    -11.948257      0.535000 
   242.476701    -23.012243     -9.643228      0.513000 
   242.476713    -23.025580     -9.702267      0.518000 
   242.476725    -23.038923     -9.761307      0.524000 
   242.476736    -23.052267     -9.820345      0.529000 
   242.476748    -23.065617     -9.879383      0.535000 
   242.476759    -23.078968     -9.938420      0.539000 
   242.476771    -23.092321     -9.997456      0.541000 
   242.476782    -23.105680    -10.056492      0.542000 
   242.476794    -23.119041    -10.115527      0.540000 
   242.476806    -23.132406    -10.174562      0.538000 
   242.476817    -23.145775    -10.233596      0.536000 
   242.476829    -23.159145    -10.292629      0.532000 
   242.476840    -23.172520    -10.351661      0.530000 
   242.476852    -23.185898    -10.410693      0.529000 
   242.476863    -23.199280    -10.469724      0.527000 
   242.476875    -23.212666    -10.528755      0.525000 
   242.476887    -23.226053    -10.587785      0.521000 
   242.476898    -23.239445    -10.646814      0.516000 
   242.476910    -23.252838    -10.705842      0.509000 
   242.476921    -23.266240    -10.764870      0.501000 
   242.476933    -23.279642    -10.823897      0.494000 
   242.476944    -23.293049    -10.882924      0.487000 
   242.476956    -23.306458    -10.941950      0.483000 
   242.476968    -23.319872    -11.000975      0.482000 
   242.476979    -23.333288    -11.059999      0.486000 
   242.476991    -23.346708    -11.119023      0.493000 
   242.477002    -23.360132    -11.178046      0.503000 
   242.477014    -23.373560    -11.237068      0.515000 
   242.477025    -23.386992    -11.296090      0.527000 
   242.477037    -23.400427    -11.355110      0.537000 
   242.477049    -23.413868    -11.414130      0.544000 
   242.477060    -23.427310    -11.473150      0.546000 
   242.477072    -23.440756    -11.532169      0.543000 
   242.477083    -23.454206    -11.591186      0.539000 
   242.477095    -23.467660    -11.650204      0.531000 
   242.477106    -23.481120    -11.709220      0.524000 
   242.477118    -23.494581    -11.768236      0.519000 
   242.477130    -23.508047    -11.827251      0.517000 
   242.477141    -23.521519    -11.886265      0.520000 
   242.477153    -23.534990    -11.945279      0.526000 
