    29.815845    -26.349028     -8.029964      0.515000 
    29.815856    -26.362717     -8.091389      0.515000 
    29.815868    -26.376408     -8.152815      0.517000 
    29.815880    -26.390102     -8.214241      0.521000 
    29.815891    -26.403800     -8.275665      0.525000 
    29.815903    -26.417500     -8.337088      0.529000 
    29.815914    -26.431204     -8.398512      0.533000 
    29.815926    -26.444908     -8.459935      0.537000 
    29.815937    -26.458618     -8.521357      0.540000 
    29.815949    -26.472330     -8.582779      0.543000 
    29.815961    -26.486044     -8.644200      0.546000 
    29.815972    -26.499763     -8.705621      0.549000 
    29.815995    -26.513483     -8.767040      0.551000 
    29.816007    -26.527208     -8.828459      0.553000 
    29.816019    -26.540936     -8.889878      0.555000 
    29.816030    -26.554667     -8.951296      0.556000 
    29.816042    -26.568400     -9.012713      0.556000 
    29.816053    -26.582134     -9.074130      0.555000 
    29.816065    -26.595880     -9.135566      0.554000 
    29.816076    -26.609630     -9.197013      0.552000 
    29.816088    -26.623383     -9.258459      0.551000 
    29.816100    -26.637138     -9.319904      0.550000 
    29.816111    -26.650900     -9.381349      0.551000 
    29.816123    -26.664661     -9.442793      0.553000 
    29.816134    -26.678427     -9.504237      0.557000 
    29.816146    -26.692198     -9.565680      0.561000 
    29.816157    -26.705970     -9.627122      0.566000 
    29.816169    -26.719748     -9.688563      0.570000 
    29.816181    -26.733526     -9.750004      0.572000 
    29.816192    -26.747309     -9.811444      0.573000 
    29.816204    -26.761095     -9.872884      0.572000 
    29.816215    -26.774885     -9.934323      0.569000 
    29.816227    -26.788680     -9.995761      0.567000 
    29.816238    -26.802477    -10.057199      0.566000 
    29.816250    -26.816277    -10.118635      0.566000 
    29.816262    -26.830082    -10.180072      0.567000 
    29.816273    -26.843887    -10.241507      0.570000 
    29.816285    -26.857700    -10.302942      0.572000 
    29.816296    -26.871513    -10.364376      0.574000 
    29.816319    -26.885334    -10.425809      0.573000 
    29.816331    -26.899157    -10.487242      0.570000 
    29.816343    -26.912983    -10.548674      0.565000 
    29.816354    -26.926811    -10.610105      0.558000 
    29.816366    -26.940645    -10.671536      0.551000 
    29.816377    -26.954483    -10.732965      0.545000 
    29.816389    -26.968323    -10.794395      0.542000 
    29.816400    -26.982174    -10.855846      0.541000 
    29.816412    -26.996029    -10.917305      0.542000 
    31.314005    -23.008291     -9.724458      0.513000 
    31.314016    -23.022034     -9.663166      0.511000 
    31.314028    -23.035774     -9.601873      0.510000 
    31.314039    -23.049510     -9.540579      0.511000 
    31.314063    -23.063244     -9.479284      0.513000 
    31.314074    -23.076971     -9.417989      0.516000 
    31.314086    -23.090698     -9.356693      0.520000 
    31.314097    -23.104422     -9.295397      0.523000 
    31.314109    -23.118141     -9.234100      0.525000 
    31.314120    -23.131859     -9.172802      0.525000 
    31.314132    -23.145573     -9.111504      0.523000 
    31.314144    -23.159283     -9.050205      0.521000 
    31.314155    -23.172989     -8.988905      0.516000 
    31.314167    -23.186691     -8.927605      0.511000 
    31.314178    -23.200394     -8.866304      0.506000 
    31.314190    -23.214090     -8.805002      0.501000 
    31.314201    -23.227785     -8.743700      0.497000 
    31.314213    -23.241478     -8.682397      0.494000 
    31.314225    -23.255165     -8.621094      0.494000 
    31.314236    -23.268847     -8.559807      0.495000 
    31.314248    -23.282524     -8.498534      0.499000 
    31.314259    -23.296198     -8.437260      0.506000 
    31.314271    -23.309866     -8.375985      0.514000 
    31.314282    -23.323532     -8.314710      0.521000 
    31.314294    -23.337198     -8.253435      0.527000 
    31.314306    -23.350859     -8.192157      0.531000 
    31.314317    -23.364517     -8.130881      0.531000 
    31.314329    -23.378174     -8.069604      0.529000 
    31.314340    -23.391827     -8.008326      0.525000 
    34.316713    -23.627330    -11.999621      0.529000 
    34.316725    -23.641232    -11.938294      0.526000 
    34.316748    -23.655127    -11.876967      0.523000 
    34.316759    -23.669018    -11.815639      0.522000 
    34.316771    -23.682905    -11.754310      0.523000 
    34.316782    -23.696790    -11.692981      0.525000 
    34.316794    -23.710669    -11.631650      0.529000 
    34.316806    -23.724545    -11.570319      0.531000 
    34.316817    -23.738405    -11.509019      0.533000 
    34.316829    -23.752268    -11.447718      0.532000 
    34.316840    -23.766123    -11.386416      0.529000 
    34.316852    -23.779974    -11.325113      0.524000 
    34.316863    -23.793821    -11.263809      0.519000 
    34.316875    -23.807665    -11.202505      0.516000 
    34.316887    -23.821505    -11.141200      0.514000 
    34.316898    -23.835340    -11.079894      0.515000 
    34.316910    -23.849173    -11.018587      0.519000 
    34.316921    -23.863000    -10.957280      0.525000 
    34.316933    -23.876823    -10.895972      0.530000 
    34.316944    -23.890644    -10.834663      0.534000 
    34.316956    -23.904460    -10.773354      0.536000 
    34.316968    -23.918272    -10.712043      0.533000 
    34.316979    -23.932081    -10.650732      0.529000 
    34.316991    -23.945887    -10.589421      0.523000 
    34.317002    -23.959686    -10.528108      0.515000 
    34.317014    -23.973484    -10.466795      0.509000 
    34.317025    -23.987278    -10.405481      0.506000 
    34.317037    -24.001068    -10.344167      0.505000 
    34.317049    -24.014854    -10.282852      0.506000 
    34.317060    -24.028637    -10.221535      0.511000 
    34.317072    -24.042418    -10.160219      0.517000 
    34.317083    -24.056192    -10.098901      0.523000 
    34.317106    -24.069965    -10.037584      0.527000 
    34.317118    -24.083733     -9.976265      0.529000 
    34.317130    -24.097498     -9.914945      0.528000 
    34.317141    -24.111250     -9.853671      0.527000 
    34.317153    -24.125002     -9.792382      0.523000 
    34.317164    -24.138748     -9.731092      0.519000 
    34.317176    -24.152493     -9.669801      0.517000 
    34.317187    -24.166233     -9.608510      0.515000 
    34.317199    -24.179972     -9.547218      0.516000 
    34.317211    -24.193707     -9.485925      0.519000 
    34.317222    -24.207436     -9.424632      0.521000 
    34.317234    -24.221163     -9.363337      0.523000 
    34.317245    -24.234888     -9.302043      0.523000 
    34.317257    -24.248610     -9.240747      0.521000 
    34.317269    -24.262327     -9.179452      0.514000 
    34.317280    -24.276043     -9.118155      0.506000 
    34.317292    -24.289755     -9.056858      0.498000 
    34.317303    -24.303461     -8.995560      0.489000 
    34.317315    -24.317167     -8.934261      0.485000 
    34.317326    -24.330870     -8.872962      0.483000 
    34.317338    -24.344568     -8.811663      0.486000 
    34.317350    -24.358265     -8.750362      0.492000 
    34.317361    -24.371958     -8.689061      0.501000 
    34.317373    -24.385649     -8.627760      0.512000 
    34.317384    -24.399336     -8.566458      0.520000 
    34.317396    -24.413020     -8.505155      0.526000 
    34.317407    -24.426700     -8.443851      0.528000 
    34.317419    -24.440378     -8.382546      0.527000 
    34.317431    -24.454054     -8.321242      0.525000 
    34.317442    -24.467726     -8.259938      0.522000 
    34.317465    -24.481396     -8.198632      0.520000 
    34.317477    -24.495056     -8.137352      0.520000 
    34.317488    -24.508715     -8.076077      0.522000 
    34.317500    -24.522367     -8.014800      0.527000 
    37.319873    -24.761042    -11.984170      0.518000 
    37.319884    -24.774940    -11.922845      0.524000 
    37.319896    -24.788834    -11.861520      0.531000 
    37.319907    -24.802725    -11.800193      0.537000 
    37.319919    -24.816610    -11.738866      0.543000 
    37.319931    -24.830492    -11.677539      0.548000 
    37.319942    -24.844372    -11.616210      0.551000 
    37.319954    -24.858246    -11.554881      0.553000 
    37.319965    -24.872114    -11.493550      0.555000 
    37.319977    -24.885980    -11.432220      0.557000 
    37.319988    -24.899841    -11.370888      0.560000 
    37.320000    -24.913698    -11.309555      0.565000 
    37.320012    -24.927551    -11.248222      0.570000 
    37.320023    -24.941402    -11.186888      0.576000 
    37.320035    -24.955248    -11.125554      0.581000 
    37.320046    -24.969082    -11.064248      0.586000 
    37.320058    -24.982912    -11.002943      0.589000 
    37.320069    -24.996738    -10.941638      0.589000 
    37.320081    -25.010561    -10.880331      0.587000 
    37.320093    -25.024382    -10.819024      0.584000 
    37.320104    -25.038197    -10.757716      0.580000 
    37.320116    -25.052008    -10.696408      0.577000 
    37.320127    -25.065815    -10.635099      0.573000 
    37.320150    -25.079618    -10.573789      0.570000 
    37.320162    -25.093418    -10.512478      0.566000 
    37.320174    -25.107214    -10.451167      0.563000 
    37.320185    -25.121008    -10.389855      0.558000 
    37.320197    -25.134796    -10.328542      0.552000 
    37.320208    -25.148582    -10.267229      0.545000 
    37.320220    -25.162363    -10.205915      0.538000 
    37.320231    -25.176142    -10.144600      0.531000 
    37.320243    -25.189917    -10.083284      0.526000 
    37.320255    -25.203688    -10.021968      0.521000 
    37.320266    -25.217455     -9.960651      0.518000 
    37.320278    -25.231218     -9.899334      0.518000 
    37.320289    -25.244980     -9.838016      0.519000 
    37.320301    -25.258736     -9.776697      0.522000 
    37.320312    -25.272491     -9.715377      0.525000 
    37.320324    -25.286242     -9.654057      0.530000 
    37.320336    -25.299988     -9.592736      0.535000 
    37.320347    -25.313730     -9.531415      0.540000 
    37.320359    -25.327473     -9.470092      0.544000 
    37.320370    -25.341206     -9.408786      0.546000 
    37.320382    -25.354933     -9.347494      0.547000 
    37.320394    -25.368654     -9.286201      0.545000 
    37.320405    -25.382376     -9.224907      0.542000 
    37.320417    -25.396091     -9.163613      0.536000 
    37.320428    -25.409805     -9.102319      0.529000 
    37.320440    -25.423515     -9.041023      0.523000 
    37.320451    -25.437223     -8.979727      0.518000 
    37.320463    -25.450928     -8.918431      0.516000 
    37.320475    -25.464628     -8.857134      0.516000 
    37.320486    -25.478329     -8.795836      0.517000 
    37.320509    -25.492023     -8.734537      0.519000 
    37.320521    -25.505714     -8.673238      0.521000 
    37.320532    -25.519403     -8.611939      0.523000 
    37.320544    -25.533090     -8.550638      0.525000 
    37.320556    -25.546774     -8.489338      0.527000 
    37.320567    -25.560452     -8.428036      0.529000 
    37.320579    -25.574131     -8.366734      0.531000 
    37.320590    -25.587805     -8.305431      0.534000 
    37.320602    -25.601475     -8.244128      0.538000 
    37.320613    -25.615145     -8.182824      0.543000 
    37.320625    -25.628810     -8.121520      0.548000 
    37.320637    -25.642473     -8.060215      0.551000 
    42.806331    -23.004797     -8.651657      0.513000 
    42.806343    -23.018505     -8.713027      0.513000 
    42.806354    -23.032215     -8.774396      0.512000 
    42.806366    -23.045930     -8.835765      0.509000 
    42.806377    -23.059650     -8.897150      0.507000 
    42.806389    -23.073376     -8.958549      0.503000 
    42.806400    -23.087107     -9.019948      0.502000 
    42.806412    -23.100840     -9.081346      0.502000 
    42.806424    -23.114576     -9.142743      0.502000 
    42.806435    -23.128317     -9.204140      0.503000 
    42.806458    -23.142060     -9.265536      0.504000 
    42.806470    -23.155804     -9.326931      0.503000 
    42.806481    -23.169554     -9.388326      0.503000 
    42.806493    -23.183306     -9.449720      0.502000 
    42.806505    -23.197062     -9.511114      0.501000 
    42.806516    -23.210821     -9.572507      0.502000 
    42.806528    -23.224583     -9.633899      0.504000 
    42.806539    -23.238350     -9.695290      0.506000 
    42.806551    -23.252117     -9.756681      0.512000 
    42.806562    -23.265890     -9.818072      0.517000 
    42.806574    -23.279667     -9.879461      0.523000 
    42.806586    -23.293447     -9.940850      0.527000 
    42.806597    -23.307230    -10.002238      0.529000 
    42.806609    -23.321016    -10.063626      0.529000 
    42.806620    -23.334806    -10.125013      0.526000 
    42.806632    -23.348600    -10.186399      0.523000 
    42.806644    -23.362396    -10.247785      0.519000 
    42.806655    -23.376198    -10.309170      0.516000 
    42.806667    -23.390003    -10.370554      0.514000 
    42.806678    -23.403810    -10.431937      0.513000 
    42.806690    -23.417622    -10.493320      0.513000 
    42.806701    -23.431438    -10.554702      0.513000 
    42.806713    -23.445257    -10.616084      0.512000 
    42.806725    -23.459082    -10.677465      0.510000 
    42.806736    -23.472916    -10.738886      0.509000 
    42.806748    -23.486753    -10.800297      0.508000 
    42.806759    -23.500595    -10.861707      0.508000 
    42.806771    -23.514440    -10.923116      0.510000 
    42.806794    -23.528290    -10.984524      0.514000 
    42.806806    -23.542143    -11.045932      0.519000 
    42.806817    -23.556002    -11.107339      0.524000 
    42.806829    -23.569862    -11.168745      0.528000 
    42.806840    -23.583727    -11.230151      0.530000 
    42.806852    -23.597595    -11.291556      0.530000 
    42.806863    -23.611467    -11.352960      0.528000 
    42.806875    -23.625345    -11.414363      0.526000 
    42.806887    -23.639227    -11.475766      0.524000 
    42.806898    -23.653112    -11.537167      0.523000 
    42.806910    -23.667002    -11.598568      0.524000 
    42.806921    -23.680895    -11.659969      0.527000 
    42.806933    -23.694792    -11.721368      0.531000 
    42.806944    -23.708694    -11.782767      0.534000 
    42.806956    -23.722600    -11.844165      0.536000 
    42.806968    -23.736510    -11.905562      0.536000 
    42.806979    -23.750425    -11.966959      0.535000 
    48.812488    -25.119036     -8.038193      0.521000 
    48.812500    -25.132710     -8.099544      0.523000 
    48.812512    -25.146387     -8.160896      0.527000 
    48.812523    -25.160069     -8.222247      0.534000 
    48.812535    -25.173750     -8.283597      0.542000 
    48.812546    -25.187435     -8.344947      0.549000 
    48.812558    -25.201124     -8.406296      0.552000 
    48.812569    -25.214817     -8.467645      0.551000 
    48.812581    -25.228512     -8.528993      0.546000 
    48.812593    -25.242208     -8.590341      0.538000 
    48.812604    -25.255909     -8.651687      0.529000 
    48.812616    -25.269611     -8.713034      0.520000 
    48.812627    -25.283320     -8.774379      0.514000 
    48.812639    -25.297030     -8.835724      0.510000 
    48.812650    -25.310741     -8.897069      0.511000 
    48.812662    -25.324457     -8.958413      0.514000 
    48.812674    -25.338177     -9.019756      0.519000 
    48.812685    -25.351898     -9.081099      0.524000 
    48.812697    -25.365633     -9.142483      0.530000 
    48.812708    -25.379368     -9.203856      0.533000 
    48.812720    -25.393106     -9.265228      0.534000 
    48.812731    -25.406849     -9.326600      0.535000 
    48.812743    -25.420593     -9.387971      0.536000 
    48.812755    -25.434343     -9.449341      0.536000 
    48.812766    -25.448093     -9.510710      0.536000 
    48.812789    -25.461850     -9.572079      0.535000 
    48.812801    -25.475609     -9.633447      0.533000 
    48.812813    -25.489368     -9.694815      0.532000 
    48.812824    -25.503136     -9.756182      0.531000 
    48.812836    -25.516903     -9.817548      0.530000 
    48.812847    -25.530676     -9.878914      0.531000 
    48.812859    -25.544450     -9.940279      0.534000 
    48.812870    -25.558230    -10.001643      0.539000 
    48.812882    -25.572012    -10.063007      0.545000 
    48.812894    -25.585798    -10.124370      0.552000 
    48.812905    -25.599588    -10.185732      0.558000 
    48.812917    -25.613380    -10.247094      0.562000 
    48.812928    -25.627178    -10.308455      0.564000 
    48.812940    -25.640978    -10.369815      0.563000 
    48.812951    -25.654781    -10.431175      0.560000 
    48.812963    -25.668589    -10.492533      0.555000 
    48.812975    -25.682402    -10.553892      0.549000 
    48.812986    -25.696215    -10.615249      0.544000 
    48.812998    -25.710035    -10.676606      0.539000 
    48.813009    -25.723858    -10.737962      0.536000 
    48.813021    -25.737684    -10.799317      0.534000 
    48.813032    -25.751514    -10.860672      0.534000 
    48.813044    -25.765356    -10.922065      0.534000 
    48.813056    -25.779202    -10.983449      0.533000 
    48.813067    -25.793050    -11.044833      0.532000 
    48.813079    -25.806906    -11.106216      0.531000 
    48.813090    -25.820763    -11.167599      0.530000 
    48.813102    -25.834623    -11.228980      0.530000 
    48.813125    -25.848488    -11.290361      0.530000 
    48.813137    -25.862356    -11.351741      0.530000 
    48.813148    -25.876228    -11.413121      0.532000 
    48.813160    -25.890106    -11.474499      0.535000 
    48.813171    -25.903988    -11.535877      0.539000 
    48.813183    -25.917871    -11.597254      0.542000 
    48.813194    -25.931760    -11.658631      0.545000 
    48.813206    -25.945654    -11.720006      0.547000 
    48.813218    -25.959553    -11.781381      0.549000 
    48.813229    -25.973455    -11.842755      0.549000 
    48.813241    -25.987362    -11.904129      0.548000 
    48.813252    -26.001270    -11.965501      0.548000 
    51.815613    -26.239712     -8.029111      0.537000 
    51.815625    -26.253378     -8.090435      0.541000 
    51.815637    -26.267050     -8.151760      0.545000 
    51.815648    -26.280724     -8.213083      0.549000 
    51.815660    -26.294407     -8.274434      0.551000 
    51.815671    -26.308092     -8.335787      0.552000 
    51.815683    -26.321781     -8.397141      0.551000 
    51.815694    -26.335474     -8.458493      0.548000 
    51.815706    -26.349169     -8.519845      0.543000 
    51.815718    -26.362865     -8.581196      0.538000 
    51.815729    -26.376568     -8.642547      0.532000 
    51.815741    -26.390272     -8.703897      0.528000 
    51.815752    -26.403978     -8.765247      0.525000 
    51.815764    -26.417688     -8.826596      0.525000 
    51.815775    -26.431402     -8.887944      0.527000 
    51.815787    -26.445120     -8.949292      0.530000 
    51.815799    -26.458838     -9.010639      0.535000 
    51.815810    -26.472560     -9.071985      0.539000 
    51.815822    -26.486286     -9.133331      0.543000 
    51.815833    -26.500015     -9.194676      0.546000 
    51.815845    -26.513748     -9.256021      0.546000 
    51.815868    -26.527483     -9.317365      0.545000 
    51.815880    -26.541222     -9.378708      0.542000 
    51.815891    -26.554962     -9.440051      0.539000 
    51.815903    -26.568708     -9.501393      0.535000 
    51.815914    -26.582457     -9.562735      0.531000 
    51.815926    -26.596209     -9.624075      0.530000 
    51.815937    -26.609962     -9.685416      0.531000 
    51.815949    -26.623722     -9.746755      0.535000 
    51.815961    -26.637486     -9.808094      0.540000 
    51.815972    -26.651250     -9.869432      0.546000 
    51.815984    -26.665018     -9.930770      0.553000 
    51.815995    -26.678790     -9.992107      0.559000 
    51.816007    -26.692566    -10.053443      0.564000 
    51.816019    -26.706352    -10.114801      0.566000 
    51.816030    -26.720142    -10.176167      0.566000 
    51.816042    -26.733934    -10.237533      0.564000 
    51.816053    -26.747732    -10.298897      0.561000 
    51.816065    -26.761534    -10.360262      0.556000 
    51.816076    -26.775337    -10.421625      0.552000 
    51.816088    -26.789146    -10.482988      0.548000 
    51.816100    -26.802958    -10.544350      0.546000 
    51.816111    -26.816772    -10.605711      0.547000 
    51.816123    -26.830593    -10.667072      0.549000 
    51.816134    -26.844416    -10.728432      0.554000 
    51.816146    -26.858244    -10.789791      0.560000 
    51.816157    -26.872072    -10.851150      0.565000 
    51.816169    -26.885908    -10.912507      0.569000 
    51.816181    -26.899746    -10.973864      0.571000 
    51.816192    -26.913590    -11.035221      0.571000 
    51.816215    -26.927435    -11.096576      0.570000 
    51.816227    -26.941284    -11.157931      0.568000 
    51.816238    -26.955140    -11.219286      0.566000 
    51.816250    -26.968996    -11.280639      0.566000 
    51.816262    -26.982859    -11.341992      0.566000 
    51.816273    -26.996725    -11.403344      0.566000 
    56.316435    -23.502638    -11.972937      0.541000 
    56.316447    -23.516558    -11.911538      0.539000 
    56.316458    -23.530470    -11.850139      0.537000 
    56.316470    -23.544376    -11.788738      0.536000 
    56.316481    -23.558283    -11.727337      0.535000 
    56.316493    -23.572182    -11.665935      0.536000 
    56.316505    -23.586079    -11.604532      0.538000 
    56.316516    -23.599970    -11.543128      0.540000 
    56.316528    -23.613857    -11.481724      0.542000 
    56.316539    -23.627743    -11.420319      0.543000 
    56.316551    -23.641615    -11.358941      0.543000 
    56.316562    -23.655483    -11.297566      0.541000 
    56.316574    -23.669348    -11.236190      0.537000 
    56.316586    -23.683208    -11.174813      0.533000 
    56.316597    -23.697065    -11.113436      0.527000 
    56.316609    -23.710917    -11.052057      0.522000 
    56.316632    -23.724766    -10.990678      0.517000 
    56.316644    -23.738610    -10.929299      0.514000 
    56.316655    -23.752450    -10.867918      0.511000 
    56.316667    -23.766289    -10.806537      0.510000 
    56.316678    -23.780120    -10.745155      0.512000 
    56.316690    -23.793950    -10.683772      0.513000 
    56.316701    -23.807775    -10.622389      0.516000 
    56.316713    -23.821596    -10.561005      0.518000 
    56.316725    -23.835417    -10.499620      0.521000 
    56.316736    -23.849230    -10.438235      0.524000 
    56.316748    -23.863040    -10.376849      0.527000 
    56.316759    -23.876846    -10.315462      0.528000 
    56.316771    -23.890650    -10.254074      0.530000 
    56.316782    -23.904450    -10.192686      0.531000 
    56.316794    -23.918247    -10.131297      0.532000 
    56.316806    -23.932040    -10.069908      0.531000 
    56.316817    -23.945830    -10.008517      0.529000 
    56.316829    -23.959616     -9.947126      0.526000 
    56.316840    -23.973396     -9.885735      0.524000 
    56.316852    -23.987175     -9.824343      0.519000 
    56.316863    -24.000950     -9.762950      0.515000 
    56.316875    -24.014723     -9.701556      0.512000 
    56.316887    -24.028482     -9.640188      0.509000 
    56.316898    -24.042240     -9.578824      0.508000 
    56.316910    -24.055996     -9.517460      0.509000 
    56.316921    -24.069748     -9.456095      0.512000 
    56.316933    -24.083496     -9.394730      0.517000 
    56.316944    -24.097240     -9.333363      0.522000 
    56.316956    -24.110983     -9.271997      0.526000 
    56.316979    -24.124720     -9.210629      0.529000 
    56.316991    -24.138454     -9.149261      0.530000 
    56.317002    -24.152185     -9.087893      0.531000 
    56.317014    -24.165915     -9.026523      0.529000 
    56.317025    -24.179640     -8.965154      0.527000 
    56.317037    -24.193361     -8.903783      0.527000 
    56.317049    -24.207083     -8.842412      0.526000 
    56.317060    -24.220798     -8.781040      0.527000 
    56.317072    -24.234510     -8.719668      0.529000 
    56.317083    -24.248220     -8.658295      0.531000 
    56.317095    -24.261929     -8.596921      0.534000 
    56.317106    -24.275633     -8.535547      0.535000 
    56.317118    -24.289333     -8.474173      0.535000 
    56.317130    -24.303032     -8.412797      0.534000 
    56.317141    -24.316727     -8.351421      0.532000 
    56.317153    -24.330418     -8.290045      0.531000 
    56.317164    -24.344107     -8.228667      0.530000 
    56.317176    -24.357794     -8.167290      0.531000 
    56.317187    -24.371477     -8.105912      0.533000 
    56.317199    -24.385159     -8.044533      0.536000 
    59.319549    -24.623720    -11.953965      0.536000 
    59.319560    -24.637636    -11.892569      0.539000 
    59.319572    -24.651546    -11.831172      0.543000 
    59.319583    -24.665455    -11.769775      0.547000 
    59.319595    -24.679358    -11.708377      0.549000 
    59.319606    -24.693256    -11.646978      0.551000 
    59.319618    -24.707151    -11.585578      0.550000 
    59.319641    -24.721040    -11.524178      0.547000 
    59.319653    -24.734926    -11.462777      0.543000 
    59.319664    -24.748808    -11.401375      0.539000 
    59.319676    -24.762688    -11.339972      0.535000 
    59.319688    -24.776562    -11.278569      0.534000 
    59.319699    -24.790430    -11.217165      0.533000 
    59.319711    -24.804296    -11.155760      0.534000 
    59.319722    -24.818160    -11.094354      0.536000 
    59.319734    -24.832018    -11.032948      0.539000 
    59.319745    -24.845873    -10.971541      0.543000 
    59.319757    -24.859722    -10.910133      0.546000 
    59.319769    -24.873568    -10.848725      0.550000 
    59.319780    -24.887411    -10.787315      0.553000 
    59.319792    -24.901250    -10.725905      0.556000 
    59.319803    -24.915085    -10.664495      0.557000 
    59.319815    -24.928917    -10.603083      0.557000 
    59.319826    -24.942738    -10.541692      0.555000 
    59.319838    -24.956554    -10.480311      0.551000 
    59.319850    -24.970367    -10.418929      0.548000 
    59.319861    -24.984177    -10.357546      0.543000 
    59.319873    -24.997984    -10.296162      0.540000 
    59.319884    -25.011786    -10.234778      0.538000 
    59.319896    -25.025583    -10.173393      0.538000 
    59.319907    -25.039377    -10.112007      0.539000 
    59.319919    -25.053170    -10.050621      0.542000 
    59.319931    -25.066956     -9.989234      0.544000 
    59.319942    -25.080740     -9.927846      0.543000 
    59.319954    -25.094520     -9.866458      0.540000 
    59.319977    -25.108297     -9.805069      0.534000 
    59.319988    -25.122072     -9.743679      0.527000 
    59.320000    -25.135843     -9.682289      0.519000 
    59.320012    -25.149609     -9.620898      0.512000 
    59.320023    -25.163374     -9.559506      0.507000 
    59.320035    -25.177134     -9.498114      0.507000 
    59.320046    -25.190890     -9.436721      0.509000 
    59.320058    -25.204643     -9.375328      0.514000 
    59.320069    -25.218393     -9.313933      0.520000 
    59.320081    -25.232141     -9.252539      0.526000 
    59.320093    -25.245884     -9.191143      0.530000 
    59.320104    -25.259624     -9.129747      0.532000 
    59.320116    -25.273363     -9.068350      0.532000 
    59.320127    -25.287098     -9.006953      0.530000 
    59.320139    -25.300829     -8.945555      0.528000 
    59.320150    -25.314556     -8.884156      0.527000 
    59.320162    -25.328281     -8.822757      0.528000 
    59.320174    -25.341997     -8.761378      0.529000 
    59.320185    -25.355710     -8.700009      0.531000 
    59.320197    -25.369417     -8.638640      0.533000 
    59.320208    -25.383123     -8.577270      0.535000 
    59.320220    -25.396828     -8.515899      0.538000 
    59.320231    -25.410526     -8.454527      0.540000 
    59.320243    -25.424225     -8.393155      0.541000 
    59.320255    -25.437918     -8.331783      0.543000 
    59.320266    -25.451609     -8.270408      0.545000 
    59.320278    -25.465298     -8.209035      0.548000 
    59.320289    -25.478983     -8.147661      0.551000 
    59.320312    -25.492664     -8.086286      0.553000 
    59.320324    -25.506346     -8.024911      0.554000 
   211.816354    -26.303543     -8.037618      0.569000 
   211.816366    -26.317204     -8.098894      0.574000 
   211.816377    -26.330868     -8.160172      0.579000 
   211.816389    -26.344534     -8.221447      0.583000 
   211.816400    -26.358202     -8.282724      0.584000 
   211.816412    -26.371874     -8.343999      0.584000 
   211.816424    -26.385548     -8.405274      0.581000 
   211.816435    -26.399225     -8.466548      0.577000 
   211.816447    -26.412907     -8.527821      0.573000 
   211.816458    -26.426588     -8.589094      0.570000 
   211.816470    -26.440275     -8.650366      0.568000 
   211.816481    -26.453964     -8.711637      0.568000 
   211.816493    -26.467657     -8.772908      0.570000 
   211.816505    -26.481354     -8.834178      0.572000 
   211.816516    -26.495050     -8.895448      0.574000 
   211.816528    -26.508760     -8.956754      0.573000 
   211.816539    -26.522472     -9.018053      0.571000 
   211.816551    -26.536186     -9.079352      0.565000 
   211.816562    -26.549906     -9.140650      0.559000 
   211.816574    -26.563625     -9.201948      0.550000 
   211.816597    -26.577350     -9.263245      0.543000 
   211.816609    -26.591078     -9.324541      0.537000 
   211.816620    -26.604809     -9.385836      0.536000 
   211.816632    -26.618542     -9.447131      0.537000 
   211.816644    -26.632280     -9.508426      0.541000 
   211.816655    -26.646020     -9.569719      0.546000 
   211.816667    -26.659763     -9.631012      0.550000 
   211.816678    -26.673512     -9.692304      0.553000 
   211.816690    -26.687263     -9.753595      0.552000 
   211.816701    -26.701017     -9.814886      0.552000 
   211.816713    -26.714773     -9.876176      0.551000 
   211.816725    -26.728535     -9.937466      0.551000 
   211.816736    -26.742300     -9.998754      0.554000 
   211.816748    -26.756067    -10.060042      0.559000 
   211.816759    -26.769838    -10.121329      0.565000 
   211.816771    -26.783613    -10.182616      0.572000 
   211.816782    -26.797394    -10.243902      0.576000 
   211.816794    -26.811174    -10.305187      0.577000 
   211.816806    -26.824960    -10.366471      0.572000 
   211.816817    -26.838750    -10.427755      0.563000 
   211.816829    -26.852550    -10.489071      0.550000 
   211.816840    -26.866356    -10.550385      0.537000 
   211.816852    -26.880161    -10.611697      0.527000 
   211.816863    -26.893974    -10.673009      0.521000 
   211.816875    -26.907790    -10.734321      0.520000 
   211.816887    -26.921606    -10.795631      0.525000 
   211.816898    -26.935429    -10.856941      0.535000 
   211.816910    -26.949257    -10.918250      0.547000 
   211.816921    -26.963087    -10.979558      0.557000 
   211.816933    -26.976921    -11.040865      0.565000 
   211.816956    -26.990760    -11.102172      0.570000 
   219.320139    -24.628092    -11.966626      0.531000 
   219.320150    -24.642021    -11.905181      0.531000 
   219.320162    -24.655950    -11.843735      0.530000 
   219.320174    -24.669872    -11.782288      0.528000 
   219.320185    -24.683792    -11.720841      0.525000 
   219.320197    -24.697706    -11.659392      0.521000 
   219.320208    -24.711617    -11.597943      0.517000 
   219.320220    -24.725523    -11.536493      0.514000 
   219.320231    -24.739426    -11.475042      0.512000 
   219.320243    -24.753323    -11.413591      0.510000 
   219.320255    -24.767216    -11.352138      0.510000 
   219.320266    -24.781107    -11.290685      0.511000 
   219.320278    -24.794992    -11.229231      0.512000 
   219.320289    -24.808874    -11.167776      0.513000 
   219.320312    -24.822750    -11.106321      0.515000 
   219.320324    -24.836617    -11.044898      0.518000 
   219.320336    -24.850480    -10.983472      0.522000 
   219.320347    -24.864340    -10.922046      0.526000 
   219.320359    -24.878195    -10.860618      0.531000 
   219.320370    -24.892044    -10.799190      0.537000 
   219.320382    -24.905891    -10.737761      0.543000 
   219.320394    -24.919737    -10.676332      0.546000 
   219.320405    -24.933577    -10.614901      0.546000 
   219.320417    -24.947412    -10.553470      0.544000 
   219.320428    -24.961245    -10.492038      0.538000 
   219.320440    -24.975073    -10.430606      0.531000 
   219.320451    -24.988897    -10.369173      0.521000 
   219.320463    -25.002720    -10.307738      0.511000 
   219.320475    -25.016537    -10.246304      0.503000 
   219.320486    -25.030350    -10.184868      0.498000 
   219.320498    -25.044163    -10.123432      0.497000 
   219.320509    -25.057968    -10.061995      0.502000 
   219.320521    -25.071772    -10.000557      0.509000 
   219.320532    -25.085571     -9.939119      0.518000 
   219.320544    -25.099367     -9.877680      0.529000 
   219.320556    -25.113160     -9.816240      0.538000 
   219.320567    -25.126950     -9.754799      0.546000 
   219.320579    -25.140736     -9.693358      0.550000 
   219.320590    -25.154518     -9.631916      0.553000 
   219.320602    -25.168291     -9.570502      0.554000 
   219.320613    -25.182060     -9.509090      0.553000 
   219.320625    -25.195826     -9.447678      0.552000 
   219.320648    -25.209587     -9.386264      0.550000 
   219.320660    -25.223347     -9.324850      0.550000 
   219.320671    -25.237100     -9.263435      0.550000 
   219.320683    -25.250854     -9.202020      0.550000 
   219.320694    -25.264605     -9.140604      0.551000 
   219.320706    -25.278349     -9.079187      0.552000 
   219.320718    -25.292093     -9.017770      0.552000 
   219.320729    -25.305832     -8.956351      0.553000 
   219.320741    -25.319569     -8.894933      0.554000 
   219.320752    -25.333303     -8.833513      0.556000 
   219.320764    -25.347033     -8.772093      0.557000 
   219.320775    -25.360760     -8.710673      0.559000 
   219.320787    -25.374483     -8.649251      0.561000 
   219.320799    -25.388206     -8.587829      0.563000 
   219.320810    -25.401924     -8.526407      0.565000 
   219.320822    -25.415640     -8.464983      0.566000 
   219.320833    -25.429352     -8.403559      0.566000 
   219.320845    -25.443062     -8.342134      0.566000 
   219.320856    -25.456768     -8.280709      0.566000 
   219.320868    -25.470472     -8.219284      0.566000 
   219.320880    -25.484173     -8.157858      0.567000 
   219.320891    -25.497871     -8.096430      0.568000 
   219.320903    -25.511566     -8.035003      0.569000 
   225.326238    -26.815111    -11.963945      0.553000 
   225.326250    -26.829040    -11.902527      0.551000 
   225.326262    -26.842962    -11.841107      0.547000 
   225.326273    -26.856878    -11.779687      0.543000 
   225.326285    -26.870792    -11.718265      0.537000 
   225.326296    -26.884705    -11.656843      0.532000 
   225.326308    -26.898610    -11.595420      0.526000 
   225.326319    -26.912510    -11.533997      0.522000 
   225.326331    -26.926409    -11.472572      0.521000 
   225.326343    -26.940302    -11.411147      0.523000 
   225.326354    -26.954190    -11.349721      0.528000 
   225.326366    -26.968075    -11.288294      0.534000 
   225.326377    -26.981956    -11.226866      0.541000 
   225.326389    -26.995832    -11.165438      0.548000 
   227.809340    -23.760378     -8.055450      0.523000 
   227.809352    -23.774052     -8.116774      0.527000 
   227.809363    -23.787727     -8.178098      0.530000 
   227.809375    -23.801407     -8.239421      0.532000 
   227.809387    -23.815088     -8.300742      0.533000 
   227.809398    -23.828773     -8.362065      0.532000 
   227.809410    -23.842460     -8.423386      0.532000 
   227.809421    -23.856155     -8.484736      0.531000 
   227.809433    -23.869858     -8.546087      0.530000 
   227.809444    -23.883560     -8.607437      0.529000 
   227.809468    -23.897266     -8.668787      0.528000 
   227.809479    -23.910976     -8.730136      0.524000 
   227.809491    -23.924688     -8.791485      0.519000 
   227.809502    -23.938402     -8.852833      0.512000 
   227.809514    -23.952124     -8.914180      0.503000 
   227.809525    -23.965843     -8.975527      0.495000 
   227.809537    -23.979568     -9.036873      0.489000 
   227.809549    -23.993298     -9.098218      0.485000 
   227.809560    -24.007027     -9.159562      0.486000 
   227.809572    -24.020761     -9.220906      0.490000 
   227.809583    -24.034498     -9.282249      0.496000 
   227.809595    -24.048240     -9.343592      0.504000 
   227.809606    -24.061983     -9.404934      0.510000 
   227.809618    -24.075731     -9.466275      0.514000 
   227.809630    -24.089481     -9.527615      0.516000 
   227.809641    -24.103235     -9.588955      0.515000 
   227.809653    -24.116993     -9.650294      0.511000 
   227.809664    -24.130753     -9.711633      0.507000 
   227.809676    -24.144518     -9.772970      0.502000 
   227.809688    -24.158283     -9.834307      0.500000 
   227.809699    -24.172054     -9.895644      0.499000 
   227.809711    -24.185830     -9.956979      0.499000 
   227.809722    -24.199615    -10.018355      0.501000 
   227.809734    -24.213404    -10.079721      0.504000 
   227.809745    -24.227196    -10.141085      0.505000 
   227.809757    -24.240992    -10.202449      0.505000 
   227.809769    -24.254790    -10.263813      0.503000 
   227.809780    -24.268593    -10.325175      0.500000 
   227.809792    -24.282398    -10.386537      0.495000 
   227.809815    -24.296210    -10.447898      0.490000 
   227.809826    -24.310022    -10.509258      0.486000 
   227.809838    -24.323840    -10.570618      0.484000 
   227.809850    -24.337662    -10.631977      0.484000 
   227.809861    -24.351484    -10.693335      0.485000 
   227.809873    -24.365314    -10.754692      0.490000 
   227.809884    -24.379145    -10.816048      0.495000 
   227.809896    -24.392982    -10.877404      0.499000 
   227.809907    -24.406822    -10.938759      0.501000 
   227.809919    -24.420666    -11.000113      0.499000 
   227.809931    -24.434513    -11.061467      0.494000 
   227.809942    -24.448364    -11.122819      0.486000 
   227.809954    -24.462221    -11.184171      0.475000 
   227.809965    -24.476080    -11.245522      0.465000 
   227.809977    -24.489944    -11.306872      0.457000 
   227.809988    -24.503810    -11.368222      0.452000 
   227.810000    -24.517690    -11.429601      0.453000 
   227.810012    -24.531572    -11.490980      0.459000 
   227.810023    -24.545458    -11.552359      0.470000 
   227.810035    -24.559350    -11.613736      0.481000 
   227.810046    -24.573244    -11.675113      0.493000 
   227.810058    -24.587145    -11.736489      0.502000 
   227.810069    -24.601048    -11.797864      0.508000 
   227.810081    -24.614956    -11.859239      0.512000 
   227.810093    -24.628868    -11.920612      0.511000 
   227.810104    -24.642784    -11.981985      0.510000 
   230.812384    -24.851350     -8.051324      0.551000 
   230.812396    -24.865028     -8.112677      0.548000 
   230.812407    -24.878712     -8.174028      0.546000 
   230.812419    -24.892395     -8.235379      0.546000 
   230.812431    -24.906082     -8.296730      0.547000 
   230.812442    -24.919771     -8.358079      0.550000 
   230.812454    -24.933464     -8.419428      0.553000 
   230.812465    -24.947160     -8.480777      0.557000 
   230.812477    -24.960860     -8.542124      0.560000 
   230.812488    -24.974560     -8.603472      0.562000 
   230.812512    -24.988266     -8.664818      0.563000 
   230.812523    -25.001974     -8.726164      0.562000 
   230.812535    -25.015684     -8.787509      0.559000 
   230.812546    -25.029398     -8.848854      0.554000 
   230.812558    -25.043116     -8.910198      0.548000 
   230.812569    -25.056835     -8.971541      0.541000 
   230.812581    -25.070559     -9.032884      0.536000 
   230.812593    -25.084284     -9.094226      0.531000 
   230.812604    -25.098015     -9.155567      0.528000 
   230.812616    -25.111746     -9.216908      0.526000 
   230.812627    -25.125492     -9.278292      0.527000 
   230.812639    -25.139238     -9.339663      0.528000 
   230.812650    -25.152987     -9.401032      0.530000 
   230.812662    -25.166740     -9.462402      0.531000 
   230.812674    -25.180494     -9.523770      0.530000 
   230.812685    -25.194256     -9.585138      0.526000 
   230.812697    -25.208017     -9.646505      0.520000 
   230.812708    -25.221783     -9.707871      0.512000 
   230.812720    -25.235552     -9.769237      0.503000 
   230.812731    -25.249325     -9.830602      0.492000 
   230.812743    -25.263102     -9.891966      0.483000 
   230.812755    -25.276880     -9.953330      0.476000 
   230.812766    -25.290663    -10.014693      0.472000 
   230.812778    -25.304450    -10.076055      0.471000 
   230.812789    -25.318240    -10.137416      0.473000 
   230.812801    -25.332033    -10.198777      0.478000 
   230.812813    -25.345830    -10.260137      0.484000 
   230.812824    -25.359632    -10.321496      0.490000 
   230.812836    -25.373438    -10.382854      0.496000 
   230.812859    -25.387245    -10.444212      0.500000 
   230.812870    -25.401056    -10.505569      0.503000 
   230.812882    -25.414871    -10.566925      0.505000 
   230.812894    -25.428692    -10.628281      0.506000 
   230.812905    -25.442514    -10.689636      0.506000 
   230.812917    -25.456352    -10.751035      0.507000 
   230.812928    -25.470190    -10.812420      0.509000 
   230.812940    -25.484032    -10.873804      0.511000 
   230.812951    -25.497875    -10.935187      0.516000 
   230.812963    -25.511726    -10.996569      0.521000 
   230.812975    -25.525578    -11.057950      0.526000 
   230.812986    -25.539436    -11.119331      0.532000 
   230.812998    -25.553297    -11.180711      0.538000 
   230.813009    -25.567162    -11.242090      0.542000 
   230.813021    -25.581030    -11.303468      0.544000 
   230.813032    -25.594904    -11.364846      0.545000 
   230.813044    -25.608782    -11.426222      0.543000 
   230.813056    -25.622662    -11.487598      0.541000 
   230.813067    -25.636547    -11.548973      0.537000 
   230.813079    -25.650436    -11.610348      0.533000 
   230.813090    -25.664330    -11.671721      0.530000 
   230.813102    -25.678226    -11.733094      0.530000 
   230.813113    -25.692130    -11.794466      0.531000 
   230.813125    -25.706036    -11.855837      0.533000 
   230.813137    -25.719944    -11.917207      0.537000 
   230.813148    -25.733858    -11.978576      0.541000 
   233.815417    -25.932022     -8.002087      0.561000 
   233.815428    -25.945698     -8.063437      0.554000 
   233.815440    -25.959375     -8.124786      0.549000 
   233.815451    -25.973057     -8.186133      0.545000 
   233.815463    -25.986740     -8.247481      0.541000 
   233.815475    -26.000427     -8.308828      0.538000 
   233.815486    -26.014116     -8.370174      0.537000 
   233.815509    -26.027807     -8.431520      0.537000 
   233.815521    -26.041512     -8.492899      0.538000 
   233.815532    -26.055216     -8.554275      0.540000 
   233.815544    -26.068926     -8.615650      0.543000 
   233.815556    -26.082636     -8.677024      0.545000 
   233.815567    -26.096350     -8.738398      0.547000 
   233.815579    -26.110067     -8.799771      0.547000 
   233.815590    -26.123787     -8.861144      0.545000 
   233.815602    -26.137510     -8.922515      0.543000 
   233.815613    -26.151237     -8.983886      0.538000 
   233.815625    -26.164965     -9.045257      0.534000 
   233.815637    -26.178698     -9.106627      0.529000 
   233.815648    -26.192434     -9.167996      0.525000 
   233.815660    -26.206175     -9.229364      0.523000 
   233.815671    -26.219915     -9.290732      0.522000 
   233.815683    -26.233662     -9.352099      0.523000 
   233.815694    -26.247410     -9.413465      0.526000 
   233.815706    -26.261162     -9.474831      0.531000 
   233.815718    -26.274918     -9.536196      0.538000 
   233.815729    -26.288675     -9.597560      0.545000 
   233.815741    -26.302437     -9.658924      0.552000 
   233.815752    -26.316204     -9.720287      0.557000 
   233.815764    -26.329971     -9.781649      0.560000 
   233.815775    -26.343744     -9.843011      0.560000 
   233.815787    -26.357520     -9.904371      0.556000 
   233.815799    -26.371300     -9.965731      0.550000 
   233.815810    -26.385092    -10.027136      0.543000 
   233.815822    -26.398886    -10.088526      0.535000 
   233.815845    -26.412682    -10.149915      0.528000 
   233.815856    -26.426481    -10.211304      0.523000 
   233.815868    -26.440287    -10.272692      0.521000 
   233.815880    -26.454094    -10.334079      0.520000 
   233.815891    -26.467905    -10.395465      0.521000 
   233.815903    -26.481718    -10.456850      0.522000 
   233.815914    -26.495539    -10.518235      0.524000 
   233.815926    -26.509360    -10.579619      0.525000 
   233.815937    -26.523186    -10.641003      0.525000 
   233.815949    -26.537016    -10.702385      0.527000 
   233.815961    -26.550850    -10.763767      0.528000 
   233.815972    -26.564686    -10.825148      0.530000 
   233.815984    -26.578527    -10.886528      0.533000 
   233.815995    -26.592373    -10.947908      0.536000 
   233.816007    -26.606222    -11.009286      0.538000 
   233.816019    -26.620073    -11.070664      0.539000 
   233.816030    -26.633930    -11.132041      0.537000 
   233.816042    -26.647793    -11.193418      0.534000 
   233.816053    -26.661655    -11.254793      0.530000 
   233.816065    -26.675524    -11.316168      0.525000 
   233.816076    -26.689398    -11.377542      0.522000 
   233.816088    -26.703281    -11.438950      0.522000 
   233.816100    -26.717170    -11.500353      0.524000 
   233.816111    -26.731062    -11.561756      0.529000 
   233.816123    -26.744957    -11.623158      0.535000 
   233.816134    -26.758858    -11.684560      0.541000 
   233.816146    -26.772762    -11.745960      0.548000 
   233.816157    -26.786670    -11.807360      0.552000 
   233.816181    -26.800583    -11.868759      0.554000 
   233.816192    -26.814500    -11.930157      0.556000 
   233.816204    -26.828420    -11.991554      0.556000 
   241.319190    -24.256080    -11.949365      0.521000 
   241.319201    -24.269993    -11.887990      0.517000 
   241.319213    -24.283905    -11.826614      0.513000 
   241.319225    -24.297812    -11.765237      0.512000 
   241.319236    -24.311707    -11.703887      0.514000 
   241.319248    -24.325598    -11.642540      0.520000 
   241.319259    -24.339483    -11.581193      0.527000 
   241.319306    -24.394989    -11.335794      0.548000 
   241.319317    -24.408855    -11.274442      0.547000 
   241.319329    -24.422716    -11.213090      0.542000 
   241.319340    -24.436575    -11.151736      0.537000 
   241.319352    -24.450430    -11.090382      0.531000 
   241.319363    -24.464280    -11.029027      0.527000 
   241.319375    -24.478127    -10.967672      0.524000 
   241.319387    -24.491968    -10.906315      0.522000 
   241.319410    -24.505808    -10.844958      0.519000 
   241.319421    -24.519642    -10.783600      0.518000 
   241.319433    -24.533472    -10.722241      0.515000 
   241.319444    -24.547300    -10.660882      0.513000 
   241.319456    -24.561123    -10.599522      0.511000 
   241.319468    -24.574944    -10.538161      0.510000 
   241.319479    -24.588758    -10.476799      0.510000 
   241.319491    -24.602571    -10.415437      0.510000 
   241.319502    -24.616379    -10.354073      0.510000 
   241.319514    -24.630178    -10.292740      0.511000 
   241.319525    -24.643972    -10.231406      0.512000 
   241.319537    -24.657763    -10.170072      0.514000 
   241.319549    -24.671550    -10.108737      0.515000 
   241.319560    -24.685333    -10.047402      0.518000 
   241.319572    -24.699114     -9.986065      0.522000 
   241.319583    -24.712890     -9.924728      0.526000 
   241.319595    -24.726664     -9.863390      0.530000 
   241.319606    -24.740433     -9.802052      0.532000 
   241.319618    -24.754198     -9.740713      0.531000 
   241.319630    -24.767962     -9.679373      0.527000 
   241.319641    -24.781721     -9.618032      0.521000 
   241.319653    -24.795479     -9.556691      0.514000 
   241.319664    -24.809230     -9.495349      0.510000 
   241.319676    -24.822980     -9.434006      0.508000 
   241.319688    -24.836725     -9.372663      0.511000 
   241.319699    -24.850470     -9.311319      0.520000 
   241.319711    -24.864208     -9.249974      0.532000 
   241.319722    -24.877945     -9.188628      0.545000 
   241.319734    -24.891678     -9.127282      0.559000 
   241.319769    -24.919134     -9.004588      0.572000 
   241.319792    -24.946579     -8.881891      0.566000 
   241.319803    -24.960290     -8.820573      0.558000 
   241.319815    -24.973997     -8.759254      0.550000 
   241.319826    -24.987701     -8.697935      0.542000 
   241.319838    -25.001404     -8.636614      0.537000 
   241.319850    -25.015100     -8.575294      0.533000 
   241.319861    -25.028797     -8.513972      0.532000 
   241.319873    -25.042488     -8.452650      0.531000 
   241.319884    -25.056180     -8.391328      0.530000 
   241.319896    -25.069864     -8.330003      0.528000 
   241.319907    -25.083550     -8.268680      0.528000 
   241.319919    -25.097230     -8.207355      0.527000 
   241.319931    -25.110907     -8.146030      0.528000 
   241.319954    -25.138256     -8.023378      0.535000 
