    37.163542    -38.004925    -16.498013      0.619000 
    37.163553    -38.011047    -16.440770      0.621000 
    37.163565    -38.017170    -16.383528      0.626000 
    37.163576    -38.023293    -16.326283      0.632000 
    37.163588    -38.029410    -16.269040      0.639000 
    37.163600    -38.035526    -16.211796      0.648000 
    37.163611    -38.041645    -16.154550      0.657000 
    37.163623    -38.047760    -16.097305      0.669000 
    37.163634    -38.053875    -16.040058      0.682000 
    37.163646    -38.059986    -15.982812      0.697000 
    37.163657    -38.066097    -15.925565      0.712000 
    37.163669    -38.072210    -15.868317      0.728000 
    37.163681    -38.078320    -15.811069      0.742000 
    37.163692    -38.084427    -15.753821      0.752000 
    37.163704    -38.090530    -15.696571      0.759000 
    37.163704    -38.096638    -15.639322      0.760000 
    37.163715    -38.102740    -15.582071      0.759000 
    37.163727    -38.108845    -15.524820      0.755000 
    37.163738    -38.114950    -15.467569      0.748000 
    37.163750    -38.121048    -15.410317      0.741000 
    37.163762    -38.127148    -15.353065      0.734000 
    37.163773    -38.133247    -15.295812      0.729000 
    37.163785    -38.139343    -15.238559      0.722000 
    37.163796    -38.145440    -15.181305      0.716000 
    37.163808    -38.151535    -15.124050      0.708000 
    37.163819    -38.157630    -15.066795      0.700000 
    37.163854    -38.175903    -14.895027      0.675000 
    37.163866    -38.181995    -14.837770      0.669000 
    37.163877    -38.188084    -14.780513      0.666000 
    37.163889    -38.194168    -14.723255      0.666000 
    37.163900    -38.200256    -14.665996      0.669000 
    37.163900    -38.206340    -14.608737      0.673000 
    37.163912    -38.212425    -14.551478      0.677000 
    37.163924    -38.218506    -14.494218      0.680000 
    37.163935    -38.224586    -14.436958      0.681000 
    37.163947    -38.230667    -14.379697      0.679000 
    37.163958    -38.236748    -14.322435      0.677000 
    37.163970    -38.242830    -14.265173      0.672000 
    37.163981    -38.248905    -14.207911      0.667000 
    37.163993    -38.254980    -14.150648      0.662000 
    37.164005    -38.261055    -14.093384      0.658000 
    37.164016    -38.267130    -14.036120      0.656000 
    37.164028    -38.273205    -13.978856      0.654000 
    37.164039    -38.279274    -13.921591      0.654000 
    37.164051    -38.285347    -13.864325      0.654000 
    37.164062    -38.291416    -13.807060      0.653000 
    37.164074    -38.297485    -13.749793      0.653000 
    37.164086    -38.303555    -13.692526      0.651000 
    37.164097    -38.309620    -13.635259      0.649000 
    37.164097    -38.315685    -13.577991      0.647000 
    37.164109    -38.321750    -13.520723      0.648000 
    37.164120    -38.327812    -13.463454      0.648000 
    37.164132    -38.333878    -13.406185      0.652000 
    37.164144    -38.339940    -13.348915      0.656000 
    37.164155    -38.346000    -13.291645      0.662000 
    37.164167    -38.352060    -13.234375      0.666000 
    37.164178    -38.358116    -13.177103      0.671000 
    37.164190    -38.364178    -13.119832      0.678000 
    37.164201    -38.370235    -13.062560      0.682000 
    39.162130    -38.962425    -16.981870      0.634000 
    39.162141    -38.968560    -16.924635      0.631000 
    39.162141    -38.974693    -16.867397      0.626000 
    39.162153    -38.980824    -16.810160      0.620000 
    39.162164    -38.986954    -16.752920      0.617000 
    39.162176    -38.993084    -16.695683      0.613000 
    39.162188    -38.999210    -16.638445      0.610000 
    39.162199    -39.005337    -16.581203      0.608000 
    39.162211    -39.011463    -16.523964      0.605000 
    42.648889    -38.000320    -16.450230      0.639000 
    42.648900    -38.006447    -16.507504      0.637000 
    42.648912    -38.012573    -16.564777      0.633000 
    42.648924    -38.018700    -16.622051      0.626000 
    42.648935    -38.024830    -16.679323      0.616000 
    42.648958    -38.037090    -16.793867      0.595000 
    42.648970    -38.043224    -16.851140      0.588000 
    42.648981    -38.049360    -16.908410      0.585000 
    42.648993    -38.055496    -16.965680      0.587000 
    44.646944    -38.663296    -13.140544      0.663000 
    44.646956    -38.669353    -13.197849      0.661000 
    44.646968    -38.675420    -13.255152      0.659000 
    44.646979    -38.681480    -13.312456      0.657000 
    44.646991    -38.687542    -13.369759      0.655000 
    44.647002    -38.693607    -13.427061      0.651000 
    44.647014    -38.699673    -13.484363      0.646000 
    44.647025    -38.705738    -13.541665      0.639000 
    44.647037    -38.711807    -13.598966      0.630000 
    44.647049    -38.717873    -13.656266      0.621000 
    44.647049    -38.723946    -13.713566      0.612000 
    44.647083    -38.742160    -13.885463      0.607000 
    44.647095    -38.748234    -13.942761      0.610000 
    44.647106    -38.754307    -14.000058      0.615000 
    44.647118    -38.760384    -14.057355      0.619000 
    44.647153    -38.778618    -14.229243      0.624000 
    44.647164    -38.784700    -14.286538      0.621000 
    44.647176    -38.790780    -14.343833      0.619000 
    44.647188    -38.796860    -14.401127      0.616000 
    44.647199    -38.802944    -14.458420      0.614000 
    44.647211    -38.809030    -14.515713      0.615000 
    44.647222    -38.815113    -14.573006      0.618000 
    44.647234    -38.821200    -14.630297      0.620000 
    44.647234    -38.827290    -14.687589      0.621000 
    44.647257    -38.839466    -14.802170      0.610000 
    44.647269    -38.845560    -14.859460      0.598000 
    44.647280    -38.851650    -14.916749      0.584000 
    44.647303    -38.863834    -15.031326      0.555000 
    44.647326    -38.876030    -15.145901      0.539000 
    44.647338    -38.882126    -15.203188      0.536000 
    44.647350    -38.888226    -15.260474      0.537000 
    44.647361    -38.894325    -15.317760      0.539000 
    44.647373    -38.900430    -15.375045      0.543000 
    44.647604    -39.028830    -16.577908      0.619000 
    44.647616    -39.034960    -16.635180      0.619000 
    44.647627    -39.041090    -16.692453      0.616000 
    44.647627    -39.047220    -16.749723      0.609000 
    44.647639    -39.053352    -16.806995      0.599000 
    44.647650    -39.059486    -16.864267      0.588000 
    44.647662    -39.065620    -16.921537      0.576000 
    44.647674    -39.071754    -16.978807      0.563000 
   209.808634    -38.842186    -16.950970      0.683000 
   209.808646    -38.848310    -16.893717      0.688000 
   209.808646    -38.854435    -16.836464      0.689000 
   209.808657    -38.860558    -16.779210      0.689000 
   209.808669    -38.866676    -16.721954      0.688000 
   209.808681    -38.872795    -16.664700      0.685000 
   209.808692    -38.878918    -16.607445      0.682000 
   209.808704    -38.885033    -16.550188      0.680000 
   209.808715    -38.891148    -16.492931      0.680000 
   209.808727    -38.897263    -16.435673      0.680000 
   209.808738    -38.903378    -16.378414      0.681000 
   209.808750    -38.909490    -16.321157      0.683000 
   209.808762    -38.915600    -16.263897      0.685000 
   209.808773    -38.921710    -16.206636      0.688000 
   215.293414    -38.529514    -13.102546      0.673000 
   215.293426    -38.535560    -13.159835      0.670000 
   215.293438    -38.541615    -13.217124      0.667000 
   215.293449    -38.547665    -13.274412      0.664000 
   215.293461    -38.553720    -13.331699      0.660000 
   215.293472    -38.559770    -13.388986      0.657000 
   215.293484    -38.565826    -13.446273      0.653000 
   215.293495    -38.571880    -13.503559      0.650000 
   215.293507    -38.577938    -13.560844      0.648000 
   215.293519    -38.583996    -13.618129      0.646000 
   215.293530    -38.590054    -13.675414      0.646000 
   215.293542    -38.596110    -13.732698      0.646000 
   215.293542    -38.602173    -13.789982      0.648000 
   215.293553    -38.608234    -13.847265      0.649000 
   215.293565    -38.614296    -13.904548      0.651000 
   215.293576    -38.620360    -13.961830      0.651000 
   215.293588    -38.626427    -14.019111      0.652000 
   215.293600    -38.632490    -14.076393      0.650000 
   215.293611    -38.638557    -14.133673      0.647000 
   215.293623    -38.644627    -14.190953      0.641000 
   215.293634    -38.650692    -14.248233      0.635000 
   215.293646    -38.656760    -14.305512      0.628000 
   215.293657    -38.662834    -14.362791      0.623000 
   215.293669    -38.668903    -14.420069      0.620000 
   215.293681    -38.674980    -14.477347      0.619000 
   215.293692    -38.681053    -14.534624      0.621000 
   215.293704    -38.687130    -14.591901      0.625000 
   215.293715    -38.693207    -14.649177      0.631000 
   215.293727    -38.699284    -14.706452      0.638000 
   215.293738    -38.705360    -14.763728      0.645000 
   215.293738    -38.711440    -14.821002      0.651000 
   215.293750    -38.717520    -14.878276      0.657000 
   215.293762    -38.723602    -14.935550      0.662000 
   215.293773    -38.729687    -14.992823      0.666000 
   215.293785    -38.735770    -15.050095      0.671000 
   215.293796    -38.741856    -15.107368      0.673000 
   215.293808    -38.747944    -15.164639      0.675000 
   215.293819    -38.754030    -15.221910      0.676000 
   215.293831    -38.760120    -15.279180      0.677000 
   215.293843    -38.766210    -15.336450      0.676000 
   215.293854    -38.772300    -15.393720      0.676000 
   215.293866    -38.778393    -15.450989      0.678000 
   215.293877    -38.784485    -15.508257      0.681000 
   215.293889    -38.790580    -15.565525      0.685000 
   215.293900    -38.796677    -15.622792      0.693000 
   215.293912    -38.802773    -15.680059      0.701000 
   215.293924    -38.808872    -15.737325      0.710000 
   215.293924    -38.814970    -15.794591      0.717000 
   215.293958    -38.833275    -15.966385      0.727000 
   215.293970    -38.839380    -16.023647      0.724000 
   215.293981    -38.845486    -16.080912      0.720000 
   215.293993    -38.851590    -16.138174      0.717000 
   215.294005    -38.857700    -16.195436      0.714000 
   215.294016    -38.863808    -16.252695      0.712000 
   215.294028    -38.869920    -16.309958      0.710000 
   215.294039    -38.876030    -16.367216      0.710000 
   215.294051    -38.882140    -16.424479      0.709000 
   215.294063    -38.888256    -16.481737      0.706000 
   215.294074    -38.894370    -16.538996      0.699000 
   215.294086    -38.900490    -16.596252      0.690000 
   215.294097    -38.906610    -16.653511      0.680000 
   215.294109    -38.912727    -16.710770      0.669000 
   215.294120    -38.918846    -16.768024      0.660000 
   215.294120    -38.924970    -16.825281      0.652000 
   215.294132    -38.931090    -16.882536      0.650000 
   215.294144    -38.937218    -16.939790      0.652000 
   215.294155    -38.943340    -16.997046      0.656000 
   232.758889    -38.038162    -16.951300      0.659000 
   232.758900    -38.044290    -16.894050      0.664000 
   232.758912    -38.050415    -16.836802      0.671000 
   232.758924    -38.056540    -16.779550      0.680000 
   232.758935    -38.062664    -16.722300      0.688000 
   232.758947    -38.068787    -16.665050      0.695000 
   232.758958    -38.074905    -16.607798      0.700000 
   232.758970    -38.081028    -16.550547      0.702000 
   232.758981    -38.087147    -16.493292      0.701000 
   232.758993    -38.093260    -16.436040      0.697000 
   232.759005    -38.099377    -16.378784      0.692000 
   232.759016    -38.105490    -16.321531      0.685000 
   232.759028    -38.111607    -16.264277      0.677000 
   232.759039    -38.117718    -16.207022      0.670000 
   232.759039    -38.123830    -16.149767      0.664000 
   232.759051    -38.129940    -16.092508      0.661000 
   232.759062    -38.136047    -16.035252      0.661000 
   232.759074    -38.142155    -15.977994      0.664000 
   232.759086    -38.148260    -15.920736      0.670000 
   232.759097    -38.154366    -15.863477      0.677000 
   232.759109    -38.160470    -15.806218      0.684000 
   232.759120    -38.166570    -15.748958      0.692000 
   232.759132    -38.172672    -15.691698      0.697000 
   232.759144    -38.178772    -15.634437      0.701000 
   232.759155    -38.184868    -15.577176      0.701000 
   232.759167    -38.190968    -15.519914      0.697000 
   232.759178    -38.197063    -15.462652      0.689000 
   232.759190    -38.203160    -15.405389      0.678000 
   232.759201    -38.209250    -15.348125      0.666000 
   232.759213    -38.215347    -15.290861      0.652000 
   232.759225    -38.221436    -15.233596      0.641000 
   232.759236    -38.233616    -15.119066      0.631000 
   232.759259    -38.245792    -15.004533      0.641000 
   232.759271    -38.251877    -14.947266      0.650000 
   232.759282    -38.257960    -14.889998      0.659000 
   232.759294    -38.264046    -14.832730      0.664000 
   232.759306    -38.270130    -14.775461      0.666000 
   232.759363    -38.300526    -14.489110      0.649000 
   232.759375    -38.306602    -14.431838      0.650000 
   232.759387    -38.312675    -14.374566      0.652000 
   232.759398    -38.318750    -14.317293      0.654000 
   232.759410    -38.324820    -14.260020      0.655000 
   232.759421    -38.330894    -14.202746      0.653000 
   232.759421    -38.336964    -14.145472      0.648000 
   232.759433    -38.343033    -14.088197      0.643000 
   232.759444    -38.349106    -14.030922      0.636000 
   232.759456    -38.355170    -13.973646      0.631000 
   232.759468    -38.361237    -13.916369      0.628000 
   232.759479    -38.367302    -13.859093      0.628000 
   232.759491    -38.373367    -13.801815      0.630000 
   232.759502    -38.379433    -13.744538      0.635000 
   232.759514    -38.385494    -13.687259      0.642000 
   232.759525    -38.391556    -13.629981      0.649000 
   232.759537    -38.397614    -13.572701      0.656000 
   232.759549    -38.403675    -13.515422      0.664000 
   232.759560    -38.409733    -13.458141      0.670000 
   232.759572    -38.415790    -13.400861      0.675000 
   232.759583    -38.421844    -13.343580      0.680000 
   232.759595    -38.427902    -13.286298      0.685000 
   232.759606    -38.433956    -13.229016      0.690000 
   232.759618    -38.440006    -13.171733      0.695000 
   232.759618    -38.446060    -13.114450      0.699000 
   234.757569    -39.051320    -16.943287      0.617000 
   234.757581    -39.057450    -16.886038      0.617000 
   234.757593    -39.063576    -16.828789      0.617000 
   234.757604    -39.069700    -16.771540      0.617000 
   238.244178    -38.003235    -15.692018      0.588000 
   238.244190    -38.009335    -15.749286      0.587000 
   238.244201    -38.015440    -15.806554      0.582000 
   238.244213    -38.021545    -15.863822      0.573000 
   238.244225    -38.027653    -15.921089      0.563000 
   238.244248    -38.039870    -16.035622      0.549000 
   238.244271    -38.052094    -16.150150      0.556000 
   238.244282    -38.058205    -16.207415      0.570000 
   238.244294    -38.064320    -16.264679      0.586000 
   238.244306    -38.070435    -16.321941      0.603000 
   238.244317    -38.076550    -16.379206      0.618000 
   238.244317    -38.082670    -16.436466      0.629000 
   238.244329    -38.088790    -16.493729      0.635000 
   238.244340    -38.094910    -16.550987      0.637000 
   238.244352    -38.101032    -16.608250      0.634000 
   238.244363    -38.107155    -16.665508      0.630000 
   238.244375    -38.113277    -16.722769      0.626000 
   238.244387    -38.119404    -16.780027      0.623000 
   238.244398    -38.125530    -16.837284      0.622000 
   238.244410    -38.131660    -16.894543      0.624000 
   238.244421    -38.137790    -16.951800      0.627000 
   240.242396    -38.761940    -13.315870      0.636000 
   240.242407    -38.767998    -13.373159      0.626000 
   240.242419    -38.774055    -13.430449      0.617000 
   240.242431    -38.780117    -13.487737      0.608000 
   240.242442    -38.786180    -13.545026      0.600000 
   240.242454    -38.792240    -13.602314      0.592000 
   240.242465    -38.798300    -13.659601      0.587000 
   240.242477    -38.804367    -13.716888      0.583000 
   240.242488    -38.810432    -13.774174      0.584000 
   240.242500    -38.816498    -13.831460      0.586000 
   240.242512    -38.822567    -13.888746      0.592000 
   240.242523    -38.828632    -13.946031      0.597000 
   240.242535    -38.834700    -14.003315      0.601000 
   240.242546    -38.840775    -14.060599      0.603000 
   240.242558    -38.846848    -14.117882      0.602000 
   240.242569    -38.852917    -14.175165      0.600000 
   240.242569    -38.858994    -14.232448      0.598000 
   240.242581    -38.865067    -14.289730      0.596000 
   240.242593    -38.871143    -14.347011      0.595000 
   240.242604    -38.877220    -14.404292      0.595000 
   240.242616    -38.883297    -14.461572      0.594000 
   240.242627    -38.889378    -14.518852      0.594000 
   240.242639    -38.895454    -14.576132      0.594000 
   240.242650    -38.901540    -14.633410      0.592000 
   240.242662    -38.907620    -14.690689      0.588000 
   240.242674    -38.913700    -14.747967      0.585000 
   240.242685    -38.919790    -14.805244      0.581000 
   240.242697    -38.925873    -14.862521      0.576000 
   240.242708    -38.931957    -14.919797      0.571000 
