    30.489722    -24.293283    -13.034252      0.538000 
    30.489734    -24.273191    -13.086812      0.538000 
    30.489745    -24.253088    -13.139369      0.538000 
    30.489757    -24.232977    -13.191925      0.538000 
    30.489769    -24.212852    -13.244477      0.538000 
    30.489792    -24.192719    -13.297027      0.537000 
    30.489803    -24.172573    -13.349574      0.536000 
    30.489815    -24.152420    -13.402119      0.534000 
    30.489826    -24.132254    -13.454661      0.533000 
    30.489838    -24.112078    -13.507201      0.532000 
    30.489850    -24.091890    -13.559738      0.530000 
    30.489861    -24.071692    -13.612271      0.529000 
    30.489873    -24.051483    -13.664802      0.528000 
    30.489884    -24.031263    -13.717331      0.527000 
    30.489896    -24.011032    -13.769857      0.526000 
    30.489907    -23.990790    -13.822380      0.526000 
    30.489919    -23.970537    -13.874900      0.526000 
    30.489931    -23.950274    -13.927418      0.526000 
    30.489954    -23.929998    -13.979932      0.527000 
    30.489965    -23.909712    -14.032444      0.530000 
    30.489977    -23.889414    -14.084954      0.531000 
    30.489988    -23.869104    -14.137460      0.535000 
    30.490000    -23.848785    -14.189964      0.537000 
    30.490012    -23.828453    -14.242465      0.540000 
    30.490023    -23.808111    -14.294962      0.543000 
    30.490035    -23.787758    -14.347457      0.546000 
    30.490046    -23.767391    -14.399949      0.547000 
    30.490058    -23.747013    -14.452439      0.549000 
    30.490069    -23.726625    -14.504925      0.550000 
    30.490081    -23.706224    -14.557409      0.551000 
    30.490093    -23.685810    -14.609890      0.551000 
    30.490116    -23.665386    -14.662367      0.551000 
    30.490127    -23.644947    -14.714842      0.550000 
    30.490139    -23.624500    -14.767313      0.549000 
    30.490150    -23.604040    -14.819782      0.548000 
    30.490162    -23.583569    -14.872248      0.547000 
    30.490174    -23.563084    -14.924711      0.547000 
    30.490185    -23.542587    -14.977171      0.546000 
    30.490197    -23.522080    -15.029627      0.546000 
    30.490208    -23.501558    -15.082081      0.546000 
    30.490220    -23.481026    -15.134532      0.546000 
    30.490231    -23.460482    -15.186979      0.547000 
    30.490243    -23.439924    -15.239424      0.548000 
    30.490255    -23.419353    -15.291866      0.549000 
    30.490278    -23.398771    -15.344304      0.550000 
    30.490289    -23.378176    -15.396740      0.552000 
    30.490301    -23.357570    -15.449172      0.555000 
    30.490313    -23.336950    -15.501601      0.558000 
    30.490324    -23.316319    -15.554027      0.561000 
    30.490336    -23.295673    -15.606450      0.565000 
    30.490347    -23.275015    -15.658869      0.570000 
    30.490359    -23.254345    -15.711286      0.573000 
    30.490370    -23.233662    -15.763699      0.577000 
    30.490382    -23.212963    -15.816110      0.579000 
    30.490394    -23.192253    -15.868516      0.581000 
    30.490405    -23.171534    -15.920920      0.582000 
    30.490417    -23.150799    -15.973321      0.582000 
    30.490440    -23.130050    -16.025717      0.582000 
    30.490451    -23.109287    -16.078112      0.581000 
    30.490463    -23.088514    -16.130503      0.580000 
    30.490475    -23.067724    -16.182890      0.579000 
    30.490486    -23.046925    -16.235273      0.578000 
    30.490498    -23.026112    -16.287655      0.576000 
    30.490509    -23.005283    -16.340033      0.575000 
    32.942789    -26.987595    -13.730301      0.590000 
    32.942801    -26.967377    -13.677776      0.595000 
    32.942813    -26.947170    -13.625249      0.601000 
    32.942824    -26.926973    -13.572718      0.605000 
    32.942836    -26.906788    -13.520186      0.608000 
    32.942847    -26.886614    -13.467650      0.608000 
    32.942870    -26.866450    -13.415112      0.606000 
    32.942882    -26.846296    -13.362571      0.602000 
    32.942894    -26.826155    -13.310028      0.597000 
    32.942905    -26.806023    -13.257482      0.592000 
    32.942917    -26.785900    -13.204933      0.586000 
    32.942928    -26.765790    -13.152382      0.582000 
    32.942940    -26.745690    -13.099828      0.578000 
    32.942951    -26.725600    -13.047272      0.577000 
    35.908900    -25.429295    -16.977978      0.597000 
    35.908912    -25.408302    -16.925646      0.595000 
    35.908924    -25.387325    -16.873310      0.595000 
    35.908935    -25.366362    -16.820970      0.595000 
    35.908947    -25.345411    -16.768630      0.597000 
    35.908970    -25.324474    -16.716282      0.597000 
    35.908981    -25.303553    -16.663933      0.599000 
    35.908993    -25.282644    -16.611580      0.600000 
    35.909005    -25.261750    -16.559223      0.601000 
    35.909016    -25.240868    -16.506865      0.603000 
    35.909028    -25.220001    -16.454500      0.605000 
    35.909039    -25.199146    -16.402134      0.607000 
    35.909051    -25.178307    -16.349764      0.610000 
    35.909062    -25.157480    -16.297392      0.613000 
    35.909074    -25.136665    -16.245014      0.615000 
    35.909086    -25.115868    -16.192635      0.616000 
    35.909097    -25.095080    -16.140251      0.616000 
    35.909109    -25.074306    -16.087866      0.615000 
    35.909132    -25.053547    -16.035477      0.611000 
    35.909144    -25.032799    -15.983083      0.608000 
    35.909155    -25.012064    -15.930686      0.603000 
    35.909167    -24.991343    -15.878288      0.597000 
    35.909178    -24.970634    -15.825885      0.591000 
    35.909190    -24.949940    -15.773479      0.585000 
    35.909201    -24.929256    -15.721070      0.580000 
    35.909213    -24.908587    -15.668658      0.576000 
    35.909225    -24.887932    -15.616242      0.574000 
    35.909236    -24.867287    -15.563824      0.572000 
    35.909248    -24.846655    -15.511402      0.573000 
    35.909259    -24.826035    -15.458978      0.574000 
    35.909282    -24.805430    -15.406550      0.576000 
    35.909294    -24.784836    -15.354119      0.576000 
    35.909306    -24.764254    -15.301685      0.576000 
    35.909317    -24.743687    -15.249247      0.574000 
    35.909329    -24.723131    -15.196807      0.571000 
    35.909340    -24.702585    -15.144364      0.567000 
    35.909352    -24.682055    -15.091917      0.562000 
    35.909363    -24.661535    -15.039467      0.556000 
    35.909375    -24.641027    -14.987015      0.551000 
    35.909387    -24.620533    -14.934559      0.546000 
    35.909398    -24.600050    -14.882101      0.544000 
    35.909410    -24.579578    -14.829640      0.543000 
    35.909421    -24.559120    -14.777176      0.544000 
    35.909444    -24.538671    -14.724708      0.545000 
    35.909456    -24.518236    -14.672237      0.549000 
    35.909468    -24.497812    -14.619764      0.552000 
    35.909479    -24.477402    -14.567288      0.554000 
    35.909491    -24.457000    -14.514808      0.554000 
    35.909502    -24.436613    -14.462326      0.554000 
    35.909514    -24.416239    -14.409842      0.552000 
    35.909525    -24.395872    -14.357353      0.550000 
    35.909537    -24.375519    -14.304863      0.549000 
    35.909549    -24.355179    -14.252369      0.549000 
    35.909560    -24.334848    -14.199873      0.549000 
    35.909572    -24.314528    -14.147373      0.550000 
    35.909583    -24.294220    -14.094871      0.551000 
    35.909606    -24.273926    -14.042366      0.553000 
    35.909618    -24.253640    -13.989859      0.555000 
    35.909630    -24.233364    -13.937348      0.556000 
    35.909641    -24.213102    -13.884835      0.555000 
    35.909653    -24.192852    -13.832319      0.553000 
    35.909664    -24.172611    -13.779800      0.551000 
    35.909676    -24.152380    -13.727279      0.549000 
    35.909687    -24.132162    -13.674754      0.546000 
    35.909699    -24.111956    -13.622227      0.547000 
    35.909711    -24.091759    -13.569697      0.547000 
    35.909722    -24.071571    -13.517165      0.551000 
    35.909734    -24.051397    -13.464630      0.554000 
    35.909745    -24.031230    -13.412092      0.559000 
    35.909769    -24.011078    -13.359552      0.562000 
    35.909780    -23.990934    -13.307009      0.564000 
    35.909792    -23.970800    -13.254463      0.564000 
    35.909803    -23.950682    -13.201915      0.562000 
    35.909815    -23.930569    -13.149364      0.559000 
    35.909826    -23.910467    -13.096811      0.554000 
    35.909838    -23.890377    -13.044255      0.548000 
    37.438565    -26.989960    -13.394709      0.598000 
    37.438576    -26.969795    -13.447251      0.597000 
    37.438588    -26.949621    -13.499791      0.595000 
    37.438600    -26.929436    -13.552328      0.594000 
    37.438611    -26.909239    -13.604861      0.594000 
    37.438634    -26.889030    -13.657392      0.594000 
    37.438646    -26.868810    -13.709921      0.595000 
    37.438657    -26.848581    -13.762447      0.595000 
    37.438669    -26.828342    -13.814970      0.595000 
    37.438681    -26.808090    -13.867491      0.594000 
    37.438692    -26.787827    -13.920008      0.593000 
    37.438704    -26.767555    -13.972523      0.591000 
    37.438715    -26.747270    -14.025035      0.590000 
    37.438727    -26.726974    -14.077545      0.591000 
    37.438738    -26.706667    -14.130051      0.593000 
    37.438750    -26.686348    -14.182555      0.597000 
    37.438762    -26.666020    -14.235056      0.601000 
    37.438773    -26.645678    -14.287553      0.605000 
    37.438796    -26.625324    -14.340049      0.608000 
    37.438808    -26.604961    -14.392541      0.609000 
    37.438819    -26.584583    -14.445031      0.608000 
    37.438831    -26.564198    -14.497517      0.604000 
    37.438843    -26.543798    -14.550000      0.601000 
    37.438854    -26.523388    -14.602481      0.595000 
    37.438866    -26.502962    -14.654959      0.591000 
    37.438877    -26.482529    -14.707434      0.587000 
    37.438889    -26.462082    -14.759906      0.585000 
    37.438900    -26.441622    -14.812375      0.585000 
    37.438912    -26.421152    -14.864840      0.587000 
    37.438924    -26.400670    -14.917303      0.591000 
    37.438935    -26.380175    -14.969763      0.595000 
    37.438958    -26.359669    -15.022221      0.599000 
    37.438970    -26.339150    -15.074675      0.603000 
    37.438981    -26.318619    -15.127125      0.606000 
    37.438993    -26.298075    -15.179573      0.608000 
    37.439005    -26.277520    -15.232018      0.609000 
    37.439016    -26.256950    -15.284459      0.608000 
    37.439028    -26.236370    -15.336898      0.606000 
    37.439039    -26.215778    -15.389334      0.604000 
    37.439051    -26.195173    -15.441766      0.600000 
    37.439063    -26.174555    -15.494196      0.596000 
    37.439074    -26.153925    -15.546622      0.592000 
    37.439086    -26.133282    -15.599045      0.590000 
    37.439109    -26.112623    -15.651464      0.587000 
    37.439120    -26.091955    -15.703881      0.586000 
    37.439132    -26.071274    -15.756294      0.586000 
    37.439144    -26.050580    -15.808705      0.588000 
    37.439155    -26.029873    -15.861111      0.591000 
    37.439167    -26.009151    -15.913515      0.595000 
    37.439178    -25.988419    -15.965916      0.601000 
    37.439190    -25.967670    -16.018312      0.606000 
    37.439201    -25.946913    -16.070707      0.611000 
    37.439213    -25.926140    -16.123098      0.616000 
    37.439225    -25.905354    -16.175486      0.620000 
    37.439236    -25.884556    -16.227870      0.622000 
    37.439248    -25.863743    -16.280252      0.623000 
    37.439271    -25.842916    -16.332628      0.622000 
    37.439282    -25.822077    -16.385002      0.619000 
    37.439294    -25.801224    -16.437374      0.616000 
    37.439306    -25.780357    -16.489742      0.611000 
    37.439317    -25.759478    -16.542107      0.605000 
    37.439329    -25.738585    -16.594465      0.602000 
    37.439340    -25.717676    -16.646824      0.599000 
    37.439352    -25.696754    -16.699179      0.598000 
    37.439363    -25.675817    -16.751528      0.598000 
    37.439375    -25.654870    -16.803877      0.602000 
    37.439387    -25.633907    -16.856220      0.608000 
    37.439398    -25.612930    -16.908560      0.614000 
    37.439410    -25.591940    -16.960897      0.621000 
    40.405370    -24.293283    -13.034252      0.544000 
    40.405382    -24.273191    -13.086812      0.542000 
    40.405394    -24.253088    -13.139369      0.541000 
    40.405405    -24.232977    -13.191925      0.543000 
    40.405417    -24.212852    -13.244477      0.544000 
    40.405428    -24.192719    -13.297027      0.547000 
    40.405440    -24.172573    -13.349574      0.549000 
    40.405451    -24.152420    -13.402119      0.552000 
    40.405463    -24.132254    -13.454661      0.554000 
    40.405475    -24.112078    -13.507201      0.554000 
    40.405486    -24.091890    -13.559738      0.552000 
    40.405509    -24.071692    -13.612271      0.549000 
    40.405521    -24.051483    -13.664802      0.545000 
    40.405532    -24.031263    -13.717331      0.540000 
    40.405544    -24.011032    -13.769857      0.536000 
    40.405556    -23.990790    -13.822380      0.533000 
    40.405567    -23.970537    -13.874900      0.531000 
    40.405579    -23.950274    -13.927418      0.529000 
    40.405590    -23.929998    -13.979932      0.528000 
    40.405602    -23.909712    -14.032444      0.529000 
    40.405613    -23.889414    -14.084954      0.529000 
    40.405625    -23.869104    -14.137460      0.529000 
    40.405637    -23.848785    -14.189964      0.528000 
    40.405648    -23.828453    -14.242465      0.527000 
    40.405671    -23.808111    -14.294962      0.525000 
    40.405683    -23.787758    -14.347457      0.525000 
    40.405694    -23.767391    -14.399949      0.524000 
    40.405706    -23.747013    -14.452439      0.525000 
    40.405718    -23.726625    -14.504925      0.527000 
    40.405729    -23.706224    -14.557409      0.531000 
    40.405741    -23.685810    -14.609890      0.535000 
    40.405752    -23.665386    -14.662367      0.539000 
    40.405764    -23.644947    -14.714842      0.541000 
    40.405775    -23.624500    -14.767313      0.543000 
    40.405787    -23.604040    -14.819782      0.542000 
    40.405799    -23.583569    -14.872248      0.541000 
    40.405810    -23.563084    -14.924711      0.540000 
    40.405833    -23.542587    -14.977171      0.538000 
    40.405845    -23.522080    -15.029627      0.537000 
    40.405856    -23.501558    -15.082081      0.539000 
    40.405868    -23.481026    -15.134532      0.542000 
    40.405880    -23.460482    -15.186979      0.547000 
    40.405891    -23.439924    -15.239424      0.554000 
    40.405903    -23.419353    -15.291866      0.561000 
    40.405914    -23.398771    -15.344304      0.567000 
    40.405926    -23.378176    -15.396740      0.572000 
    40.405937    -23.357570    -15.449172      0.575000 
    40.405949    -23.336950    -15.501601      0.576000 
    40.405961    -23.316319    -15.554027      0.575000 
    40.405972    -23.295673    -15.606450      0.574000 
    40.405995    -23.275015    -15.658869      0.572000 
    40.406007    -23.254345    -15.711286      0.571000 
    40.406019    -23.233662    -15.763699      0.572000 
    40.406030    -23.212963    -15.816110      0.574000 
    40.406042    -23.192253    -15.868516      0.578000 
    40.406053    -23.171534    -15.920920      0.582000 
    40.406065    -23.150799    -15.973321      0.585000 
    40.406076    -23.130050    -16.025717      0.588000 
    40.406088    -23.109287    -16.078112      0.589000 
    40.406100    -23.088514    -16.130503      0.590000 
    40.406111    -23.067724    -16.182890      0.589000 
    40.406123    -23.046925    -16.235273      0.589000 
    40.406134    -23.026112    -16.287655      0.587000 
    40.406157    -23.005283    -16.340033      0.587000 
    42.858437    -26.987595    -13.730301      0.587000 
    42.858449    -26.967377    -13.677776      0.584000 
    42.858461    -26.947170    -13.625249      0.583000 
    42.858472    -26.926973    -13.572718      0.580000 
    42.858484    -26.906788    -13.520186      0.579000 
    42.858495    -26.886614    -13.467650      0.577000 
    42.858507    -26.866450    -13.415112      0.575000 
    42.858519    -26.846296    -13.362571      0.576000 
    42.858530    -26.826155    -13.310028      0.575000 
    42.858542    -26.806023    -13.257482      0.577000 
    42.858553    -26.785900    -13.204933      0.576000 
    42.858565    -26.765790    -13.152382      0.575000 
    42.858576    -26.745690    -13.099828      0.573000 
    42.858600    -26.725600    -13.047272      0.570000 
    45.824549    -25.429295    -16.977978      0.604000 
    45.824560    -25.408302    -16.925646      0.605000 
    45.824572    -25.387325    -16.873310      0.608000 
    45.824583    -25.366362    -16.820970      0.609000 
    45.824595    -25.345411    -16.768630      0.611000 
    45.824606    -25.324474    -16.716282      0.610000 
    45.824618    -25.303553    -16.663933      0.609000 
    45.824630    -25.282644    -16.611580      0.606000 
    45.824641    -25.261750    -16.559223      0.603000 
    45.824653    -25.240868    -16.506865      0.600000 
    45.824664    -25.220001    -16.454500      0.597000 
    45.824676    -25.199146    -16.402134      0.595000 
    45.824699    -25.178307    -16.349764      0.594000 
    45.824711    -25.157480    -16.297392      0.594000 
    45.824722    -25.136665    -16.245014      0.594000 
    45.824734    -25.115868    -16.192635      0.595000 
    45.824745    -25.095080    -16.140251      0.596000 
    45.824757    -25.074306    -16.087866      0.597000 
    45.824769    -25.053547    -16.035477      0.596000 
    45.824780    -25.032799    -15.983083      0.596000 
    45.824792    -25.012064    -15.930686      0.595000 
    45.824803    -24.991343    -15.878288      0.594000 
    45.824815    -24.970634    -15.825885      0.593000 
    45.824826    -24.949940    -15.773479      0.592000 
    45.824838    -24.929256    -15.721070      0.591000 
    45.824861    -24.908587    -15.668658      0.590000 
    45.824873    -24.887932    -15.616242      0.588000 
    45.824884    -24.867287    -15.563824      0.585000 
    45.824896    -24.846655    -15.511402      0.582000 
    45.824907    -24.826035    -15.458978      0.576000 
    45.824919    -24.805430    -15.406550      0.572000 
    45.824931    -24.784836    -15.354119      0.566000 
    45.824942    -24.764254    -15.301685      0.562000 
    45.824954    -24.743687    -15.249247      0.557000 
    45.824965    -24.723131    -15.196807      0.554000 
    45.824977    -24.702585    -15.144364      0.553000 
    45.824988    -24.682055    -15.091917      0.553000 
    45.825000    -24.661535    -15.039467      0.554000 
    45.825023    -24.641027    -14.987015      0.554000 
    45.825035    -24.620533    -14.934559      0.553000 
    45.825046    -24.600050    -14.882101      0.553000 
    45.825058    -24.579578    -14.829640      0.550000 
    45.825069    -24.559120    -14.777176      0.546000 
    45.825081    -24.538671    -14.724708      0.542000 
    45.825093    -24.518236    -14.672237      0.539000 
    45.825104    -24.497812    -14.619764      0.536000 
    45.825116    -24.477402    -14.567288      0.535000 
    45.825127    -24.457000    -14.514808      0.534000 
    45.825139    -24.436613    -14.462326      0.535000 
    45.825150    -24.416239    -14.409842      0.536000 
    45.825162    -24.395872    -14.357353      0.536000 
    45.825185    -24.375519    -14.304863      0.536000 
    45.825197    -24.355179    -14.252369      0.536000 
    45.825208    -24.334848    -14.199873      0.535000 
    45.825220    -24.314528    -14.147373      0.534000 
    45.825231    -24.294220    -14.094871      0.533000 
    45.825243    -24.273926    -14.042366      0.534000 
    45.825255    -24.253640    -13.989859      0.537000 
    45.825266    -24.233364    -13.937348      0.540000 
    45.825278    -24.213102    -13.884835      0.544000 
    45.825289    -24.192852    -13.832319      0.549000 
    45.825301    -24.172611    -13.779800      0.551000 
    45.825313    -24.152380    -13.727279      0.553000 
    45.825324    -24.132162    -13.674754      0.552000 
    45.825347    -24.111956    -13.622227      0.550000 
    45.825359    -24.091759    -13.569697      0.546000 
    45.825370    -24.071571    -13.517165      0.543000 
    45.825382    -24.051397    -13.464630      0.540000 
    45.825394    -24.031230    -13.412092      0.540000 
    45.825405    -24.011078    -13.359552      0.539000 
    45.825417    -23.990934    -13.307009      0.540000 
    45.825428    -23.970800    -13.254463      0.541000 
    45.825440    -23.950682    -13.201915      0.540000 
    45.825451    -23.930569    -13.149364      0.539000 
    45.825463    -23.910467    -13.096811      0.535000 
    45.825475    -23.890377    -13.044255      0.531000 
    47.354201    -26.989960    -13.394709      0.580000 
    47.354225    -26.969795    -13.447251      0.581000 
    47.354236    -26.949621    -13.499791      0.582000 
    47.354248    -26.929436    -13.552328      0.583000 
    47.354259    -26.909239    -13.604861      0.585000 
    47.354271    -26.889030    -13.657392      0.586000 
    47.354282    -26.868810    -13.709921      0.587000 
    47.354294    -26.848581    -13.762447      0.588000 
    47.354306    -26.828342    -13.814970      0.587000 
    47.354317    -26.808090    -13.867491      0.586000 
    47.354329    -26.787827    -13.920008      0.583000 
    47.354340    -26.767555    -13.972523      0.579000 
    47.354352    -26.747270    -14.025035      0.575000 
    47.354363    -26.726974    -14.077545      0.571000 
    47.354387    -26.706667    -14.130051      0.569000 
    47.354398    -26.686348    -14.182555      0.567000 
    47.354410    -26.666020    -14.235056      0.568000 
    47.354421    -26.645678    -14.287553      0.568000 
    47.354433    -26.625324    -14.340049      0.570000 
    47.354444    -26.604961    -14.392541      0.572000 
    47.354456    -26.584583    -14.445031      0.575000 
    47.354468    -26.564198    -14.497517      0.576000 
    47.354479    -26.543798    -14.550000      0.579000 
    47.354491    -26.523388    -14.602481      0.580000 
    47.354502    -26.502962    -14.654959      0.583000 
    47.354514    -26.482529    -14.707434      0.584000 
    47.354537    -26.462082    -14.759906      0.586000 
    47.354549    -26.441622    -14.812375      0.588000 
    47.354560    -26.421152    -14.864840      0.589000 
    47.354572    -26.400670    -14.917303      0.590000 
    47.354583    -26.380175    -14.969763      0.590000 
    47.354595    -26.359669    -15.022221      0.589000 
    47.354606    -26.339150    -15.074675      0.588000 
    47.354618    -26.318619    -15.127125      0.588000 
    47.354630    -26.298075    -15.179573      0.587000 
    47.354641    -26.277520    -15.232018      0.586000 
    47.354653    -26.256950    -15.284459      0.586000 
    47.354664    -26.236370    -15.336898      0.587000 
    47.354676    -26.215778    -15.389334      0.587000 
    47.354699    -26.195173    -15.441766      0.588000 
    47.354711    -26.174555    -15.494196      0.589000 
    47.354722    -26.153925    -15.546622      0.589000 
    47.354734    -26.133282    -15.599045      0.591000 
    47.354745    -26.112623    -15.651464      0.592000 
    47.354757    -26.091955    -15.703881      0.593000 
    47.354769    -26.071274    -15.756294      0.595000 
    47.354780    -26.050580    -15.808705      0.598000 
    47.354792    -26.029873    -15.861111      0.600000 
    47.354803    -26.009151    -15.913515      0.603000 
    47.354815    -25.988419    -15.965916      0.606000 
    47.354826    -25.967670    -16.018312      0.608000 
    47.354838    -25.946913    -16.070707      0.610000 
    47.354861    -25.926140    -16.123098      0.611000 
    47.354873    -25.905354    -16.175486      0.612000 
    47.354884    -25.884556    -16.227870      0.613000 
    47.354896    -25.863743    -16.280252      0.613000 
    47.354907    -25.842916    -16.332628      0.614000 
    47.354919    -25.822077    -16.385002      0.612000 
    47.354931    -25.801224    -16.437374      0.611000 
    47.354942    -25.780357    -16.489742      0.610000 
    47.354954    -25.759478    -16.542107      0.607000 
    47.354965    -25.738585    -16.594465      0.606000 
    47.354977    -25.717676    -16.646824      0.606000 
    47.354988    -25.696754    -16.699179      0.605000 
    47.355012    -25.675817    -16.751528      0.607000 
    47.355023    -25.654870    -16.803877      0.610000 
    47.355035    -25.633907    -16.856220      0.616000 
    47.355046    -25.612930    -16.908560      0.622000 
    47.355058    -25.591940    -16.960897      0.628000 
    50.321007    -24.293283    -13.034252      0.543000 
    50.321019    -24.273191    -13.086812      0.540000 
    50.321030    -24.253088    -13.139369      0.538000 
    50.321042    -24.232977    -13.191925      0.538000 
    50.321053    -24.212852    -13.244477      0.536000 
    50.321065    -24.192719    -13.297027      0.535000 
    50.321076    -24.172573    -13.349574      0.534000 
    50.321088    -24.152420    -13.402119      0.532000 
    50.321100    -24.132254    -13.454661      0.530000 
    50.321123    -24.112078    -13.507201      0.529000 
    50.321134    -24.091890    -13.559738      0.527000 
    50.321146    -24.071692    -13.612271      0.525000 
    50.321157    -24.051483    -13.664802      0.525000 
    50.321169    -24.031263    -13.717331      0.524000 
    50.321181    -24.011032    -13.769857      0.524000 
    50.321192    -23.990790    -13.822380      0.525000 
    50.321204    -23.970537    -13.874900      0.524000 
    50.321215    -23.950274    -13.927418      0.522000 
    50.321227    -23.929998    -13.979932      0.520000 
    50.321238    -23.909712    -14.032444      0.516000 
    50.321250    -23.889414    -14.084954      0.511000 
    50.321273    -23.869104    -14.137460      0.508000 
    50.321285    -23.848785    -14.189964      0.504000 
    50.321296    -23.828453    -14.242465      0.503000 
    50.321308    -23.808111    -14.294962      0.503000 
    50.321319    -23.787758    -14.347457      0.507000 
    50.321331    -23.767391    -14.399949      0.512000 
    50.321343    -23.747013    -14.452439      0.520000 
    50.321354    -23.726625    -14.504925      0.527000 
    50.321366    -23.706224    -14.557409      0.536000 
    50.321377    -23.685810    -14.609890      0.542000 
    50.321389    -23.665386    -14.662367      0.548000 
    50.321400    -23.644947    -14.714842      0.551000 
    50.321412    -23.624500    -14.767313      0.553000 
    50.321435    -23.604040    -14.819782      0.552000 
    50.321447    -23.583569    -14.872248      0.551000 
    50.321458    -23.563084    -14.924711      0.550000 
    50.321470    -23.542587    -14.977171      0.548000 
    50.321481    -23.522080    -15.029627      0.547000 
    50.321493    -23.501558    -15.082081      0.546000 
    50.321505    -23.481026    -15.134532      0.545000 
    50.321516    -23.460482    -15.186979      0.545000 
    50.321528    -23.439924    -15.239424      0.547000 
    50.321539    -23.419353    -15.291866      0.549000 
    50.321551    -23.398771    -15.344304      0.551000 
    50.321562    -23.378176    -15.396740      0.552000 
    50.321574    -23.357570    -15.449172      0.555000 
    50.321597    -23.336950    -15.501601      0.557000 
    50.321609    -23.316319    -15.554027      0.558000 
    50.321620    -23.295673    -15.606450      0.560000 
    50.321632    -23.275015    -15.658869      0.561000 
    50.321644    -23.254345    -15.711286      0.562000 
    50.321655    -23.233662    -15.763699      0.565000 
    50.321667    -23.212963    -15.816110      0.567000 
    50.321678    -23.192253    -15.868516      0.571000 
    50.321690    -23.171534    -15.920920      0.576000 
    50.321701    -23.150799    -15.973321      0.580000 
    50.321713    -23.130050    -16.025717      0.585000 
    50.321725    -23.109287    -16.078112      0.588000 
    50.321736    -23.088514    -16.130503      0.591000 
    50.321759    -23.067724    -16.182890      0.592000 
    50.321771    -23.046925    -16.235273      0.594000 
    50.321782    -23.026112    -16.287655      0.593000 
    50.321794    -23.005283    -16.340033      0.593000 
    52.774074    -26.987595    -13.730301      0.589000 
    52.774086    -26.967377    -13.677776      0.581000 
    52.774097    -26.947170    -13.625249      0.574000 
    52.774109    -26.926973    -13.572718      0.566000 
    52.774120    -26.906788    -13.520186      0.560000 
    52.774132    -26.886614    -13.467650      0.554000 
    52.774144    -26.866450    -13.415112      0.551000 
    52.774155    -26.846296    -13.362571      0.551000 
    52.774167    -26.826155    -13.310028      0.551000 
    52.774178    -26.806023    -13.257482      0.554000 
    52.774201    -26.785900    -13.204933      0.556000 
    52.774213    -26.765790    -13.152382      0.558000 
    52.774225    -26.745690    -13.099828      0.558000 
    52.774236    -26.725600    -13.047272      0.558000 
    55.740185    -25.429295    -16.977978      0.625000 
    55.740197    -25.408302    -16.925646      0.633000 
    55.740208    -25.387325    -16.873310      0.638000 
    55.740220    -25.366362    -16.820970      0.638000 
    55.740231    -25.345411    -16.768630      0.637000 
    55.740243    -25.324474    -16.716282      0.633000 
    55.740255    -25.303553    -16.663933      0.630000 
    55.740266    -25.282644    -16.611580      0.626000 
    55.740278    -25.261750    -16.559223      0.624000 
    55.740301    -25.240868    -16.506865      0.621000 
    55.740313    -25.220001    -16.454500      0.619000 
    55.740324    -25.199146    -16.402134      0.617000 
    55.740336    -25.178307    -16.349764      0.613000 
    55.740347    -25.157480    -16.297392      0.608000 
    55.740359    -25.136665    -16.245014      0.602000 
    55.740370    -25.115868    -16.192635      0.595000 
    55.740382    -25.095080    -16.140251      0.588000 
    55.740394    -25.074306    -16.087866      0.583000 
    55.740405    -25.053547    -16.035477      0.579000 
    55.740417    -25.032799    -15.983083      0.580000 
    55.740428    -25.012064    -15.930686      0.583000 
    55.740440    -24.991343    -15.878288      0.589000 
    55.740463    -24.970634    -15.825885      0.596000 
    55.740475    -24.949940    -15.773479      0.602000 
    55.740486    -24.929256    -15.721070      0.607000 
    55.740498    -24.908587    -15.668658      0.609000 
    55.740509    -24.887932    -15.616242      0.606000 
    55.740521    -24.867287    -15.563824      0.601000 
    55.740532    -24.846655    -15.511402      0.593000 
    55.740544    -24.826035    -15.458978      0.583000 
    55.740556    -24.805430    -15.406550      0.573000 
    55.740567    -24.784836    -15.354119      0.563000 
    55.740579    -24.764254    -15.301685      0.557000 
    55.740590    -24.743687    -15.249247      0.552000 
    55.740602    -24.723131    -15.196807      0.549000 
    55.740625    -24.702585    -15.144364      0.550000 
    55.740637    -24.682055    -15.091917      0.551000 
    55.740648    -24.661535    -15.039467      0.554000 
    55.740660    -24.641027    -14.987015      0.555000 
    55.740671    -24.620533    -14.934559      0.555000 
    55.740683    -24.600050    -14.882101      0.556000 
    55.740694    -24.579578    -14.829640      0.555000 
    55.740706    -24.559120    -14.777176      0.553000 
    55.740718    -24.538671    -14.724708      0.552000 
    55.740729    -24.518236    -14.672237      0.552000 
    55.740741    -24.497812    -14.619764      0.551000 
    55.740752    -24.477402    -14.567288      0.551000 
    55.740764    -24.457000    -14.514808      0.550000 
    55.740787    -24.436613    -14.462326      0.548000 
    55.740799    -24.416239    -14.409842      0.545000 
    55.740810    -24.395872    -14.357353      0.541000 
    55.740833    -24.355179    -14.252369      0.532000 
    55.740845    -24.334848    -14.199873      0.527000 
    55.740856    -24.314528    -14.147373      0.522000 
    55.740868    -24.294220    -14.094871      0.519000 
    55.740880    -24.273926    -14.042366      0.518000 
    55.740891    -24.253640    -13.989859      0.519000 
    55.740903    -24.233364    -13.937348      0.521000 
    55.740914    -24.213102    -13.884835      0.524000 
    55.740926    -24.192852    -13.832319      0.528000 
    55.740949    -24.172611    -13.779800      0.531000 
    55.740961    -24.152380    -13.727279      0.534000 
    55.740972    -24.132162    -13.674754      0.535000 
    55.740984    -24.111956    -13.622227      0.537000 
    55.740995    -24.091759    -13.569697      0.536000 
    55.741007    -24.071571    -13.517165      0.535000 
    55.741019    -24.051397    -13.464630      0.531000 
    55.741030    -24.031230    -13.412092      0.529000 
    55.741042    -24.011078    -13.359552      0.525000 
    55.741053    -23.990934    -13.307009      0.522000 
    55.741065    -23.970800    -13.254463      0.519000 
    55.741076    -23.950682    -13.201915      0.517000 
    55.741088    -23.930569    -13.149364      0.518000 
    55.741111    -23.910467    -13.096811      0.518000 
    55.741123    -23.890377    -13.044255      0.520000 
    57.269850    -26.989960    -13.394709      0.555000 
    57.269861    -26.969795    -13.447251      0.555000 
    57.269884    -26.929436    -13.552328      0.556000 
    57.269896    -26.909239    -13.604861      0.558000 
    57.269907    -26.889030    -13.657392      0.560000 
    57.269919    -26.868810    -13.709921      0.562000 
    57.269931    -26.848581    -13.762447      0.563000 
    57.269942    -26.828342    -13.814970      0.565000 
    57.269954    -26.808090    -13.867491      0.567000 
    57.269965    -26.787827    -13.920008      0.568000 
    57.269988    -26.767555    -13.972523      0.570000 
    57.270000    -26.747270    -14.025035      0.571000 
    57.270012    -26.726974    -14.077545      0.572000 
    57.270023    -26.706667    -14.130051      0.575000 
    57.270035    -26.686348    -14.182555      0.577000 
    57.270046    -26.666020    -14.235056      0.580000 
    57.270058    -26.645678    -14.287553      0.582000 
    57.270069    -26.625324    -14.340049      0.585000 
    57.270081    -26.604961    -14.392541      0.587000 
    57.270093    -26.584583    -14.445031      0.590000 
    57.270104    -26.564198    -14.497517      0.591000 
    57.270116    -26.543798    -14.550000      0.592000 
    57.270127    -26.523388    -14.602481      0.592000 
    57.270150    -26.502962    -14.654959      0.592000 
    57.270162    -26.482529    -14.707434      0.591000 
    57.270174    -26.462082    -14.759906      0.588000 
    57.270185    -26.441622    -14.812375      0.586000 
    57.270197    -26.421152    -14.864840      0.584000 
    57.270208    -26.400670    -14.917303      0.581000 
    57.270220    -26.380175    -14.969763      0.579000 
    57.270231    -26.359669    -15.022221      0.578000 
    57.270243    -26.339150    -15.074675      0.578000 
    57.270255    -26.318619    -15.127125      0.580000 
    57.270266    -26.298075    -15.179573      0.583000 
    57.270278    -26.277520    -15.232018      0.587000 
    57.270289    -26.256950    -15.284459      0.592000 
    57.270312    -26.236370    -15.336898      0.597000 
    57.270324    -26.215778    -15.389334      0.601000 
    57.270336    -26.195173    -15.441766      0.604000 
    57.270347    -26.174555    -15.494196      0.606000 
    57.270359    -26.153925    -15.546622      0.606000 
    57.270370    -26.133282    -15.599045      0.606000 
    57.270382    -26.112623    -15.651464      0.603000 
    57.270394    -26.091955    -15.703881      0.600000 
    57.270405    -26.071274    -15.756294      0.598000 
    57.270417    -26.050580    -15.808705      0.596000 
    57.270428    -26.029873    -15.861111      0.595000 
    57.270440    -26.009151    -15.913515      0.596000 
    57.270451    -25.988419    -15.965916      0.598000 
    57.270475    -25.967670    -16.018312      0.600000 
    57.270486    -25.946913    -16.070707      0.602000 
    57.270498    -25.926140    -16.123098      0.604000 
    57.270509    -25.905354    -16.175486      0.605000 
    57.270521    -25.884556    -16.227870      0.605000 
    57.270532    -25.863743    -16.280252      0.605000 
    57.270544    -25.842916    -16.332628      0.605000 
    57.270556    -25.822077    -16.385002      0.605000 
    57.270567    -25.801224    -16.437374      0.606000 
    57.270590    -25.759478    -16.542107      0.610000 
    57.270602    -25.738585    -16.594465      0.613000 
    57.270625    -25.717676    -16.646824      0.617000 
    57.270637    -25.696754    -16.699179      0.619000 
    57.270648    -25.675817    -16.751528      0.620000 
    57.270660    -25.654870    -16.803877      0.622000 
    57.270671    -25.633907    -16.856220      0.622000 
    57.270683    -25.612930    -16.908560      0.621000 
    57.270694    -25.591940    -16.960897      0.621000 
    60.236644    -24.293283    -13.034252      0.537000 
    60.236655    -24.273191    -13.086812      0.537000 
    60.236667    -24.253088    -13.139369      0.538000 
    60.236678    -24.232977    -13.191925      0.538000 
    60.236690    -24.212852    -13.244477      0.535000 
    60.236701    -24.192719    -13.297027      0.531000 
    60.236713    -24.172573    -13.349574      0.526000 
    60.236736    -24.152420    -13.402119      0.520000 
    60.236748    -24.132254    -13.454661      0.514000 
    60.236759    -24.112078    -13.507201      0.509000 
    60.236771    -24.091890    -13.559738      0.506000 
    60.236782    -24.071692    -13.612271      0.505000 
    60.236794    -24.051483    -13.664802      0.505000 
    60.236806    -24.031263    -13.717331      0.506000 
    60.236817    -24.011032    -13.769857      0.508000 
    60.236829    -23.990790    -13.822380      0.511000 
    60.236840    -23.970537    -13.874900      0.512000 
    60.236852    -23.950274    -13.927418      0.512000 
    60.236863    -23.929998    -13.979932      0.513000 
    60.236875    -23.909712    -14.032444      0.513000 
    60.236898    -23.889414    -14.084954      0.512000 
    60.236910    -23.869104    -14.137460      0.513000 
    60.236921    -23.848785    -14.189964      0.514000 
    60.236933    -23.828453    -14.242465      0.516000 
    60.236944    -23.808111    -14.294962      0.518000 
    60.236956    -23.787758    -14.347457      0.521000 
    60.236968    -23.767391    -14.399949      0.523000 
    60.236979    -23.747013    -14.452439      0.526000 
    60.236991    -23.726625    -14.504925      0.529000 
    60.237002    -23.706224    -14.557409      0.532000 
    60.237014    -23.685810    -14.609890      0.536000 
    60.237025    -23.665386    -14.662367      0.540000 
    60.237049    -23.644947    -14.714842      0.545000 
    60.237060    -23.624500    -14.767313      0.550000 
    60.237072    -23.604040    -14.819782      0.555000 
    60.237083    -23.583569    -14.872248      0.560000 
    60.237095    -23.563084    -14.924711      0.565000 
    60.237106    -23.542587    -14.977171      0.568000 
    60.237118    -23.522080    -15.029627      0.570000 
    60.237130    -23.501558    -15.082081      0.570000 
    60.237141    -23.481026    -15.134532      0.570000 
    60.237153    -23.460482    -15.186979      0.568000 
    60.237164    -23.439924    -15.239424      0.567000 
    60.237176    -23.419353    -15.291866      0.566000 
    60.237187    -23.398771    -15.344304      0.565000 
    60.237211    -23.378176    -15.396740      0.566000 
    60.237222    -23.357570    -15.449172      0.569000 
    60.237234    -23.336950    -15.501601      0.573000 
    60.237245    -23.316319    -15.554027      0.578000 
    60.237257    -23.295673    -15.606450      0.584000 
    60.237269    -23.275015    -15.658869      0.589000 
    60.237280    -23.254345    -15.711286      0.593000 
    60.237292    -23.233662    -15.763699      0.597000 
    60.237303    -23.212963    -15.816110      0.598000 
    60.237315    -23.192253    -15.868516      0.598000 
    60.237326    -23.171534    -15.920920      0.598000 
    60.237338    -23.150799    -15.973321      0.597000 
    60.237350    -23.130050    -16.025717      0.598000 
    60.237373    -23.109287    -16.078112      0.598000 
    60.237384    -23.088514    -16.130503      0.601000 
    60.237396    -23.067724    -16.182890      0.603000 
    60.237407    -23.046925    -16.235273      0.606000 
    60.237419    -23.026112    -16.287655      0.607000 
    60.237431    -23.005283    -16.340033      0.609000 
   211.424375    -26.987595    -13.730301      0.546000 
   211.424387    -26.967377    -13.677776      0.546000 
   211.424398    -26.947170    -13.625249      0.548000 
   211.424410    -26.926973    -13.572718      0.548000 
   211.424421    -26.906788    -13.520186      0.550000 
   211.424444    -26.886614    -13.467650      0.550000 
   211.424456    -26.866450    -13.415112      0.550000 
   211.424468    -26.846296    -13.362571      0.549000 
   211.424479    -26.826155    -13.310028      0.547000 
   211.424491    -26.806023    -13.257482      0.545000 
   211.424502    -26.785900    -13.204933      0.542000 
   211.424514    -26.765790    -13.152382      0.538000 
   211.424525    -26.745690    -13.099828      0.536000 
   211.424537    -26.725600    -13.047272      0.536000 
   214.390486    -25.429295    -16.977978      0.577000 
   214.390498    -25.408302    -16.925646      0.581000 
   214.390509    -25.387325    -16.873310      0.585000 
   214.390532    -25.366362    -16.820970      0.585000 
   214.390544    -25.345411    -16.768630      0.585000 
   214.390556    -25.324474    -16.716282      0.582000 
   214.390567    -25.303553    -16.663933      0.578000 
   214.390579    -25.282644    -16.611580      0.574000 
   214.390590    -25.261750    -16.559223      0.571000 
   214.390602    -25.240868    -16.506865      0.569000 
   214.390613    -25.220001    -16.454500      0.567000 
   214.390625    -25.199146    -16.402134      0.567000 
   214.390637    -25.178307    -16.349764      0.568000 
   214.390648    -25.157480    -16.297392      0.568000 
   214.390660    -25.136665    -16.245014      0.567000 
   214.390671    -25.115868    -16.192635      0.566000 
   214.390694    -25.095080    -16.140251      0.563000 
   214.390706    -25.074306    -16.087866      0.559000 
   214.390718    -25.053547    -16.035477      0.554000 
   214.390729    -25.032799    -15.983083      0.550000 
   214.390741    -25.012064    -15.930686      0.546000 
   214.390752    -24.991343    -15.878288      0.543000 
   214.390764    -24.970634    -15.825885      0.541000 
   214.390775    -24.949940    -15.773479      0.541000 
   214.390787    -24.929256    -15.721070      0.542000 
   214.390799    -24.908587    -15.668658      0.544000 
   214.390810    -24.887932    -15.616242      0.547000 
   214.390822    -24.867287    -15.563824      0.549000 
   214.390833    -24.846655    -15.511402      0.553000 
   214.390856    -24.826035    -15.458978      0.555000 
   214.390868    -24.805430    -15.406550      0.557000 
   214.390880    -24.784836    -15.354119      0.557000 
   214.390891    -24.764254    -15.301685      0.556000 
   214.390903    -24.743687    -15.249247      0.556000 
   214.390914    -24.723131    -15.196807      0.555000 
   214.390926    -24.702585    -15.144364      0.555000 
   214.390938    -24.682055    -15.091917      0.554000 
   214.390949    -24.661535    -15.039467      0.554000 
   214.390961    -24.641027    -14.987015      0.554000 
   214.390972    -24.620533    -14.934559      0.553000 
   214.390984    -24.600050    -14.882101      0.554000 
   214.391007    -24.579578    -14.829640      0.553000 
   214.391019    -24.559120    -14.777176      0.551000 
   214.391030    -24.538671    -14.724708      0.549000 
   214.391042    -24.518236    -14.672237      0.547000 
   214.391053    -24.497812    -14.619764      0.543000 
   214.391065    -24.477402    -14.567288      0.538000 
   214.391076    -24.457000    -14.514808      0.534000 
   214.391088    -24.436613    -14.462326      0.529000 
   214.391100    -24.416239    -14.409842      0.524000 
   214.391111    -24.395872    -14.357353      0.520000 
   214.391123    -24.375519    -14.304863      0.517000 
   214.391134    -24.355179    -14.252369      0.516000 
   214.391146    -24.334848    -14.199873      0.516000 
   214.391169    -24.314528    -14.147373      0.517000 
   214.391181    -24.294220    -14.094871      0.519000 
   214.391192    -24.273926    -14.042366      0.523000 
   214.391204    -24.253640    -13.989859      0.528000 
   214.391215    -24.233364    -13.937348      0.531000 
   214.391227    -24.213102    -13.884835      0.534000 
   214.391238    -24.192852    -13.832319      0.537000 
   214.391250    -24.172611    -13.779800      0.539000 
   214.391262    -24.152380    -13.727279      0.540000 
   214.391273    -24.132162    -13.674754      0.541000 
   214.391285    -24.111956    -13.622227      0.542000 
   214.391296    -24.091759    -13.569697      0.543000 
   214.391308    -24.071571    -13.517165      0.545000 
   214.391331    -24.051397    -13.464630      0.546000 
   214.391343    -24.031230    -13.412092      0.547000 
   214.391354    -24.011078    -13.359552      0.547000 
   214.391366    -23.990934    -13.307009      0.546000 
   214.391377    -23.970800    -13.254463      0.544000 
   214.391389    -23.950682    -13.201915      0.541000 
   214.391400    -23.930569    -13.149364      0.539000 
   214.391412    -23.910467    -13.096811      0.537000 
   214.391424    -23.890377    -13.044255      0.537000 
   215.920150    -26.989960    -13.394709      0.532000 
   215.920162    -26.969795    -13.447251      0.531000 
   215.920174    -26.949621    -13.499791      0.529000 
   215.920197    -26.929436    -13.552328      0.528000 
   215.920208    -26.909239    -13.604861      0.527000 
   215.920220    -26.889030    -13.657392      0.526000 
   215.920231    -26.868810    -13.709921      0.526000 
   215.920243    -26.848581    -13.762447      0.527000 
   215.920255    -26.828342    -13.814970      0.528000 
   215.920266    -26.808090    -13.867491      0.530000 
   215.920278    -26.787827    -13.920008      0.534000 
   215.920289    -26.767555    -13.972523      0.536000 
   215.920301    -26.747270    -14.025035      0.538000 
   215.920312    -26.726974    -14.077545      0.540000 
   215.920324    -26.706667    -14.130051      0.543000 
   215.920336    -26.686348    -14.182555      0.544000 
   215.920359    -26.666020    -14.235056      0.545000 
   215.920370    -26.645678    -14.287553      0.546000 
   215.920382    -26.625324    -14.340049      0.547000 
   215.920394    -26.604961    -14.392541      0.547000 
   215.920405    -26.584583    -14.445031      0.549000 
   215.920417    -26.564198    -14.497517      0.549000 
   215.920428    -26.543798    -14.550000      0.550000 
   215.920440    -26.523388    -14.602481      0.549000 
   215.920451    -26.502962    -14.654959      0.549000 
   215.920463    -26.482529    -14.707434      0.548000 
   215.920475    -26.462082    -14.759906      0.546000 
   215.920486    -26.441622    -14.812375      0.545000 
   215.920498    -26.421152    -14.864840      0.544000 
   215.920521    -26.400670    -14.917303      0.543000 
   215.920532    -26.380175    -14.969763      0.543000 
   215.920544    -26.359669    -15.022221      0.543000 
   215.920556    -26.339150    -15.074675      0.544000 
   215.920567    -26.318619    -15.127125      0.545000 
   215.920579    -26.298075    -15.179573      0.546000 
   215.920590    -26.277520    -15.232018      0.547000 
   215.920602    -26.256950    -15.284459      0.547000 
   215.920613    -26.236370    -15.336898      0.547000 
   215.920625    -26.215778    -15.389334      0.546000 
   215.920637    -26.195173    -15.441766      0.545000 
   215.920648    -26.174555    -15.494196      0.544000 
   215.920660    -26.153925    -15.546622      0.544000 
   215.920683    -26.133282    -15.599045      0.546000 
   215.920694    -26.112623    -15.651464      0.548000 
   215.920706    -26.091955    -15.703881      0.550000 
   215.920718    -26.071274    -15.756294      0.554000 
   215.920729    -26.050580    -15.808705      0.558000 
   215.920741    -26.029873    -15.861111      0.560000 
   215.920752    -26.009151    -15.913515      0.563000 
   215.920764    -25.988419    -15.965916      0.565000 
   215.920775    -25.967670    -16.018312      0.565000 
   215.920787    -25.946913    -16.070707      0.565000 
   215.920799    -25.926140    -16.123098      0.564000 
   215.920810    -25.905354    -16.175486      0.564000 
   215.920822    -25.884556    -16.227870      0.564000 
   215.920845    -25.863743    -16.280252      0.566000 
   215.920856    -25.842916    -16.332628      0.567000 
   215.920868    -25.822077    -16.385002      0.571000 
   215.920880    -25.801224    -16.437374      0.575000 
   215.920891    -25.780357    -16.489742      0.579000 
   215.920903    -25.759478    -16.542107      0.581000 
   215.920914    -25.738585    -16.594465      0.585000 
   215.920926    -25.717676    -16.646824      0.587000 
   215.920937    -25.696754    -16.699179      0.588000 
   215.920949    -25.675817    -16.751528      0.588000 
   215.920961    -25.654870    -16.803877      0.587000 
   215.920972    -25.633907    -16.856220      0.587000 
   215.920984    -25.612930    -16.908560      0.585000 
   215.921007    -25.591940    -16.960897      0.582000 
   218.886956    -24.293283    -13.034252      0.552000 
   218.886968    -24.273191    -13.086812      0.558000 
   218.886979    -24.253088    -13.139369      0.563000 
   218.886991    -24.232977    -13.191925      0.566000 
   218.887002    -24.212852    -13.244477      0.565000 
   218.887014    -24.192719    -13.297027      0.562000 
   218.887025    -24.172573    -13.349574      0.555000 
   218.887037    -24.152420    -13.402119      0.547000 
   218.887049    -24.132254    -13.454661      0.538000 
   218.887072    -24.112078    -13.507201      0.529000 
   218.887083    -24.091890    -13.559738      0.523000 
   218.887095    -24.071692    -13.612271      0.519000 
   218.887106    -24.051483    -13.664802      0.518000 
   218.887118    -24.031263    -13.717331      0.519000 
   218.887130    -24.011032    -13.769857      0.522000 
   218.887141    -23.990790    -13.822380      0.526000 
   218.887153    -23.970537    -13.874900      0.529000 
   218.887164    -23.950274    -13.927418      0.531000 
   218.887176    -23.929998    -13.979932      0.530000 
   218.887188    -23.909712    -14.032444      0.529000 
   218.887199    -23.889414    -14.084954      0.525000 
   218.887211    -23.869104    -14.137460      0.522000 
   218.887234    -23.848785    -14.189964      0.518000 
   218.887245    -23.828453    -14.242465      0.516000 
   218.887257    -23.808111    -14.294962      0.514000 
   218.887269    -23.787758    -14.347457      0.515000 
   218.887280    -23.767391    -14.399949      0.515000 
   218.887292    -23.747013    -14.452439      0.517000 
   218.887303    -23.726625    -14.504925      0.517000 
   218.887315    -23.706224    -14.557409      0.517000 
   218.887326    -23.685810    -14.609890      0.515000 
   218.887338    -23.665386    -14.662367      0.512000 
   218.887350    -23.644947    -14.714842      0.507000 
   218.887361    -23.624500    -14.767313      0.502000 
   218.887373    -23.604040    -14.819782      0.498000 
   218.887396    -23.583569    -14.872248      0.495000 
   218.887407    -23.563084    -14.924711      0.496000 
   218.887419    -23.542587    -14.977171      0.497000 
   218.887431    -23.522080    -15.029627      0.500000 
   218.887442    -23.501558    -15.082081      0.504000 
   218.887454    -23.481026    -15.134532      0.509000 
   218.887465    -23.460482    -15.186979      0.513000 
   218.887477    -23.439924    -15.239424      0.517000 
   218.887488    -23.419353    -15.291866      0.519000 
   218.887500    -23.398771    -15.344304      0.519000 
   218.887512    -23.378176    -15.396740      0.520000 
   218.887523    -23.357570    -15.449172      0.521000 
   218.887535    -23.336950    -15.501601      0.521000 
   218.887558    -23.316319    -15.554027      0.522000 
   218.887569    -23.295673    -15.606450      0.524000 
   218.887581    -23.275015    -15.658869      0.527000 
   218.887593    -23.254345    -15.711286      0.530000 
   218.887604    -23.233662    -15.763699      0.533000 
   218.887616    -23.212963    -15.816110      0.534000 
   218.887627    -23.192253    -15.868516      0.535000 
   218.887639    -23.171534    -15.920920      0.536000 
   218.887650    -23.150799    -15.973321      0.535000 
   218.887662    -23.130050    -16.025717      0.535000 
   218.887674    -23.109287    -16.078112      0.534000 
   218.887685    -23.088514    -16.130503      0.535000 
   218.887708    -23.067724    -16.182890      0.536000 
   218.887720    -23.046925    -16.235273      0.538000 
   218.887731    -23.026112    -16.287655      0.539000 
   218.887743    -23.005283    -16.340033      0.542000 
   221.340023    -26.987595    -13.730301      0.547000 
   221.340035    -26.967377    -13.677776      0.550000 
   221.340046    -26.947170    -13.625249      0.554000 
   221.340058    -26.926973    -13.572718      0.557000 
   221.340069    -26.906788    -13.520186      0.559000 
   221.340081    -26.886614    -13.467650      0.557000 
   221.340093    -26.866450    -13.415112      0.553000 
   221.340104    -26.846296    -13.362571      0.548000 
   221.340116    -26.826155    -13.310028      0.541000 
   221.340139    -26.806023    -13.257482      0.534000 
   221.340150    -26.785900    -13.204933      0.526000 
   221.340162    -26.765790    -13.152382      0.520000 
   221.340174    -26.745690    -13.099828      0.516000 
   221.340185    -26.725600    -13.047272      0.517000 
   224.306134    -25.429295    -16.977978      0.556000 
   224.306146    -25.408302    -16.925646      0.558000 
   224.306157    -25.387325    -16.873310      0.561000 
   224.306169    -25.366362    -16.820970      0.562000 
   224.306181    -25.345411    -16.768630      0.564000 
   224.306192    -25.324474    -16.716282      0.565000 
   224.306204    -25.303553    -16.663933      0.565000 
   224.306215    -25.282644    -16.611580      0.565000 
   224.306238    -25.261750    -16.559223      0.564000 
   224.306250    -25.240868    -16.506865      0.564000 
   224.306262    -25.220001    -16.454500      0.563000 
   224.306273    -25.199146    -16.402134      0.562000 
   224.306285    -25.178307    -16.349764      0.562000 
   224.306296    -25.157480    -16.297392      0.561000 
   224.306308    -25.136665    -16.245014      0.560000 
   224.306319    -25.115868    -16.192635      0.558000 
   224.306331    -25.095080    -16.140251      0.556000 
   224.306343    -25.074306    -16.087866      0.553000 
   224.306354    -25.053547    -16.035477      0.549000 
   224.306366    -25.032799    -15.983083      0.545000 
   224.306377    -25.012064    -15.930686      0.542000 
   224.306400    -24.991343    -15.878288      0.539000 
   224.306412    -24.970634    -15.825885      0.537000 
   224.306424    -24.949940    -15.773479      0.535000 
   224.306435    -24.929256    -15.721070      0.533000 
   224.306447    -24.908587    -15.668658      0.531000 
   224.306458    -24.887932    -15.616242      0.530000 
   224.306470    -24.867287    -15.563824      0.529000 
   224.306481    -24.846655    -15.511402      0.529000 
   224.306493    -24.826035    -15.458978      0.528000 
   224.306505    -24.805430    -15.406550      0.529000 
   224.306516    -24.784836    -15.354119      0.530000 
   224.306528    -24.764254    -15.301685      0.532000 
   224.306539    -24.743687    -15.249247      0.534000 
   224.306562    -24.723131    -15.196807      0.535000 
   224.306574    -24.702585    -15.144364      0.538000 
   224.306586    -24.682055    -15.091917      0.538000 
   224.306597    -24.661535    -15.039467      0.539000 
   224.306609    -24.641027    -14.987015      0.538000 
   224.306620    -24.620533    -14.934559      0.537000 
   224.306632    -24.600050    -14.882101      0.535000 
   224.306644    -24.579578    -14.829640      0.533000 
   224.306655    -24.559120    -14.777176      0.531000 
   224.306667    -24.538671    -14.724708      0.529000 
   224.306678    -24.518236    -14.672237      0.529000 
   224.306690    -24.497812    -14.619764      0.528000 
   224.306713    -24.477402    -14.567288      0.527000 
   224.306725    -24.457000    -14.514808      0.527000 
   224.306736    -24.436613    -14.462326      0.526000 
   224.306748    -24.416239    -14.409842      0.524000 
   224.306759    -24.395872    -14.357353      0.522000 
   224.306771    -24.375519    -14.304863      0.520000 
   224.306782    -24.355179    -14.252369      0.519000 
   224.306794    -24.334848    -14.199873      0.517000 
   224.306806    -24.314528    -14.147373      0.516000 
   224.306817    -24.294220    -14.094871      0.516000 
   224.306829    -24.273926    -14.042366      0.517000 
   224.306840    -24.253640    -13.989859      0.520000 
   224.306852    -24.233364    -13.937348      0.522000 
   224.306875    -24.213102    -13.884835      0.524000 
   224.306887    -24.192852    -13.832319      0.527000 
   224.306898    -24.172611    -13.779800      0.528000 
   224.306910    -24.152380    -13.727279      0.529000 
   224.306921    -24.132162    -13.674754      0.528000 
   224.306933    -24.111956    -13.622227      0.528000 
   224.306944    -24.091759    -13.569697      0.527000 
   224.306956    -24.071571    -13.517165      0.526000 
   224.306968    -24.051397    -13.464630      0.523000 
   224.306979    -24.031230    -13.412092      0.522000 
   224.306991    -24.011078    -13.359552      0.519000 
   224.307002    -23.990934    -13.307009      0.518000 
   224.307014    -23.970800    -13.254463      0.516000 
   224.307037    -23.950682    -13.201915      0.515000 
   224.307049    -23.930569    -13.149364      0.516000 
   224.307060    -23.910467    -13.096811      0.517000 
   224.307072    -23.890377    -13.044255      0.519000 
   225.835799    -26.989960    -13.394709      0.539000 
   225.835810    -26.969795    -13.447251      0.539000 
   225.835822    -26.949621    -13.499791      0.538000 
   225.835833    -26.929436    -13.552328      0.539000 
   225.835845    -26.909239    -13.604861      0.540000 
   225.835856    -26.889030    -13.657392      0.543000 
   225.835868    -26.868810    -13.709921      0.545000 
   225.835880    -26.848581    -13.762447      0.548000 
   225.835891    -26.828342    -13.814970      0.549000 
   225.835914    -26.808090    -13.867491      0.550000 
   225.835926    -26.787827    -13.920008      0.549000 
   225.835938    -26.767555    -13.972523      0.546000 
   225.835949    -26.747270    -14.025035      0.542000 
   225.835961    -26.726974    -14.077545      0.538000 
   225.835972    -26.706667    -14.130051      0.536000 
   225.835984    -26.686348    -14.182555      0.534000 
   225.835995    -26.666020    -14.235056      0.535000 
   225.836007    -26.645678    -14.287553      0.535000 
   225.836019    -26.625324    -14.340049      0.538000 
   225.836030    -26.604961    -14.392541      0.540000 
   225.836042    -26.584583    -14.445031      0.543000 
   225.836053    -26.564198    -14.497517      0.543000 
   225.836076    -26.543798    -14.550000      0.544000 
   225.836088    -26.523388    -14.602481      0.541000 
   225.836100    -26.502962    -14.654959      0.539000 
   225.836111    -26.482529    -14.707434      0.536000 
   225.836123    -26.462082    -14.759906      0.533000 
   225.836134    -26.441622    -14.812375      0.531000 
   225.836146    -26.421152    -14.864840      0.530000 
   225.836157    -26.400670    -14.917303      0.529000 
   225.836169    -26.380175    -14.969763      0.530000 
   225.836181    -26.359669    -15.022221      0.531000 
   225.836192    -26.339150    -15.074675      0.532000 
   225.836204    -26.318619    -15.127125      0.532000 
   225.836227    -26.298075    -15.179573      0.532000 
   225.836238    -26.277520    -15.232018      0.530000 
   225.836250    -26.256950    -15.284459      0.529000 
   225.836262    -26.236370    -15.336898      0.528000 
   225.836273    -26.215778    -15.389334      0.528000 
   225.836285    -26.195173    -15.441766      0.530000 
   225.836296    -26.174555    -15.494196      0.533000 
   225.836308    -26.153925    -15.546622      0.538000 
   225.836319    -26.133282    -15.599045      0.545000 
   225.836331    -26.112623    -15.651464      0.550000 
   225.836343    -26.091955    -15.703881      0.554000 
   225.836354    -26.071274    -15.756294      0.557000 
   225.836366    -26.050580    -15.808705      0.558000 
   225.836389    -26.029873    -15.861111      0.556000 
   225.836400    -26.009151    -15.913515      0.554000 
   225.836412    -25.988419    -15.965916      0.551000 
   225.836424    -25.967670    -16.018312      0.548000 
   225.836435    -25.946913    -16.070707      0.547000 
   225.836447    -25.926140    -16.123098      0.547000 
   225.836458    -25.905354    -16.175486      0.549000 
   225.836470    -25.884556    -16.227870      0.551000 
   225.836481    -25.863743    -16.280252      0.554000 
   225.836493    -25.842916    -16.332628      0.556000 
   225.836505    -25.822077    -16.385002      0.556000 
   225.836516    -25.801224    -16.437374      0.556000 
   225.836528    -25.780357    -16.489742      0.555000 
   225.836551    -25.759478    -16.542107      0.553000 
   225.836562    -25.738585    -16.594465      0.552000 
   225.836574    -25.717676    -16.646824      0.552000 
   225.836586    -25.696754    -16.699179      0.552000 
   225.836597    -25.675817    -16.751528      0.553000 
   225.836609    -25.654870    -16.803877      0.555000 
   225.836620    -25.633907    -16.856220      0.559000 
   225.836632    -25.612930    -16.908560      0.561000 
   225.836644    -25.591940    -16.960897      0.563000 
   228.802593    -24.293283    -13.034252      0.515000 
   228.802604    -24.273191    -13.086812      0.518000 
   228.802616    -24.253088    -13.139369      0.522000 
   228.802639    -24.232977    -13.191925      0.526000 
   228.802650    -24.212852    -13.244477      0.529000 
   228.802662    -24.192719    -13.297027      0.530000 
   228.802674    -24.172573    -13.349574      0.531000 
   228.802685    -24.152420    -13.402119      0.530000 
   228.802697    -24.132254    -13.454661      0.530000 
   228.802708    -24.112078    -13.507201      0.529000 
   228.802720    -24.091890    -13.559738      0.528000 
   228.802731    -24.071692    -13.612271      0.526000 
   228.802743    -24.051483    -13.664802      0.525000 
   228.802755    -24.031263    -13.717331      0.523000 
   228.802766    -24.011032    -13.769857      0.520000 
   228.802789    -23.990790    -13.822380      0.518000 
   228.802801    -23.970537    -13.874900      0.515000 
   228.802813    -23.950274    -13.927418      0.511000 
   228.802824    -23.929998    -13.979932      0.509000 
   228.802836    -23.909712    -14.032444      0.506000 
   228.802847    -23.889414    -14.084954      0.503000 
   228.802859    -23.869104    -14.137460      0.503000 
   228.802870    -23.848785    -14.189964      0.502000 
   228.802882    -23.828453    -14.242465      0.503000 
   228.802894    -23.808111    -14.294962      0.503000 
   228.802905    -23.787758    -14.347457      0.505000 
   228.802917    -23.767391    -14.399949      0.506000 
   228.802928    -23.747013    -14.452439      0.508000 
   228.802951    -23.726625    -14.504925      0.509000 
   228.802963    -23.706224    -14.557409      0.511000 
   228.802975    -23.685810    -14.609890      0.512000 
   228.802986    -23.665386    -14.662367      0.514000 
   228.802998    -23.644947    -14.714842      0.514000 
   228.803009    -23.624500    -14.767313      0.512000 
   228.803021    -23.604040    -14.819782      0.509000 
   228.803032    -23.583569    -14.872248      0.504000 
   228.803044    -23.563084    -14.924711      0.499000 
   228.803056    -23.542587    -14.977171      0.493000 
   228.803067    -23.522080    -15.029627      0.487000 
   228.803079    -23.501558    -15.082081      0.482000 
   228.803102    -23.481026    -15.134532      0.479000 
   228.803113    -23.460482    -15.186979      0.479000 
   228.803125    -23.439924    -15.239424      0.484000 
   228.803137    -23.419353    -15.291866      0.491000 
   228.803148    -23.398771    -15.344304      0.500000 
   228.803171    -23.357570    -15.449172      0.520000 
   228.803183    -23.336950    -15.501601      0.527000 
   228.803194    -23.316319    -15.554027      0.532000 
   228.803206    -23.295673    -15.606450      0.535000 
   228.803218    -23.275015    -15.658869      0.536000 
   228.803229    -23.254345    -15.711286      0.534000 
   228.803241    -23.233662    -15.763699      0.532000 
   228.803264    -23.212963    -15.816110      0.529000 
   228.803275    -23.192253    -15.868516      0.528000 
   228.803287    -23.171534    -15.920920      0.528000 
   228.803299    -23.150799    -15.973321      0.527000 
   228.803310    -23.130050    -16.025717      0.528000 
   228.803322    -23.109287    -16.078112      0.529000 
   228.803333    -23.088514    -16.130503      0.530000 
   228.803345    -23.067724    -16.182890      0.529000 
   228.803356    -23.046925    -16.235273      0.529000 
   228.803368    -23.026112    -16.287655      0.528000 
   228.803380    -23.005283    -16.340033      0.527000 
   231.255660    -26.987595    -13.730301      0.547000 
   231.255671    -26.967377    -13.677776      0.542000 
   231.255694    -26.947170    -13.625249      0.538000 
   231.255706    -26.926973    -13.572718      0.534000 
   231.255718    -26.906788    -13.520186      0.530000 
   231.255729    -26.886614    -13.467650      0.525000 
   231.255741    -26.866450    -13.415112      0.521000 
   231.255752    -26.846296    -13.362571      0.519000 
   231.255764    -26.826155    -13.310028      0.517000 
   231.255775    -26.806023    -13.257482      0.517000 
   231.255787    -26.785900    -13.204933      0.518000 
   231.255799    -26.765790    -13.152382      0.520000 
   231.255810    -26.745690    -13.099828      0.522000 
   231.255822    -26.725600    -13.047272      0.525000 
   234.221782    -25.429295    -16.977978      0.564000 
   234.221794    -25.408302    -16.925646      0.563000 
   234.221806    -25.387325    -16.873310      0.563000 
   234.221817    -25.366362    -16.820970      0.562000 
   234.221829    -25.345411    -16.768630      0.563000 
   234.221840    -25.324474    -16.716282      0.562000 
   234.221852    -25.303553    -16.663933      0.563000 
   234.221863    -25.282644    -16.611580      0.563000 
   234.221875    -25.261750    -16.559223      0.562000 
   234.221887    -25.240868    -16.506865      0.561000 
   234.221898    -25.220001    -16.454500      0.560000 
   234.221910    -25.199146    -16.402134      0.558000 
   234.221921    -25.178307    -16.349764      0.556000 
   234.221944    -25.157480    -16.297392      0.554000 
   234.221956    -25.136665    -16.245014      0.553000 
   234.221968    -25.115868    -16.192635      0.553000 
   234.221979    -25.095080    -16.140251      0.553000 
   234.221991    -25.074306    -16.087866      0.555000 
   234.222002    -25.053547    -16.035477      0.555000 
   234.222014    -25.032799    -15.983083      0.556000 
   234.222025    -25.012064    -15.930686      0.556000 
   234.222037    -24.991343    -15.878288      0.554000 
   234.222049    -24.970634    -15.825885      0.550000 
   234.222060    -24.949940    -15.773479      0.544000 
   234.222072    -24.929256    -15.721070      0.537000 
   234.222083    -24.908587    -15.668658      0.531000 
   234.222106    -24.887932    -15.616242      0.525000 
   234.222118    -24.867287    -15.563824      0.523000 
   234.222130    -24.846655    -15.511402      0.523000 
   234.222141    -24.826035    -15.458978      0.525000 
   234.222153    -24.805430    -15.406550      0.530000 
   234.222164    -24.784836    -15.354119      0.535000 
   234.222176    -24.764254    -15.301685      0.540000 
   234.222187    -24.743687    -15.249247      0.542000 
   234.222199    -24.723131    -15.196807      0.543000 
   234.222211    -24.702585    -15.144364      0.542000 
   234.222222    -24.682055    -15.091917      0.538000 
   234.222234    -24.661535    -15.039467      0.534000 
   234.222245    -24.641027    -14.987015      0.529000 
   234.222269    -24.620533    -14.934559      0.526000 
   234.222280    -24.600050    -14.882101      0.525000 
   234.222292    -24.579578    -14.829640      0.525000 
   234.222303    -24.559120    -14.777176      0.528000 
   234.222315    -24.538671    -14.724708      0.532000 
   234.222326    -24.518236    -14.672237      0.538000 
   234.222338    -24.497812    -14.619764      0.542000 
   234.222350    -24.477402    -14.567288      0.545000 
   234.222361    -24.457000    -14.514808      0.546000 
   234.222373    -24.436613    -14.462326      0.545000 
   234.222384    -24.416239    -14.409842      0.542000 
   234.222396    -24.395872    -14.357353      0.539000 
   234.222407    -24.375519    -14.304863      0.535000 
   234.222431    -24.355179    -14.252369      0.533000 
   234.222442    -24.334848    -14.199873      0.532000 
   234.222454    -24.314528    -14.147373      0.532000 
   234.222465    -24.294220    -14.094871      0.534000 
   234.222477    -24.273926    -14.042366      0.537000 
   234.222488    -24.253640    -13.989859      0.540000 
   234.222500    -24.233364    -13.937348      0.542000 
   234.222512    -24.213102    -13.884835      0.542000 
   234.222523    -24.192852    -13.832319      0.541000 
   234.222535    -24.172611    -13.779800      0.537000 
   234.222546    -24.152380    -13.727279      0.531000 
   234.222558    -24.132162    -13.674754      0.523000 
   234.222569    -24.111956    -13.622227      0.516000 
   234.222604    -24.071571    -13.517165      0.504000 
   234.222616    -24.051397    -13.464630      0.500000 
   234.222627    -24.031230    -13.412092      0.500000 
   234.222639    -24.011078    -13.359552      0.502000 
   234.222650    -23.990934    -13.307009      0.507000 
   234.222662    -23.970800    -13.254463      0.513000 
   234.222674    -23.950682    -13.201915      0.519000 
   234.222685    -23.930569    -13.149364      0.527000 
   234.222697    -23.910467    -13.096811      0.532000 
   234.222708    -23.890377    -13.044255      0.536000 
   235.751435    -26.989960    -13.394709      0.536000 
   235.751447    -26.969795    -13.447251      0.538000 
   235.751470    -26.949621    -13.499791      0.538000 
   235.751481    -26.929436    -13.552328      0.538000 
   235.751493    -26.909239    -13.604861      0.537000 
   235.751505    -26.889030    -13.657392      0.536000 
   235.751516    -26.868810    -13.709921      0.536000 
   235.751528    -26.848581    -13.762447      0.537000 
   235.751539    -26.828342    -13.814970      0.539000 
   235.751551    -26.808090    -13.867491      0.542000 
   235.751563    -26.787827    -13.920008      0.543000 
   235.751574    -26.767555    -13.972523      0.544000 
   235.751586    -26.747270    -14.025035      0.545000 
   235.751597    -26.726974    -14.077545      0.543000 
   235.751609    -26.706667    -14.130051      0.542000 
   235.751632    -26.686348    -14.182555      0.539000 
   235.751644    -26.666020    -14.235056      0.536000 
   235.751655    -26.645678    -14.287553      0.533000 
   235.751667    -26.625324    -14.340049      0.532000 
   235.751678    -26.604961    -14.392541      0.531000 
   235.751690    -26.584583    -14.445031      0.532000 
   235.751701    -26.564198    -14.497517      0.533000 
   235.751713    -26.543798    -14.550000      0.536000 
   235.751725    -26.523388    -14.602481      0.538000 
   235.751736    -26.502962    -14.654959      0.541000 
   235.751748    -26.482529    -14.707434      0.542000 
   235.751759    -26.462082    -14.759906      0.543000 
   235.751771    -26.441622    -14.812375      0.544000 
   235.751794    -26.421152    -14.864840      0.544000 
   235.751806    -26.400670    -14.917303      0.543000 
   235.751817    -26.380175    -14.969763      0.543000 
   235.751829    -26.359669    -15.022221      0.543000 
   235.751840    -26.339150    -15.074675      0.543000 
   235.751852    -26.318619    -15.127125      0.544000 
   235.751863    -26.298075    -15.179573      0.545000 
   235.751875    -26.277520    -15.232018      0.547000 
   235.751887    -26.256950    -15.284459      0.549000 
   235.751898    -26.236370    -15.336898      0.550000 
   235.751910    -26.215778    -15.389334      0.552000 
   235.751921    -26.195173    -15.441766      0.553000 
   235.751933    -26.174555    -15.494196      0.555000 
   235.751956    -26.153925    -15.546622      0.556000 
   235.751968    -26.133282    -15.599045      0.558000 
   235.751979    -26.112623    -15.651464      0.559000 
   235.751991    -26.091955    -15.703881      0.561000 
   235.752002    -26.071274    -15.756294      0.563000 
   235.752014    -26.050580    -15.808705      0.566000 
   235.752025    -26.029873    -15.861111      0.567000 
   235.752037    -26.009151    -15.913515      0.569000 
   235.752049    -25.988419    -15.965916      0.569000 
   235.752060    -25.967670    -16.018312      0.569000 
   235.752072    -25.946913    -16.070707      0.568000 
   235.752083    -25.926140    -16.123098      0.566000 
   235.752106    -25.905354    -16.175486      0.564000 
   235.752118    -25.884556    -16.227870      0.563000 
   235.752130    -25.863743    -16.280252      0.561000 
   235.752141    -25.842916    -16.332628      0.561000 
   235.752153    -25.822077    -16.385002      0.560000 
   235.752164    -25.801224    -16.437374      0.561000 
   235.752176    -25.780357    -16.489742      0.563000 
   235.752188    -25.759478    -16.542107      0.563000 
   235.752199    -25.738585    -16.594465      0.565000 
   235.752211    -25.717676    -16.646824      0.566000 
   235.752222    -25.696754    -16.699179      0.566000 
   235.752234    -25.675817    -16.751528      0.566000 
   235.752245    -25.654870    -16.803877      0.567000 
   235.752269    -25.633907    -16.856220      0.568000 
   235.752280    -25.612930    -16.908560      0.569000 
   235.752292    -25.591940    -16.960897      0.571000 
   238.718241    -24.293283    -13.034252      0.531000 
   238.718252    -24.273191    -13.086812      0.529000 
   238.718264    -24.253088    -13.139369      0.528000 
   238.718275    -24.232977    -13.191925      0.530000 
   238.718287    -24.212852    -13.244477      0.533000 
   238.718299    -24.192719    -13.297027      0.536000 
   238.718310    -24.172573    -13.349574      0.539000 
   238.718322    -24.152420    -13.402119      0.541000 
   238.718345    -24.132254    -13.454661      0.542000 
   238.718356    -24.112078    -13.507201      0.541000 
   238.718368    -24.091890    -13.559738      0.539000 
   238.718380    -24.071692    -13.612271      0.537000 
   238.718391    -24.051483    -13.664802      0.533000 
   238.718403    -24.031263    -13.717331      0.530000 
   238.718414    -24.011032    -13.769857      0.526000 
   238.718426    -23.990790    -13.822380      0.525000 
   238.718437    -23.970537    -13.874900      0.522000 
   238.718449    -23.950274    -13.927418      0.520000 
   238.718461    -23.929998    -13.979932      0.519000 
   238.718472    -23.909712    -14.032444      0.516000 
   238.718484    -23.889414    -14.084954      0.514000 
   238.718507    -23.869104    -14.137460      0.513000 
   238.718519    -23.848785    -14.189964      0.512000 
   238.718530    -23.828453    -14.242465      0.513000 
   238.718542    -23.808111    -14.294962      0.514000 
   238.718553    -23.787758    -14.347457      0.517000 
   238.718565    -23.767391    -14.399949      0.521000 
   238.718576    -23.747013    -14.452439      0.527000 
   238.718588    -23.726625    -14.504925      0.532000 
   238.718600    -23.706224    -14.557409      0.538000 
   238.718611    -23.685810    -14.609890      0.541000 
   238.718623    -23.665386    -14.662367      0.544000 
   238.718634    -23.644947    -14.714842      0.544000 
   238.718646    -23.624500    -14.767313      0.542000 
   238.718669    -23.604040    -14.819782      0.538000 
   238.718681    -23.583569    -14.872248      0.533000 
   238.718692    -23.563084    -14.924711      0.529000 
   238.718704    -23.542587    -14.977171      0.523000 
   238.718715    -23.522080    -15.029627      0.517000 
   238.718727    -23.501558    -15.082081      0.513000 
   238.718738    -23.481026    -15.134532      0.510000 
   238.718750    -23.460482    -15.186979      0.508000 
   238.718762    -23.439924    -15.239424      0.508000 
   238.718773    -23.419353    -15.291866      0.508000 
   238.718785    -23.398771    -15.344304      0.508000 
   238.718796    -23.378176    -15.396740      0.508000 
   238.718808    -23.357570    -15.449172      0.509000 
   238.718831    -23.336950    -15.501601      0.509000 
   238.718843    -23.316319    -15.554027      0.508000 
   238.718854    -23.295673    -15.606450      0.507000 
   238.718866    -23.275015    -15.658869      0.506000 
   238.718877    -23.254345    -15.711286      0.505000 
   238.718889    -23.233662    -15.763699      0.506000 
   238.718900    -23.212963    -15.816110      0.508000 
   238.718912    -23.192253    -15.868516      0.511000 
   238.718924    -23.171534    -15.920920      0.516000 
   238.718935    -23.150799    -15.973321      0.520000 
   238.718947    -23.130050    -16.025717      0.525000 
   238.718958    -23.109287    -16.078112      0.528000 
   238.718981    -23.088514    -16.130503      0.531000 
   238.718993    -23.067724    -16.182890      0.532000 
   238.719005    -23.046925    -16.235273      0.534000 
   238.719016    -23.026112    -16.287655      0.534000 
   238.719028    -23.005283    -16.340033      0.536000 
   241.171308    -26.987595    -13.730301      0.535000 
   241.171319    -26.967377    -13.677776      0.526000 
   241.171331    -26.947170    -13.625249      0.520000 
   241.171343    -26.926973    -13.572718      0.516000 
   241.171354    -26.906788    -13.520186      0.514000 
   241.171366    -26.886614    -13.467650      0.515000 
   241.171377    -26.866450    -13.415112      0.516000 
   241.171389    -26.846296    -13.362571      0.520000 
   241.171412    -26.826155    -13.310028      0.524000 
   241.171424    -26.806023    -13.257482      0.529000 
   241.171435    -26.785900    -13.204933      0.534000 
   241.171447    -26.765790    -13.152382      0.539000 
   241.171458    -26.745690    -13.099828      0.544000 
   241.171470    -26.725600    -13.047272      0.550000 
   244.137419    -25.429295    -16.977978      0.572000 
   244.137431    -25.408302    -16.925646      0.574000 
   244.137442    -25.387325    -16.873310      0.577000 
   244.137454    -25.366362    -16.820970      0.579000 
   244.137465    -25.345411    -16.768630      0.582000 
   244.137477    -25.324474    -16.716282      0.582000 
   244.137500    -25.303553    -16.663933      0.583000 
   244.137512    -25.282644    -16.611580      0.582000 
   244.137523    -25.261750    -16.559223      0.579000 
   244.137535    -25.240868    -16.506865      0.575000 
   244.137546    -25.220001    -16.454500      0.572000 
   244.137558    -25.199146    -16.402134      0.568000 
   244.137569    -25.178307    -16.349764      0.566000 
   244.137581    -25.157480    -16.297392      0.565000 
   244.137593    -25.136665    -16.245014      0.565000 
   244.137604    -25.115868    -16.192635      0.567000 
   244.137616    -25.095080    -16.140251      0.569000 
   244.137627    -25.074306    -16.087866      0.572000 
   244.137639    -25.053547    -16.035477      0.572000 
   244.137662    -25.032799    -15.983083      0.573000 
   244.137674    -25.012064    -15.930686      0.573000 
   244.137685    -24.991343    -15.878288      0.571000 
   244.137697    -24.970634    -15.825885      0.569000 
   244.137708    -24.949940    -15.773479      0.566000 
   244.137720    -24.929256    -15.721070      0.562000 
   244.137731    -24.908587    -15.668658      0.559000 
   244.137743    -24.887932    -15.616242      0.556000 
   244.137755    -24.867287    -15.563824      0.552000 
   244.137766    -24.846655    -15.511402      0.550000 
   244.137778    -24.826035    -15.458978      0.546000 
   244.137789    -24.805430    -15.406550      0.543000 
   244.137813    -24.784836    -15.354119      0.539000 
   244.137824    -24.764254    -15.301685      0.537000 
   244.137836    -24.743687    -15.249247      0.536000 
   244.137847    -24.723131    -15.196807      0.535000 
   244.137859    -24.702585    -15.144364      0.538000 
   244.137870    -24.682055    -15.091917      0.540000 
   244.137882    -24.661535    -15.039467      0.543000 
   244.137894    -24.641027    -14.987015      0.546000 
   244.137905    -24.620533    -14.934559      0.547000 
   244.137917    -24.600050    -14.882101      0.547000 
   244.137928    -24.579578    -14.829640      0.545000 
   244.137940    -24.559120    -14.777176      0.542000 
   244.137951    -24.538671    -14.724708      0.537000 
   244.137975    -24.518236    -14.672237      0.534000 
   244.137986    -24.497812    -14.619764      0.530000 
   244.137998    -24.477402    -14.567288      0.528000 
   244.138009    -24.457000    -14.514808      0.527000 
   244.138021    -24.436613    -14.462326      0.528000 
   244.138032    -24.416239    -14.409842      0.530000 
   244.138044    -24.395872    -14.357353      0.533000 
   244.138056    -24.375519    -14.304863      0.536000 
   244.138067    -24.355179    -14.252369      0.540000 
   244.138079    -24.334848    -14.199873      0.543000 
   244.138090    -24.314528    -14.147373      0.545000 
   244.138102    -24.294220    -14.094871      0.547000 
   244.138113    -24.273926    -14.042366      0.548000 
   244.138137    -24.253640    -13.989859      0.550000 
   244.138148    -24.233364    -13.937348      0.551000 
   244.138160    -24.213102    -13.884835      0.551000 
   244.138171    -24.192852    -13.832319      0.551000 
   244.138183    -24.172611    -13.779800      0.550000 
   244.138194    -24.152380    -13.727279      0.549000 
   244.138206    -24.132162    -13.674754      0.547000 
   244.138218    -24.111956    -13.622227      0.545000 
   244.138229    -24.091759    -13.569697      0.543000 
   244.138241    -24.071571    -13.517165      0.542000 
   244.138252    -24.051397    -13.464630      0.540000 
   244.138264    -24.031230    -13.412092      0.539000 
   244.138275    -24.011078    -13.359552      0.537000 
   244.138299    -23.990934    -13.307009      0.536000 
   244.138310    -23.970800    -13.254463      0.534000 
   244.138322    -23.950682    -13.201915      0.532000 
   244.138333    -23.930569    -13.149364      0.530000 
   244.138345    -23.910467    -13.096811      0.526000 
   244.138356    -23.890377    -13.044255      0.522000 
