    33.618553    -20.000060     -6.736987      0.531000 
    33.618565    -20.006040     -6.794333      0.531000 
    33.618565    -20.012020     -6.851679      0.531000 
    33.618576    -20.018002     -6.909024      0.530000 
    33.618588    -20.023981     -6.966370      0.528000 
    35.616516    -20.624348     -3.021498      0.503000 
    35.616528    -20.630306     -3.078863      0.504000 
    35.616539    -20.636265     -3.136227      0.506000 
    35.616551    -20.642221     -3.193591      0.507000 
    35.616563    -20.648178     -3.250955      0.508000 
    35.616574    -20.654137     -3.308319      0.508000 
    35.616586    -20.660095     -3.365683      0.506000 
    35.616597    -20.666054     -3.423046      0.504000 
    35.616609    -20.672012     -3.480409      0.505000 
    35.616620    -20.677973     -3.537772      0.507000 
    35.616620    -20.683931     -3.595135      0.513000 
    35.616632    -20.689890     -3.652497      0.523000 
    35.616644    -20.695850     -3.709860      0.535000 
    35.616655    -20.701810     -3.767222      0.546000 
    35.616667    -20.707771     -3.824583      0.554000 
    35.616678    -20.713730     -3.881945      0.556000 
    35.616690    -20.719692     -3.939306      0.552000 
    35.616701    -20.725653     -3.996667      0.541000 
    35.616713    -20.731615     -4.054028      0.525000 
    35.616725    -20.737576     -4.111388      0.507000 
    35.616736    -20.743538     -4.168748      0.490000 
    35.616748    -20.749500     -4.226108      0.478000 
    35.616759    -20.755463     -4.283468      0.472000 
    35.616771    -20.761427     -4.340828      0.472000 
    35.616782    -20.767390     -4.398187      0.480000 
    35.616794    -20.773352     -4.455546      0.492000 
    35.616806    -20.779316     -4.512905      0.506000 
    35.616806    -20.785280     -4.570263      0.520000 
    35.616817    -20.791245     -4.627622      0.531000 
    35.616829    -20.797209     -4.684980      0.540000 
    35.616840    -20.803173     -4.742337      0.544000 
    35.616852    -20.809140     -4.799695      0.547000 
    35.616863    -20.815105     -4.857052      0.547000 
    35.616875    -20.821072     -4.914409      0.547000 
    35.616887    -20.827038     -4.971765      0.548000 
    35.616898    -20.833002     -5.029122      0.548000 
    35.616910    -20.838970     -5.086478      0.549000 
    35.616921    -20.844938     -5.143834      0.548000 
    35.616933    -20.850904     -5.201189      0.545000 
    35.616944    -20.856873     -5.258545      0.541000 
    35.616956    -20.862843     -5.315900      0.535000 
    35.616968    -20.868810     -5.373255      0.529000 
    35.616979    -20.874779     -5.430609      0.524000 
    35.616991    -20.880749     -5.487963      0.522000 
    35.617002    -20.886719     -5.545317      0.524000 
    35.617002    -20.892689     -5.602671      0.529000 
    35.617014    -20.898660     -5.660024      0.539000 
    35.617025    -20.904630     -5.717377      0.551000 
    35.617037    -20.910603     -5.774730      0.562000 
    35.617049    -20.916574     -5.832082      0.572000 
    35.617060    -20.922546     -5.889434      0.577000 
    35.617072    -20.928518     -5.946786      0.577000 
    35.617083    -20.934492     -6.004138      0.573000 
    35.617095    -20.940466     -6.061489      0.566000 
    35.617106    -20.946440     -6.118840      0.557000 
    35.617118    -20.952414     -6.176191      0.548000 
    35.617130    -20.958390     -6.233541      0.543000 
    35.617141    -20.964363     -6.290891      0.539000 
    35.617153    -20.970340     -6.348241      0.538000 
    35.617164    -20.976315     -6.405591      0.540000 
    35.617176    -20.982292     -6.462940      0.541000 
    35.617188    -20.988270     -6.520289      0.543000 
    35.617199    -20.994247     -6.577637      0.542000 
    35.617199    -21.000225     -6.634985      0.541000 
    35.617211    -21.006205     -6.692333      0.537000 
    35.617222    -21.012180     -6.749681      0.533000 
    35.617234    -21.018162     -6.807028      0.527000 
    35.617245    -21.024141     -6.864375      0.523000 
    35.617257    -21.030123     -6.921722      0.519000 
    35.617269    -21.036102     -6.979068      0.514000 
    37.615197    -21.636830     -3.046998      0.498000 
    37.615208    -21.642788     -3.104364      0.500000 
    37.615220    -21.648745     -3.161729      0.503000 
    37.615231    -21.654703     -3.219094      0.508000 
    37.615243    -21.660662     -3.276459      0.514000 
    37.615243    -21.666618     -3.333824      0.517000 
    37.615255    -21.672577     -3.391188      0.519000 
    37.615266    -21.678535     -3.448553      0.518000 
    37.615278    -21.684496     -3.505917      0.514000 
    37.615289    -21.690454     -3.563281      0.510000 
    37.615301    -21.696415     -3.620644      0.507000 
    37.615313    -21.702374     -3.678007      0.506000 
    37.615324    -21.708334     -3.735370      0.509000 
    37.615336    -21.714293     -3.792733      0.515000 
    37.615347    -21.720255     -3.850096      0.523000 
    37.615359    -21.726215     -3.907458      0.531000 
    37.615370    -21.732176     -3.964821      0.538000 
    37.615382    -21.738136     -4.022182      0.543000 
    37.615394    -21.744099     -4.079543      0.545000 
    37.615405    -21.750060     -4.136905      0.544000 
    37.615417    -21.756023     -4.194267      0.540000 
    37.615428    -21.761986     -4.251628      0.536000 
    37.615440    -21.767946     -4.308988      0.532000 
    37.615440    -21.773910     -4.366348      0.530000 
    37.615451    -21.779875     -4.423709      0.530000 
    37.615463    -21.785837     -4.481069      0.532000 
    37.615475    -21.791801     -4.538428      0.534000 
    37.615486    -21.797766     -4.595788      0.538000 
    37.615498    -21.803730     -4.653147      0.540000 
    37.615509    -21.809694     -4.710505      0.542000 
    37.615521    -21.815660     -4.767864      0.543000 
    37.615532    -21.821625     -4.825222      0.544000 
    37.615544    -21.827590     -4.882580      0.544000 
    37.615556    -21.833557     -4.939938      0.543000 
    37.615567    -21.839523     -4.997296      0.543000 
    37.615579    -21.845491     -5.054653      0.543000 
    37.615590    -21.851458     -5.112010      0.543000 
    37.615602    -21.857426     -5.169366      0.543000 
    37.615613    -21.863394     -5.226723      0.543000 
    37.615625    -21.869362     -5.284079      0.543000 
    37.615637    -21.875330     -5.341435      0.544000 
    37.615637    -21.881298     -5.398790      0.546000 
    37.615648    -21.887268     -5.456146      0.549000 
    37.615660    -21.893236     -5.513501      0.552000 
    37.615671    -21.899206     -5.570855      0.556000 
    37.615683    -21.905178     -5.628210      0.558000 
    37.615694    -21.911150     -5.685564      0.561000 
    37.615706    -21.917122     -5.742918      0.561000 
    37.615718    -21.923092     -5.800271      0.560000 
    37.615729    -21.929066     -5.857625      0.556000 
    37.615741    -21.935038     -5.914978      0.551000 
    37.615752    -21.941010     -5.972330      0.545000 
    37.615764    -21.946983     -6.029683      0.540000 
    37.615775    -21.952957     -6.087035      0.537000 
    37.615787    -21.958933     -6.144387      0.536000 
    37.615799    -21.964907     -6.201738      0.537000 
    37.615810    -21.970880     -6.259089      0.539000 
    37.615822    -21.976856     -6.316440      0.542000 
    37.615822    -21.982834     -6.373791      0.545000 
    37.615833    -21.988810     -6.431141      0.545000 
    37.615845    -21.994785     -6.488491      0.544000 
    49.088519    -20.218233     -6.988344      0.503000 
    49.088519    -20.224213     -6.931031      0.511000 
    49.088530    -20.230192     -6.873718      0.518000 
    49.088542    -20.236174     -6.816404      0.522000 
    49.088553    -20.242151     -6.759090      0.522000 
    49.088565    -20.248130     -6.701775      0.521000 
    49.088576    -20.254108     -6.644460      0.519000 
    49.088588    -20.260086     -6.587145      0.518000 
    49.088600    -20.266064     -6.529830      0.520000 
    49.088611    -20.272040     -6.472514      0.523000 
    49.088623    -20.278017     -6.415198      0.528000 
    49.088634    -20.283993     -6.357881      0.533000 
    49.088646    -20.289967     -6.300564      0.537000 
    49.088657    -20.295942     -6.243247      0.538000 
    49.088669    -20.301918     -6.185930      0.537000 
    49.088681    -20.307892     -6.128612      0.534000 
    49.088692    -20.313866     -6.071294      0.530000 
    49.088704    -20.319840     -6.013976      0.528000 
    49.088704    -20.325811     -5.956657      0.525000 
    49.088715    -20.331783     -5.899338      0.524000 
    49.088727    -20.337755     -5.842019      0.525000 
    49.088738    -20.343727     -5.784700      0.526000 
    49.088750    -20.349699     -5.727380      0.526000 
    49.088762    -20.355670     -5.670060      0.525000 
    49.088773    -20.361640     -5.612739      0.523000 
    49.088785    -20.367610     -5.555419      0.521000 
    49.088796    -20.373580     -5.498098      0.518000 
    49.088808    -20.379549     -5.440776      0.518000 
    49.088819    -20.385517     -5.383455      0.520000 
    49.088831    -20.391487     -5.326133      0.524000 
    49.088843    -20.397455     -5.268811      0.532000 
    49.088854    -20.403423     -5.211488      0.541000 
    49.088866    -20.409390     -5.154165      0.550000 
    49.088877    -20.415358     -5.096842      0.556000 
    49.088889    -20.421324     -5.039519      0.561000 
    49.088900    -20.427290     -4.982195      0.562000 
    49.088900    -20.433256     -4.924871      0.559000 
    49.088912    -20.439222     -4.867547      0.555000 
    49.088924    -20.445187     -4.810223      0.551000 
    49.088935    -20.451153     -4.752898      0.547000 
    49.088947    -20.457117     -4.695573      0.544000 
    49.088958    -20.463080     -4.638248      0.543000 
    49.088970    -20.469044     -4.580922      0.543000 
    49.088981    -20.475010     -4.523596      0.542000 
    49.088993    -20.480972     -4.466270      0.542000 
    49.089005    -20.486937     -4.408944      0.539000 
    49.089016    -20.492899     -4.351617      0.535000 
    49.089028    -20.498861     -4.294290      0.531000 
    49.089039    -20.504822     -4.236963      0.526000 
    49.089051    -20.510784     -4.179635      0.523000 
    49.089063    -20.516747     -4.122307      0.522000 
    49.089074    -20.522709     -4.064980      0.523000 
    49.089086    -20.528670     -4.007652      0.528000 
    49.089097    -20.534630     -3.950324      0.534000 
    49.089097    -20.540590     -3.892995      0.539000 
    49.089109    -20.546550     -3.835666      0.542000 
    49.089120    -20.552511     -3.778337      0.542000 
    49.089132    -20.558470     -3.721007      0.538000 
    49.089144    -20.564430     -3.663678      0.533000 
    49.089155    -20.570389     -3.606348      0.528000 
    49.089167    -20.576347     -3.549017      0.528000 
    49.089178    -20.582308     -3.491687      0.535000 
    49.089190    -20.588264     -3.434356      0.549000 
    49.089201    -20.594223     -3.377025      0.566000 
    49.089213    -20.600182     -3.319694      0.580000 
    49.089225    -20.606138     -3.262363      0.589000 
    49.089236    -20.612097     -3.205031      0.587000 
    49.089248    -20.618053     -3.147699      0.577000 
    49.089259    -20.624010     -3.090367      0.562000 
    49.089271    -20.629969     -3.033035      0.550000 
    51.087187    -21.230171     -6.980378      0.538000 
    51.087199    -21.236150     -6.923064      0.546000 
    51.087211    -21.242130     -6.865750      0.550000 
    51.087222    -21.248110     -6.808436      0.549000 
    51.087234    -21.254090     -6.751121      0.546000 
    51.087245    -21.260067     -6.693806      0.541000 
    51.087257    -21.266045     -6.636491      0.538000 
    51.087269    -21.272022     -6.579176      0.535000 
    51.087280    -21.278000     -6.521860      0.535000 
    51.087292    -21.283976     -6.464544      0.536000 
    51.087303    -21.289951     -6.407227      0.537000 
    51.087315    -21.295927     -6.349910      0.538000 
    51.087326    -21.301903     -6.292593      0.538000 
    51.087338    -21.307878     -6.235276      0.537000 
    51.087338    -21.313850     -6.177958      0.534000 
    51.087350    -21.319826     -6.120640      0.533000 
    51.087361    -21.325800     -6.063321      0.531000 
    51.087373    -21.331772     -6.006003      0.531000 
    51.087384    -21.337746     -5.948684      0.533000 
    51.087396    -21.343718     -5.891364      0.533000 
    51.087407    -21.349690     -5.834045      0.534000 
    51.087419    -21.355660     -5.776725      0.534000 
    51.087431    -21.361630     -5.719404      0.531000 
    51.087442    -21.367601     -5.662084      0.528000 
    51.087454    -21.373571     -5.604763      0.524000 
    51.087465    -21.379541     -5.547442      0.521000 
    51.087477    -21.385511     -5.490120      0.522000 
    51.087488    -21.391480     -5.432799      0.524000 
    51.087500    -21.397448     -5.375477      0.529000 
    51.087512    -21.403416     -5.318154      0.535000 
    51.087523    -21.409386     -5.260832      0.541000 
    51.087535    -21.415352     -5.203509      0.545000 
    51.087535    -21.421320     -5.146186      0.546000 
    51.087546    -21.427286     -5.088862      0.544000 
    51.087558    -21.433252     -5.031538      0.542000 
    51.087569    -21.439219     -4.974214      0.537000 
    51.087581    -21.445185     -4.916890      0.533000 
    51.087593    -21.451150     -4.859565      0.532000 
    51.087604    -21.457113     -4.802240      0.534000 
    51.087616    -21.463080     -4.744915      0.539000 
    51.087627    -21.469044     -4.687590      0.545000 
    51.087639    -21.475010     -4.630264      0.551000 
    51.087650    -21.480972     -4.572938      0.555000 
    51.087662    -21.486937     -4.515612      0.555000 
    51.087674    -21.492899     -4.458285      0.552000 
    51.087685    -21.498861     -4.400958      0.545000 
    51.087697    -21.504824     -4.343631      0.536000 
    51.087708    -21.510786     -4.286304      0.528000 
    51.087720    -21.516748     -4.228977      0.522000 
    51.087731    -21.522710     -4.171648      0.520000 
    51.087731    -21.528671     -4.114320      0.520000 
    51.087743    -21.534634     -4.056992      0.525000 
    51.087755    -21.540594     -3.999663      0.532000 
    51.087789    -21.558474     -3.827676      0.554000 
    51.087801    -21.564434     -3.770346      0.558000 
    51.087812    -21.570395     -3.713016      0.558000 
    51.087824    -21.576353     -3.655686      0.555000 
    51.087847    -21.588270     -3.541025      0.538000 
    51.087859    -21.594229     -3.483694      0.528000 
    51.087870    -21.600187     -3.426363      0.516000 
    51.087882    -21.606146     -3.369032      0.505000 
    51.087894    -21.612103     -3.311700      0.496000 
    51.087905    -21.618061     -3.254368      0.489000 
    51.087917    -21.624018     -3.197036      0.485000 
    51.087928    -21.635933     -3.082371      0.481000 
    51.087940    -21.641888     -3.025038      0.483000 
    58.567164    -20.001934     -4.798373      0.534000 
    58.567176    -20.007900     -4.855724      0.538000 
    58.567187    -20.013868     -4.913076      0.540000 
    58.567199    -20.019836     -4.970427      0.540000 
    58.567199    -20.025803     -5.027779      0.540000 
    58.567211    -20.031770     -5.085129      0.539000 
    58.567222    -20.037740     -5.142480      0.539000 
    58.567234    -20.043710     -5.199830      0.539000 
    58.567245    -20.049679     -5.257180      0.540000 
    58.567257    -20.055649     -5.314530      0.543000 
    58.567269    -20.061619     -5.371879      0.547000 
    58.567280    -20.067589     -5.429228      0.552000 
    58.567292    -20.073560     -5.486577      0.557000 
    58.567303    -20.079530     -5.543925      0.561000 
    58.567315    -20.085503     -5.601273      0.563000 
    58.567326    -20.091475     -5.658621      0.564000 
    58.567338    -20.097446     -5.715968      0.562000 
    58.567350    -20.103420     -5.773316      0.560000 
    58.567361    -20.109392     -5.830663      0.558000 
    58.567373    -20.115366     -5.888009      0.555000 
    58.567384    -20.121342     -5.945355      0.553000 
    58.567396    -20.133290     -6.060047      0.552000 
    58.567396    -20.127316     -6.002701      0.551000 
    58.567407    -20.139265     -6.117392      0.553000 
    58.567419    -20.145240     -6.174737      0.555000 
    58.567431    -20.151217     -6.232082      0.555000 
    58.567442    -20.157194     -6.289426      0.556000 
    58.567454    -20.163172     -6.346770      0.555000 
    58.567465    -20.169147     -6.404114      0.554000 
    58.567477    -20.175125     -6.461458      0.553000 
    58.567488    -20.181105     -6.518801      0.550000 
    58.567500    -20.187082     -6.576143      0.548000 
    58.567512    -20.193062     -6.633486      0.545000 
    58.567523    -20.199041     -6.690828      0.542000 
    58.567535    -20.205023     -6.748170      0.538000 
    58.567546    -20.211002     -6.805511      0.533000 
    58.567558    -20.216984     -6.862852      0.528000 
    58.567569    -20.222963     -6.920193      0.521000 
    58.567581    -20.228947     -6.977533      0.515000 
    60.565509    -20.834164     -3.056415      0.499000 
    60.565521    -20.840122     -3.113773      0.505000 
    60.565532    -20.846080     -3.171132      0.511000 
    60.565544    -20.852037     -3.228490      0.515000 
    60.565556    -20.857998     -3.285848      0.517000 
    60.565567    -20.863956     -3.343205      0.518000 
    60.565579    -20.869915     -3.400563      0.519000 
    60.565590    -20.875875     -3.457920      0.519000 
    60.565602    -20.881836     -3.515277      0.521000 
    60.565613    -20.887794     -3.572633      0.524000 
    60.565625    -20.893755     -3.629990      0.526000 
    60.565637    -20.899715     -3.687346      0.527000 
    60.565637    -20.905676     -3.744702      0.527000 
    60.565648    -20.911636     -3.802057      0.524000 
    60.565660    -20.917599     -3.859413      0.519000 
    60.565671    -20.923560     -3.916768      0.512000 
    60.565683    -20.929522     -3.974122      0.504000 
    60.565694    -20.935484     -4.031477      0.497000 
    60.565706    -20.941446     -4.088831      0.492000 
    60.565718    -20.947407     -4.146185      0.489000 
    60.565729    -20.953371     -4.203539      0.490000 
    60.565741    -20.959333     -4.260893      0.493000 
    60.565752    -20.965298     -4.318246      0.498000 
    60.565764    -20.971260     -4.375599      0.504000 
    60.565775    -20.977224     -4.432951      0.510000 
    60.565787    -20.983190     -4.490304      0.515000 
    60.565799    -20.989155     -4.547656      0.519000 
    60.565810    -20.995117     -4.605008      0.523000 
    60.565822    -21.001083     -4.662359      0.527000 
    60.565833    -21.007050     -4.719711      0.530000 
    60.565833    -21.013016     -4.777062      0.533000 
    60.565845    -21.018982     -4.834412      0.534000 
    60.565856    -21.024948     -4.891763      0.534000 
    60.565868    -21.030914     -4.949113      0.531000 
    60.565880    -21.036882     -5.006463      0.526000 
    60.565891    -21.042849     -5.063812      0.518000 
    60.565903    -21.048819     -5.121162      0.511000 
    60.565914    -21.054787     -5.178511      0.504000 
    60.565926    -21.060755     -5.235859      0.501000 
    60.565937    -21.066725     -5.293208      0.501000 
    60.565949    -21.072695     -5.350556      0.504000 
    60.565961    -21.078663     -5.407903      0.511000 
    60.565972    -21.084633     -5.465251      0.518000 
    60.565984    -21.090605     -5.522598      0.527000 
    60.565995    -21.096575     -5.579945      0.534000 
    60.566007    -21.102547     -5.637292      0.540000 
    60.566019    -21.108519     -5.694638      0.543000 
    60.566030    -21.114489     -5.751984      0.544000 
    60.566030    -21.120462     -5.809329      0.544000 
    60.566042    -21.126434     -5.866675      0.543000 
    60.566053    -21.132408     -5.924020      0.544000 
    60.566065    -21.138382     -5.981364      0.545000 
    60.566076    -21.144356     -6.038709      0.547000 
    60.566088    -21.150330     -6.096053      0.547000 
    60.566100    -21.156305     -6.153397      0.546000 
    60.566111    -21.162281     -6.210740      0.543000 
    60.566123    -21.168257     -6.268083      0.536000 
    60.566134    -21.174232     -6.325426      0.529000 
    60.566146    -21.180208     -6.382768      0.522000 
    60.566157    -21.186186     -6.440111      0.515000 
    60.566169    -21.192163     -6.497452      0.512000 
    60.566181    -21.198141     -6.554794      0.512000 
    60.566192    -21.204119     -6.612135      0.516000 
    60.566204    -21.210098     -6.669476      0.524000 
    60.566215    -21.216080     -6.726816      0.531000 
    60.566215    -21.222057     -6.784156      0.539000 
    60.566227    -21.228039     -6.841496      0.543000 
    60.566238    -21.234020     -6.898836      0.544000 
    60.566250    -21.240002     -6.956175      0.541000 
   219.734965    -20.085072     -6.980401      0.501000 
   219.734977    -20.091043     -6.923070      0.493000 
   219.734988    -20.097015     -6.865740      0.485000 
   219.735000    -20.102987     -6.808408      0.479000 
   219.735012    -20.108960     -6.751077      0.474000 
   219.735012    -20.114930     -6.693745      0.470000 
   219.735023    -20.120900     -6.636413      0.470000 
   219.735035    -20.126870     -6.579080      0.470000 
   219.735046    -20.132840     -6.521748      0.471000 
   219.735058    -20.138810     -6.464415      0.471000 
   219.735069    -20.144777     -6.407081      0.469000 
   219.735081    -20.150745     -6.349747      0.463000 
   219.735093    -20.156713     -6.292413      0.457000 
   219.735104    -20.162680     -6.235079      0.449000 
   219.735116    -20.168648     -6.177744      0.444000 
   219.735127    -20.174614     -6.120409      0.442000 
   219.735139    -20.180578     -6.063074      0.443000 
   219.735150    -20.186544     -6.005738      0.448000 
   219.735162    -20.192510     -5.948402      0.454000 
   219.735174    -20.198475     -5.891066      0.460000 
   219.735185    -20.204440     -5.833730      0.464000 
   219.735197    -20.210403     -5.776393      0.463000 
   219.735208    -20.216366     -5.719056      0.458000 
   219.735208    -20.222328     -5.661719      0.449000 
   219.735220    -20.228292     -5.604381      0.440000 
   219.735231    -20.234255     -5.547043      0.431000 
   219.735243    -20.240215     -5.489705      0.424000 
   219.735255    -20.246178     -5.432366      0.421000 
   219.735266    -20.252138     -5.375027      0.420000 
   219.735278    -20.258100     -5.317688      0.423000 
   219.735289    -20.264060     -5.260349      0.426000 
   219.735301    -20.270020     -5.203009      0.428000 
   219.735313    -20.275980     -5.145669      0.430000 
   219.735324    -20.281939     -5.088329      0.430000 
   219.735336    -20.287897     -5.030988      0.429000 
   219.735347    -20.293858     -4.973647      0.429000 
   219.735359    -20.299814     -4.916306      0.429000 
   219.735370    -20.305773     -4.858965      0.431000 
   219.735382    -20.311731     -4.801623      0.432000 
   219.735394    -20.317688     -4.744282      0.434000 
   219.735394    -20.323645     -4.686939      0.433000 
   219.735405    -20.329601     -4.629597      0.432000 
   219.735417    -20.335558     -4.572254      0.430000 
   219.735428    -20.341515     -4.514911      0.427000 
   219.735440    -20.347467     -4.457568      0.424000 
   219.735451    -20.353424     -4.400224      0.423000 
   219.735463    -20.359379     -4.342881      0.422000 
   219.735475    -20.365335     -4.285537      0.423000 
   219.735486    -20.371288     -4.228192      0.424000 
   219.735498    -20.377243     -4.170847      0.426000 
   219.735509    -20.383196     -4.113503      0.427000 
   219.735521    -20.389150     -4.056158      0.425000 
   219.735532    -20.395103     -3.998813      0.422000 
   219.735544    -20.401056     -3.941467      0.416000 
   219.735556    -20.407010     -3.884121      0.410000 
   219.735567    -20.412962     -3.826775      0.403000 
   219.735579    -20.418915     -3.769429      0.397000 
   219.735590    -20.424868     -3.712082      0.393000 
   219.735590    -20.430819     -3.654736      0.391000 
   219.735602    -20.436770     -3.597389      0.391000 
   219.735613    -20.442722     -3.540041      0.394000 
   219.735625    -20.448673     -3.482694      0.400000 
   219.735637    -20.454624     -3.425346      0.406000 
   219.735648    -20.460573     -3.367998      0.413000 
   219.735660    -20.466522     -3.310650      0.419000 
   219.735671    -20.472475     -3.253301      0.422000 
   219.735683    -20.478424     -3.195953      0.424000 
   219.735694    -20.484373     -3.138604      0.421000 
   219.735706    -20.490324     -3.081254      0.415000 
   219.735718    -20.496273     -3.023905      0.409000 
   221.733634    -21.094563     -6.977501      0.479000 
   221.733646    -21.100536     -6.920170      0.478000 
   221.733646    -21.106510     -6.862840      0.478000 
   221.733657    -21.112482     -6.805509      0.478000 
   221.733669    -21.118456     -6.748178      0.478000 
   221.733681    -21.124428     -6.690847      0.476000 
   221.733692    -21.130398     -6.633515      0.473000 
   221.733704    -21.136368     -6.576183      0.467000 
   221.733715    -21.142338     -6.518851      0.460000 
   221.733727    -21.148308     -6.461518      0.450000 
   221.733738    -21.154278     -6.404185      0.441000 
   221.733750    -21.160248     -6.346852      0.432000 
   221.733762    -21.166216     -6.289518      0.426000 
   221.733773    -21.172182     -6.232184      0.421000 
   221.733785    -21.178150     -6.174850      0.419000 
   221.733796    -21.184118     -6.117515      0.418000 
   221.733808    -21.190084     -6.060181      0.418000 
   221.733831    -21.202017     -5.945510      0.421000 
   221.733831    -21.207981     -5.888174      0.423000 
   221.733843    -21.213947     -5.830838      0.424000 
   221.733854    -21.219912     -5.773502      0.426000 
   221.733866    -21.225876     -5.716165      0.427000 
   221.733877    -21.231840     -5.658828      0.427000 
   221.733889    -21.237804     -5.601491      0.428000 
   221.733900    -21.243767     -5.544153      0.429000 
   221.733912    -21.249730     -5.486816      0.429000 
   221.733924    -21.255692     -5.429477      0.430000 
   221.733935    -21.261654     -5.372139      0.432000 
   221.733947    -21.267614     -5.314800      0.435000 
   221.733958    -21.273575     -5.257461      0.439000 
   221.733970    -21.279537     -5.200122      0.443000 
   221.733981    -21.285498     -5.142782      0.447000 
   221.733993    -21.291458     -5.085443      0.450000 
   221.734005    -21.297417     -5.028103      0.451000 
   221.734016    -21.303377     -4.970762      0.450000 
   221.734028    -21.309336     -4.913422      0.448000 
   221.734028    -21.315294     -4.856081      0.446000 
   221.734039    -21.321253     -4.798739      0.443000 
   221.734051    -21.327211     -4.741398      0.442000 
   221.734062    -21.333170     -4.684056      0.441000 
   221.734074    -21.339127     -4.626714      0.442000 
   221.734086    -21.345083     -4.569372      0.444000 
   221.734097    -21.351040     -4.512029      0.446000 
   221.734109    -21.356997     -4.454687      0.448000 
   221.734120    -21.362953     -4.397344      0.448000 
   221.734132    -21.368910     -4.340000      0.448000 
   221.734144    -21.374865     -4.282657      0.446000 
   221.734155    -21.380820     -4.225313      0.444000 
   221.734167    -21.386774     -4.167968      0.443000 
   221.734178    -21.392730     -4.110624      0.442000 
   221.734190    -21.398684     -4.053280      0.441000 
   221.734201    -21.404638     -3.995935      0.441000 
   221.734213    -21.410591     -3.938590      0.442000 
   221.734225    -21.416546     -3.881244      0.441000 
   221.734225    -21.422499     -3.823899      0.439000 
   221.734236    -21.428452     -3.766553      0.435000 
   221.734248    -21.434404     -3.709207      0.431000 
   221.734259    -21.440357     -3.651860      0.426000 
   221.734271    -21.446310     -3.594514      0.424000 
   221.734282    -21.452263     -3.537167      0.424000 
   221.734294    -21.458214     -3.479820      0.426000 
   221.734306    -21.464165     -3.422472      0.430000 
   221.734317    -21.470118     -3.365125      0.437000 
   221.734329    -21.476068     -3.307777      0.443000 
   221.734340    -21.482020     -3.250429      0.449000 
   221.734352    -21.487970     -3.193081      0.452000 
   221.734363    -21.493920     -3.135732      0.452000 
   221.734375    -21.499868     -3.078384      0.450000 
   221.734387    -21.505820     -3.021035      0.444000 
   229.213843    -20.001472     -6.038799      0.448000 
   229.213854    -20.007440     -6.096136      0.456000 
   229.213866    -20.013409     -6.153473      0.462000 
   229.213877    -20.019377     -6.210810      0.467000 
   229.213889    -20.025345     -6.268147      0.468000 
   229.213889    -20.031313     -6.325483      0.467000 
   229.213900    -20.037283     -6.382819      0.466000 
   229.213912    -20.043253     -6.440154      0.466000 
   229.213924    -20.049223     -6.497490      0.467000 
   229.213935    -20.055195     -6.554825      0.471000 
   229.213947    -20.061165     -6.612159      0.477000 
   229.213958    -20.067137     -6.669494      0.485000 
   229.213970    -20.073109     -6.726828      0.492000 
   229.213981    -20.079082     -6.784161      0.498000 
   229.213993    -20.085054     -6.841495      0.501000 
   229.214005    -20.091028     -6.898828      0.501000 
   229.214016    -20.097004     -6.956161      0.500000 
   231.211944    -20.698658     -3.000201      0.445000 
   231.211944    -20.704609     -3.057553      0.445000 
   231.211956    -20.710560     -3.114905      0.445000 
   231.211968    -20.716510     -3.172256      0.443000 
   231.211979    -20.722462     -3.229607      0.442000 
   231.211991    -20.728415     -3.286958      0.441000 
   231.212002    -20.734365     -3.344309      0.440000 
   231.212014    -20.740318     -3.401659      0.441000 
   231.212025    -20.746270     -3.459010      0.442000 
   231.212037    -20.752222     -3.516360      0.442000 
   231.212049    -20.758175     -3.573709      0.443000 
   231.212060    -20.764128     -3.631059      0.444000 
   231.212072    -20.770080     -3.688408      0.445000 
   231.212083    -20.776035     -3.745757      0.446000 
   231.212095    -20.781988     -3.803106      0.448000 
   231.212106    -20.787943     -3.860454      0.450000 
   231.212118    -20.793898     -3.917803      0.450000 
   231.212130    -20.799850     -3.975151      0.451000 
   231.212141    -20.805805     -4.032499      0.451000 
   231.212141    -20.811760     -4.089846      0.448000 
   231.212153    -20.817717     -4.147193      0.442000 
   231.212164    -20.823671     -4.204540      0.434000 
   231.212176    -20.829628     -4.261887      0.424000 
   231.212187    -20.835585     -4.319234      0.412000 
   231.212199    -20.841541     -4.376580      0.402000 
   231.212211    -20.847498     -4.433926      0.396000 
   231.212222    -20.853455     -4.491272      0.393000 
   231.212234    -20.859411     -4.548617      0.396000 
   231.212245    -20.865370     -4.605962      0.404000 
   231.212257    -20.871328     -4.663307      0.415000 
   231.212269    -20.877287     -4.720652      0.428000 
   231.212280    -20.883244     -4.777996      0.442000 
   231.212292    -20.889204     -4.835340      0.453000 
   231.212303    -20.895163     -4.892684      0.462000 
   231.212315    -20.901123     -4.950028      0.468000 
   231.212326    -20.907084     -5.007371      0.471000 
   231.212326    -20.913042     -5.064714      0.473000 
   231.212338    -20.919004     -5.122057      0.474000 
   231.212350    -20.924965     -5.179399      0.475000 
   231.212361    -20.930925     -5.236742      0.477000 
   231.212373    -20.936888     -5.294084      0.480000 
   231.212384    -20.942850     -5.351425      0.482000 
   231.212396    -20.948812     -5.408767      0.484000 
   231.212407    -20.954777     -5.466108      0.486000 
   231.212419    -20.960737     -5.523448      0.487000 
   231.212431    -20.966702     -5.580789      0.487000 
   231.212442    -20.972668     -5.638129      0.485000 
   231.212454    -20.978630     -5.695469      0.485000 
   231.212465    -20.984596     -5.752809      0.484000 
   231.212477    -20.990560     -5.810148      0.483000 
   231.212488    -20.996527     -5.867487      0.481000 
   231.212500    -21.002493     -5.924826      0.478000 
   231.212512    -21.008460     -5.982164      0.474000 
   231.212523    -21.020393     -6.096840      0.465000 
   231.212523    -21.014425     -6.039502      0.470000 
   231.212535    -21.026361     -6.154177      0.460000 
   231.212546    -21.032330     -6.211515      0.456000 
   231.212558    -21.038298     -6.268851      0.454000 
   231.212569    -21.044266     -6.326188      0.451000 
   231.212581    -21.050236     -6.383524      0.451000 
   231.212593    -21.056206     -6.440860      0.450000 
   231.212604    -21.062176     -6.498196      0.451000 
   231.212616    -21.068148     -6.555531      0.452000 
   231.212627    -21.074118     -6.612866      0.451000 
   231.212639    -21.080090     -6.670201      0.452000 
   231.212650    -21.086061     -6.727535      0.453000 
   231.212662    -21.092035     -6.784869      0.456000 
   231.212674    -21.098007     -6.842203      0.459000 
   231.212685    -21.103981     -6.899536      0.466000 
   231.212697    -21.109955     -6.956870      0.472000 
   233.210613    -21.711850     -3.005565      0.458000 
   233.210625    -21.717800     -3.062917      0.457000 
   233.210637    -21.723751     -3.120269      0.456000 
   233.210648    -21.729704     -3.177621      0.456000 
   233.210660    -21.735655     -3.234972      0.452000 
   233.210671    -21.741606     -3.292323      0.448000 
   233.210683    -21.747559     -3.349675      0.444000 
   233.210694    -21.753511     -3.407025      0.439000 
   233.210706    -21.759464     -3.464376      0.436000 
   233.210718    -21.765417     -3.521726      0.437000 
   233.210729    -21.771370     -3.579076      0.442000 
   233.210741    -21.777325     -3.636426      0.450000 
   233.210752    -21.783278     -3.693775      0.457000 
   233.210764    -21.789232     -3.751125      0.463000 
   233.210775    -21.795185     -3.808474      0.465000 
   233.210775    -21.801142     -3.865822      0.461000 
   233.210787    -21.807096     -3.923171      0.452000 
   233.210799    -21.813051     -3.980519      0.439000 
   233.210810    -21.819006     -4.037866      0.425000 
   233.210822    -21.824963     -4.095215      0.414000 
   233.210833    -21.830917     -4.152563      0.408000 
   233.210845    -21.836874     -4.209910      0.408000 
   233.210856    -21.842829     -4.267257      0.414000 
   233.210868    -21.848787     -4.324604      0.425000 
   233.210880    -21.854744     -4.381951      0.436000 
   233.210891    -21.860700     -4.439297      0.445000 
   233.210903    -21.866660     -4.496643      0.450000 
   233.210914    -21.872616     -4.553989      0.449000 
   233.210926    -21.878574     -4.611334      0.444000 
   233.210938    -21.884535     -4.668679      0.437000 
   233.210949    -21.890491     -4.726024      0.431000 
   233.210961    -21.896452     -4.783369      0.427000 
   233.210961    -21.902410     -4.840713      0.429000 
   233.210972    -21.908370     -4.898057      0.435000 
   233.210984    -21.914331     -4.955401      0.445000 
   233.210995    -21.920292     -5.012745      0.457000 
   233.211007    -21.926252     -5.070088      0.469000 
   233.211019    -21.932213     -5.127431      0.479000 
   233.211030    -21.938175     -5.184774      0.486000 
   233.211042    -21.944138     -5.242116      0.490000 
   233.211053    -21.950100     -5.299458      0.490000 
   233.211065    -21.956062     -5.356800      0.488000 
   233.211076    -21.962025     -5.414142      0.485000 
   233.211088    -21.967987     -5.471483      0.480000 
   233.211100    -21.973951     -5.528824      0.476000 
   233.211111    -21.979918     -5.586165      0.472000 
   233.211123    -21.985882     -5.643506      0.469000 
   233.211134    -21.991846     -5.700846      0.467000 
   233.211146    -21.997812     -5.758186      0.465000 
   244.683912    -20.295498     -6.946888      0.463000 
   244.683924    -20.301474     -6.889560      0.463000 
   244.683935    -20.307450     -6.832232      0.465000 
   244.683947    -20.313425     -6.774904      0.469000 
   244.683958    -20.319400     -6.717576      0.471000 
   244.683970    -20.325377     -6.660247      0.473000 
   244.683981    -20.331350     -6.602918      0.471000 
   244.683993    -20.337324     -6.545589      0.466000 
   244.684005    -20.343296     -6.488259      0.460000 
   244.684016    -20.349270     -6.430929      0.451000 
   244.684028    -20.355244     -6.373599      0.444000 
   244.684039    -20.361216     -6.316268      0.438000 
   244.684039    -20.367186     -6.258937      0.437000 
   244.684051    -20.373156     -6.201606      0.439000 
   244.684063    -20.379128     -6.144274      0.445000 
   244.684074    -20.385100     -6.086942      0.453000 
   244.684086    -20.391068     -6.029610      0.461000 
   244.684097    -20.397038     -5.972278      0.469000 
   244.684109    -20.403008     -5.914945      0.473000 
   244.684120    -20.408976     -5.857612      0.474000 
   244.684132    -20.414944     -5.800278      0.470000 
   244.684144    -20.420912     -5.742945      0.465000 
   244.684155    -20.426880     -5.685610      0.456000 
   244.684167    -20.432846     -5.628276      0.447000 
   244.684178    -20.438812     -5.570942      0.440000 
   244.684190    -20.444778     -5.513607      0.437000 
   244.684201    -20.450745     -5.456271      0.435000 
   244.684213    -20.456710     -5.398936      0.436000 
   244.684225    -20.462675     -5.341600      0.438000 
   244.684225    -20.468640     -5.284264      0.441000 
   244.684236    -20.474604     -5.226928      0.443000 
   244.684248    -20.480570     -5.169591      0.445000 
   244.684259    -20.486532     -5.112254      0.444000 
   244.684271    -20.492496     -5.054917      0.442000 
   244.684282    -20.498459     -4.997580      0.439000 
   244.684294    -20.504421     -4.940242      0.438000 
   244.684306    -20.510384     -4.882904      0.438000 
   244.684317    -20.516346     -4.825565      0.440000 
   244.684329    -20.522306     -4.768227      0.444000 
   244.684340    -20.528269     -4.710888      0.448000 
   244.684352    -20.534230     -4.653549      0.452000 
   244.684363    -20.540190     -4.596209      0.454000 
   244.684375    -20.546150     -4.538870      0.455000 
   244.684387    -20.552110     -4.481530      0.451000 
   244.684398    -20.558070     -4.424190      0.446000 
   244.684410    -20.564030     -4.366849      0.439000 
   244.684421    -20.569988     -4.309508      0.432000 
   244.684421    -20.575947     -4.252167      0.428000 
   244.684433    -20.581905     -4.194826      0.426000 
   244.684444    -20.587864     -4.137484      0.427000 
   244.684456    -20.593820     -4.080143      0.431000 
   244.684468    -20.599780     -4.022800      0.437000 
   244.684479    -20.605738     -3.965458      0.443000 
   244.684491    -20.611694     -3.908116      0.448000 
   244.684502    -20.617651     -3.850773      0.452000 
   244.684514    -20.623608     -3.793430      0.453000 
   244.684525    -20.629564     -3.736086      0.453000 
   244.684537    -20.635520     -3.678743      0.453000 
   244.684549    -20.641476     -3.621399      0.454000 
   244.684560    -20.647432     -3.564055      0.458000 
   244.684572    -20.653387     -3.506711      0.463000 
   244.684583    -20.659342     -3.449366      0.471000 
   244.684595    -20.665297     -3.392021      0.481000 
   244.684606    -20.671251     -3.334676      0.490000 
   244.684618    -20.677206     -3.277331      0.497000 
   244.684618    -20.683160     -3.219986      0.501000 
   244.684630    -20.689114     -3.162640      0.500000 
   244.684641    -20.695066     -3.105294      0.496000 
   244.684653    -20.701021     -3.047948      0.489000 
