    29.168171    -33.581260    -19.984547      0.686000 
    29.168183    -33.587470    -19.927332      0.684000 
    29.168194    -33.593685    -19.870117      0.681000 
    29.168206    -33.599895    -19.812902      0.677000 
    29.168218    -33.606102    -19.755686      0.673000 
    29.168218    -33.612305    -19.698470      0.673000 
    29.168229    -33.618510    -19.641253      0.676000 
    29.168241    -33.624714    -19.584034      0.684000 
    29.168252    -33.630917    -19.526815      0.693000 
    29.168264    -33.637115    -19.469597      0.702000 
    29.168275    -33.643314    -19.412376      0.710000 
    29.168287    -33.649510    -19.355156      0.714000 
    29.168299    -33.655704    -19.297935      0.715000 
    29.168310    -33.661900    -19.240713      0.714000 
    29.168322    -33.668090    -19.183493      0.712000 
    29.168333    -33.674282    -19.126268      0.711000 
    29.168345    -33.680470    -19.069046      0.713000 
    29.168356    -33.686657    -19.011822      0.718000 
    29.168368    -33.692844    -18.954597      0.726000 
    29.168380    -33.699028    -18.897373      0.736000 
    29.168391    -33.705210    -18.840147      0.747000 
    29.168403    -33.711390    -18.782920      0.755000 
    29.168403    -33.717570    -18.725695      0.761000 
    29.168414    -33.723750    -18.668467      0.764000 
    29.168426    -33.729927    -18.611238      0.762000 
    29.168438    -33.736103    -18.554010      0.758000 
    29.168449    -33.742275    -18.496780      0.753000 
    29.168461    -33.748447    -18.439552      0.749000 
    29.168472    -33.754620    -18.382320      0.746000 
    29.168484    -33.760788    -18.325090      0.746000 
    29.168495    -33.766956    -18.267859      0.748000 
    29.168507    -33.773120    -18.210627      0.752000 
    29.168519    -33.779290    -18.153395      0.758000 
    29.168530    -33.785450    -18.096160      0.764000 
    29.168542    -33.791615    -18.038927      0.769000 
    31.166852    -34.598446    -19.950274      0.717000 
    31.166863    -34.604656    -19.893060      0.714000 
    31.166875    -34.610867    -19.835848      0.712000 
    31.166887    -34.617077    -19.778633      0.710000 
    31.166898    -34.623283    -19.721418      0.710000 
    31.166910    -34.629486    -19.664204      0.710000 
    31.166921    -34.635693    -19.606989      0.712000 
    31.166933    -34.641890    -19.549770      0.714000 
    31.166944    -34.648094    -19.492554      0.719000 
    31.166956    -34.654293    -19.435337      0.725000 
    31.166968    -34.660490    -19.378119      0.730000 
    31.166979    -34.666683    -19.320900      0.735000 
    31.166991    -34.672880    -19.263681      0.737000 
    31.167002    -34.679070    -19.206460      0.738000 
    31.167014    -34.685260    -19.149240      0.735000 
    31.167025    -34.691452    -19.092018      0.732000 
    31.167037    -34.697640    -19.034798      0.726000 
    31.167037    -34.703827    -18.977575      0.723000 
    31.167049    -34.710010    -18.920353      0.720000 
    31.167060    -34.716194    -18.863129      0.719000 
    31.167072    -34.722378    -18.805904      0.720000 
    31.167083    -34.728558    -18.748680      0.723000 
    31.167095    -34.734734    -18.691456      0.726000 
    31.167106    -34.740913    -18.634230      0.727000 
    31.167118    -34.747090    -18.577003      0.727000 
    31.167130    -34.753260    -18.519775      0.724000 
    31.167141    -34.759434    -18.462550      0.717000 
    31.167153    -34.765606    -18.405321      0.710000 
    31.167164    -34.771780    -18.348091      0.703000 
    31.167176    -34.777943    -18.290863      0.697000 
    31.167188    -34.784110    -18.233633      0.694000 
    31.167199    -34.790280    -18.176403      0.695000 
    31.167211    -34.796440    -18.119171      0.697000 
    31.167222    -34.802605    -18.061940      0.701000 
    31.167234    -34.808765    -18.004707      0.704000 
    32.655822    -33.116024    -18.006802      0.754000 
    32.655833    -33.122185    -18.064060      0.766000 
    32.655833    -33.128350    -18.121319      0.772000 
    32.655845    -33.134514    -18.178576      0.775000 
    32.655856    -33.140680    -18.235832      0.772000 
    32.655868    -33.146847    -18.293089      0.765000 
    32.655880    -33.153015    -18.350344      0.754000 
    32.655891    -33.159184    -18.407598      0.744000 
    32.655903    -33.165356    -18.464853      0.737000 
    32.655914    -33.171530    -18.522106      0.732000 
    32.655926    -33.177704    -18.579360      0.732000 
    32.655937    -33.183880    -18.636614      0.735000 
    32.655949    -33.190060    -18.693865      0.738000 
    32.655961    -33.196236    -18.751118      0.740000 
    32.655972    -33.202420    -18.808367      0.737000 
    32.655984    -33.208600    -18.865618      0.731000 
    32.655995    -33.214783    -18.922867      0.718000 
    32.656007    -33.220970    -18.980116      0.703000 
    32.656019    -33.227158    -19.037365      0.689000 
    32.656019    -33.233340    -19.094612      0.674000 
    32.656030    -33.239532    -19.151860      0.665000 
    32.656042    -33.245724    -19.209106      0.661000 
    32.656053    -33.251920    -19.266354      0.662000 
    32.656065    -33.258114    -19.323599      0.667000 
    32.656076    -33.264310    -19.380842      0.676000 
    32.656088    -33.270508    -19.438087      0.685000 
    32.656100    -33.276703    -19.495330      0.693000 
    32.656111    -33.282906    -19.552574      0.700000 
    32.656123    -33.289110    -19.609818      0.704000 
    32.656134    -33.295310    -19.667059      0.707000 
    32.656146    -33.301517    -19.724300      0.708000 
    32.656157    -33.307724    -19.781540      0.710000 
    32.656169    -33.313934    -19.838780      0.712000 
    32.656181    -33.320145    -19.896020      0.713000 
    32.656192    -33.326355    -19.953259      0.715000 
    33.165532    -35.610252    -19.958183      0.775000 
    33.165544    -35.616463    -19.900972      0.766000 
    33.165556    -35.622673    -19.843761      0.752000 
    33.165567    -35.628880    -19.786549      0.734000 
    33.165579    -35.635086    -19.729336      0.716000 
    33.165590    -35.641293    -19.672123      0.701000 
    33.165602    -35.647495    -19.614908      0.691000 
    33.165613    -35.653694    -19.557695      0.687000 
    33.165625    -35.659897    -19.500480      0.690000 
    33.165637    -35.666092    -19.443264      0.698000 
    33.165648    -35.672290    -19.386047      0.709000 
    33.165660    -35.678486    -19.328830      0.719000 
    33.165671    -35.684677    -19.271614      0.727000 
    33.165671    -35.690872    -19.214396      0.733000 
    33.165683    -35.697060    -19.157177      0.736000 
    33.165694    -35.703250    -19.099958      0.736000 
    33.165706    -35.709440    -19.042738      0.735000 
    33.165718    -35.715622    -18.985518      0.735000 
    33.165729    -35.721810    -18.928297      0.735000 
    33.165741    -35.727990    -18.871075      0.738000 
    33.165752    -35.734173    -18.813852      0.740000 
    33.165764    -35.740353    -18.756630      0.744000 
    33.165775    -35.746530    -18.699408      0.746000 
    33.165787    -35.752705    -18.642183      0.749000 
    33.165799    -35.758884    -18.584957      0.752000 
    33.165810    -35.765057    -18.527733      0.756000 
    33.165822    -35.771230    -18.470509      0.762000 
    33.165833    -35.777400    -18.413280      0.770000 
    33.165845    -35.783570    -18.356054      0.777000 
    33.165856    -35.789738    -18.298826      0.784000 
    33.165868    -35.795902    -18.241598      0.787000 
    33.165868    -35.802070    -18.184372      0.786000 
    33.165880    -35.808230    -18.127142      0.778000 
    33.165891    -35.814396    -18.069912      0.764000 
    33.165903    -35.820557    -18.012680      0.745000 
    34.654491    -34.127890    -18.013454      0.763000 
    34.654502    -34.134052    -18.070715      0.766000 
    34.654514    -34.140217    -18.127974      0.768000 
    34.654525    -34.146380    -18.185230      0.770000 
    34.654537    -34.152546    -18.242489      0.772000 
    34.654549    -34.158714    -18.299746      0.775000 
    34.654560    -34.164883    -18.357002      0.778000 
    34.654572    -34.171050    -18.414257      0.782000 
    34.654583    -34.177223    -18.471514      0.785000 
    34.654595    -34.183395    -18.528767      0.786000 
    34.654606    -34.189570    -18.586021      0.784000 
    34.654618    -34.195747    -18.643274      0.781000 
    34.654630    -34.201923    -18.700527      0.775000 
    34.654641    -34.208100    -18.757780      0.769000 
    34.654653    -34.214283    -18.815031      0.762000 
    34.654653    -34.220463    -18.872284      0.755000 
    34.654664    -34.226646    -18.929533      0.750000 
    34.654676    -34.232830    -18.986782      0.747000 
    34.654687    -34.239017    -19.044031      0.745000 
    34.654699    -34.245205    -19.101280      0.744000 
    34.654711    -34.251392    -19.158530      0.742000 
    34.654722    -34.257584    -19.215776      0.741000 
    34.654734    -34.263780    -19.273024      0.741000 
    34.654745    -34.269974    -19.330270      0.740000 
    34.654757    -34.276165    -19.387514      0.740000 
    34.654769    -34.282364    -19.444760      0.740000 
    34.654780    -34.288563    -19.502005      0.741000 
    34.654792    -34.294760    -19.559248      0.742000 
    34.654803    -34.300964    -19.616491      0.744000 
    34.654815    -34.307167    -19.673735      0.745000 
    34.654826    -34.313374    -19.730976      0.744000 
    34.654838    -34.319580    -19.788218      0.741000 
    34.654850    -34.325787    -19.845457      0.739000 
    34.654850    -34.331997    -19.902699      0.736000 
    34.654861    -34.338207    -19.959938      0.733000 
    35.164213    -36.622547    -19.951174      0.824000 
    35.164225    -36.628757    -19.893965      0.827000 
    35.164236    -36.634968    -19.836754      0.824000 
    35.164248    -36.641174    -19.779545      0.818000 
    35.164259    -36.647380    -19.722334      0.810000 
    35.164271    -36.653584    -19.665121      0.803000 
    35.164282    -36.659786    -19.607908      0.797000 
    35.164294    -36.665985    -19.550695      0.792000 
    35.164306    -36.672184    -19.493483      0.788000 
    35.164306    -36.678383    -19.436270      0.782000 
    35.164317    -36.684578    -19.379053      0.772000 
    35.164329    -36.690773    -19.321838      0.760000 
    35.164340    -36.696964    -19.264624      0.745000 
    35.164352    -36.703156    -19.207407      0.730000 
    35.164363    -36.709347    -19.150190      0.715000 
    35.164375    -36.715530    -19.092972      0.703000 
    35.164387    -36.721720    -19.035753      0.696000 
    35.164398    -36.727905    -18.978535      0.694000 
    35.164410    -36.734090    -18.921316      0.696000 
    35.164421    -36.740270    -18.864096      0.701000 
    35.164433    -36.746450    -18.806875      0.707000 
    35.164444    -36.752630    -18.749655      0.713000 
    35.164456    -36.758804    -18.692432      0.716000 
    35.164468    -36.764984    -18.635212      0.718000 
    35.164479    -36.771156    -18.577988      0.718000 
    35.164491    -36.777330    -18.520763      0.717000 
    35.164491    -36.783500    -18.463540      0.715000 
    35.164502    -36.789673    -18.406317      0.716000 
    35.164514    -36.795840    -18.349090      0.716000 
    35.164525    -36.802006    -18.291864      0.718000 
    35.164537    -36.808174    -18.234638      0.719000 
    35.164549    -36.814340    -18.177410      0.719000 
    35.164560    -36.820500    -18.120184      0.716000 
    35.164572    -36.826660    -18.062956      0.711000 
    35.164583    -36.832820    -18.005728      0.705000 
    36.653171    -35.140210    -18.033363      0.716000 
    36.653183    -35.146366    -18.090624      0.717000 
    36.653194    -35.152530    -18.147882      0.718000 
    36.653206    -35.158695    -18.205141      0.719000 
    36.653218    -35.164860    -18.262400      0.723000 
    36.653229    -35.171030    -18.319656      0.729000 
    36.653241    -35.177197    -18.376913      0.737000 
    36.653252    -35.183370    -18.434170      0.746000 
    36.653264    -35.189540    -18.491425      0.754000 
    36.653275    -35.195710    -18.548681      0.758000 
    36.653287    -35.201885    -18.605934      0.761000 
    36.653287    -35.208060    -18.663189      0.759000 
    36.653299    -35.214237    -18.720442      0.754000 
    36.653310    -35.220417    -18.777695      0.747000 
    36.653322    -35.226597    -18.834948      0.740000 
    36.653333    -35.232780    -18.892199      0.735000 
    36.653345    -35.238964    -18.949450      0.732000 
    36.653356    -35.245148    -19.006700      0.734000 
    36.653368    -35.251335    -19.063950      0.738000 
    36.653380    -35.257523    -19.121199      0.743000 
    36.653391    -35.263714    -19.178448      0.749000 
    36.653403    -35.269900    -19.235695      0.755000 
    36.653414    -35.276096    -19.292942      0.760000 
    36.653426    -35.282288    -19.350190      0.761000 
    36.653438    -35.288486    -19.407434      0.762000 
    36.653449    -35.294680    -19.464680      0.761000 
    36.653461    -35.300880    -19.521925      0.761000 
    36.653472    -35.307083    -19.579168      0.762000 
    36.653484    -35.313286    -19.636414      0.763000 
    36.653484    -35.319490    -19.693657      0.766000 
    36.653495    -35.325690    -19.750898      0.770000 
    36.653507    -35.331900    -19.808140      0.772000 
    36.653519    -35.338108    -19.865381      0.775000 
    36.653530    -35.344320    -19.922620      0.775000 
    36.653542    -35.350530    -19.979860      0.774000 
    38.651840    -36.146927    -18.008339      0.774000 
    38.651852    -36.153088    -18.065600      0.775000 
    38.651863    -36.159252    -18.122860      0.776000 
    38.651875    -36.165417    -18.180119      0.775000 
    38.651887    -36.171580    -18.237377      0.775000 
    38.651898    -36.177746    -18.294636      0.775000 
    38.651910    -36.183914    -18.351892      0.776000 
    38.651921    -36.190086    -18.409150      0.779000 
    38.651921    -36.196255    -18.466406      0.784000 
    38.651933    -36.202430    -18.523663      0.792000 
    38.651944    -36.208603    -18.580917      0.799000 
    38.651956    -36.214780    -18.638170      0.807000 
    38.651968    -36.220955    -18.695425      0.814000 
    38.651979    -36.227135    -18.752680      0.817000 
    38.651991    -36.233315    -18.809930      0.817000 
    38.652002    -36.239494    -18.867184      0.814000 
    38.652014    -36.245678    -18.924435      0.810000 
    38.652025    -36.251860    -18.981686      0.804000 
    38.652037    -36.258050    -19.038937      0.800000 
    38.652049    -36.264236    -19.096186      0.797000 
    38.652060    -36.270424    -19.153435      0.796000 
    38.652072    -36.276615    -19.210684      0.797000 
    38.652083    -36.282810    -19.267931      0.798000 
    38.652095    -36.289000    -19.325178      0.799000 
    38.652106    -36.295197    -19.382425      0.799000 
    38.652118    -36.301395    -19.439670      0.798000 
    38.652118    -36.307594    -19.496918      0.797000 
    38.652130    -36.313793    -19.554161      0.798000 
    38.652141    -36.319996    -19.611404      0.800000 
    38.652153    -36.326200    -19.668650      0.805000 
    38.652164    -36.332400    -19.725891      0.812000 
    38.652176    -36.338608    -19.783134      0.822000 
    38.652188    -36.344820    -19.840376      0.830000 
    38.652199    -36.351025    -19.897617      0.836000 
    38.652211    -36.357240    -19.954859      0.837000 
    54.117188    -33.799090    -19.957480      0.712000 
    54.117199    -33.805300    -19.900276      0.710000 
    54.117211    -33.811512    -19.843073      0.707000 
    54.117222    -33.817720    -19.785868      0.704000 
    54.117234    -33.823925    -19.728662      0.702000 
    54.117234    -33.830130    -19.671457      0.701000 
    54.117245    -33.836334    -19.614250      0.702000 
    54.117257    -33.842533    -19.557043      0.702000 
    54.117269    -33.848736    -19.499834      0.704000 
    54.117280    -33.854935    -19.442627      0.704000 
    54.117292    -33.861130    -19.385418      0.703000 
    54.117303    -33.867325    -19.328209      0.699000 
    54.117315    -33.873520    -19.270998      0.694000 
    54.117326    -33.879710    -19.213787      0.690000 
    54.117338    -33.885902    -19.156574      0.685000 
    54.117350    -33.892090    -19.099363      0.682000 
    54.117361    -33.898277    -19.042150      0.681000 
    54.117373    -33.904465    -18.984938      0.683000 
    54.117384    -33.910650    -18.927723      0.687000 
    54.117396    -33.916832    -18.870508      0.693000 
    54.117407    -33.923010    -18.813293      0.700000 
    54.117419    -33.929190    -18.756079      0.708000 
    54.117431    -33.935370    -18.698862      0.716000 
    54.117431    -33.941547    -18.641645      0.724000 
    54.117442    -33.947723    -18.584427      0.730000 
    54.117454    -33.953896    -18.527208      0.734000 
    54.117465    -33.960070    -18.469990      0.736000 
    54.117477    -33.966240    -18.412771      0.736000 
    54.117488    -33.972410    -18.355550      0.734000 
    54.117500    -33.978577    -18.298330      0.731000 
    54.117512    -33.984745    -18.241110      0.727000 
    54.117523    -33.990910    -18.183887      0.723000 
    54.117535    -33.997074    -18.126665      0.722000 
    54.117546    -34.003235    -18.069443      0.723000 
    54.117558    -34.009396    -18.012218      0.726000 
    56.115856    -34.806160    -19.968739      0.744000 
    56.115868    -34.812370    -19.911535      0.738000 
    56.115868    -34.818580    -19.854330      0.732000 
    56.115880    -34.824790    -19.797127      0.728000 
    56.115891    -34.830997    -19.739920      0.725000 
    56.115903    -34.837200    -19.682714      0.725000 
    56.115914    -34.843407    -19.625507      0.726000 
    56.115926    -34.849610    -19.568300      0.728000 
    56.115938    -34.855810    -19.511091      0.732000 
    56.115949    -34.862007    -19.453882      0.735000 
    56.115961    -34.868206    -19.396673      0.737000 
    56.115972    -34.874405    -19.339464      0.740000 
    56.115984    -34.880596    -19.282253      0.744000 
    56.115995    -34.886790    -19.225042      0.748000 
    56.116007    -34.892982    -19.167830      0.754000 
    56.116019    -34.899170    -19.110619      0.760000 
    56.116030    -34.905357    -19.053406      0.766000 
    56.116042    -34.911545    -18.996191      0.771000 
    56.116053    -34.917732    -18.938976      0.773000 
    56.116065    -34.923916    -18.881762      0.773000 
    56.116065    -34.930096    -18.824547      0.767000 
    56.116076    -34.936280    -18.767330      0.759000 
    56.116088    -34.942455    -18.710114      0.748000 
    56.116100    -34.948635    -18.652897      0.736000 
    56.116111    -34.954810    -18.595678      0.726000 
    56.116123    -34.960983    -18.538460      0.720000 
    56.116134    -34.967160    -18.481241      0.718000 
    56.116146    -34.973330    -18.424020      0.720000 
    56.116157    -34.979500    -18.366800      0.724000 
    56.116169    -34.985670    -18.309580      0.729000 
    56.116181    -34.991837    -18.252360      0.735000 
    56.116192    -34.998005    -18.195137      0.739000 
    56.116204    -35.004166    -18.137915      0.742000 
    56.116215    -35.010330    -18.080690      0.742000 
    56.116227    -35.016495    -18.023466      0.742000 
    57.604803    -33.321445    -18.025667      0.719000 
    57.604815    -33.327606    -18.082920      0.717000 
    57.604826    -33.333770    -18.140171      0.712000 
    57.604838    -33.339935    -18.197422      0.706000 
    57.604850    -33.346104    -18.254671      0.700000 
    57.604850    -33.352272    -18.311920      0.693000 
    57.604861    -33.358440    -18.369170      0.690000 
    57.604873    -33.364613    -18.426418      0.690000 
    57.604884    -33.370785    -18.483665      0.692000 
    57.604896    -33.376960    -18.540913      0.697000 
    57.604907    -33.383137    -18.598158      0.702000 
    57.604919    -33.389313    -18.655403      0.708000 
    57.604931    -33.395493    -18.712648      0.712000 
    57.604942    -33.401672    -18.769894      0.714000 
    57.604954    -33.407852    -18.827137      0.714000 
    57.604965    -33.414036    -18.884380      0.712000 
    57.604977    -33.420223    -18.941624      0.708000 
    57.604988    -33.426407    -18.998865      0.705000 
    57.605000    -33.432594    -19.056107      0.704000 
    57.605012    -33.438786    -19.113346      0.704000 
    57.605023    -33.444977    -19.170588      0.706000 
    57.605035    -33.451168    -19.227827      0.711000 
    57.605046    -33.457360    -19.285065      0.716000 
    57.605046    -33.463560    -19.342304      0.721000 
    57.605058    -33.469753    -19.399542      0.725000 
    57.605069    -33.475952    -19.456778      0.729000 
    57.605081    -33.482155    -19.514015      0.731000 
    57.605093    -33.488354    -19.571250      0.732000 
    57.605104    -33.494560    -19.628485      0.732000 
    57.605116    -33.500763    -19.685720      0.731000 
    57.605127    -33.506970    -19.742954      0.732000 
    57.605139    -33.513180    -19.800186      0.732000 
    57.605150    -33.519386    -19.857420      0.731000 
    57.605162    -33.525600    -19.914652      0.731000 
    57.605174    -33.531810    -19.971884      0.731000 
    58.114514    -35.813442    -19.981504      0.797000 
    58.114525    -35.819656    -19.924300      0.796000 
    58.114537    -35.825867    -19.867096      0.796000 
    58.114549    -35.832077    -19.809890      0.796000 
    58.114560    -35.838284    -19.752684      0.796000 
    58.114572    -35.844490    -19.695477      0.795000 
    58.114583    -35.850693    -19.638270      0.793000 
    58.114595    -35.856895    -19.581060      0.791000 
    58.114606    -35.863100    -19.523851      0.786000 
    58.114618    -35.869297    -19.466642      0.781000 
    58.114630    -35.875496    -19.409433      0.775000 
    58.114641    -35.881695    -19.352222      0.769000 
    58.114653    -35.887890    -19.295012      0.763000 
    58.114664    -35.894080    -19.237799      0.758000 
    58.114676    -35.900272    -19.180588      0.751000 
    58.114688    -35.906464    -19.123375      0.744000 
    58.114699    -35.912650    -19.066160      0.738000 
    58.114699    -35.918840    -19.008945      0.730000 
    58.114711    -35.925026    -18.951730      0.725000 
    58.114722    -35.931210    -18.894514      0.721000 
    58.114734    -35.937393    -18.837300      0.717000 
    58.114745    -35.943573    -18.780083      0.717000 
    58.114757    -35.949753    -18.722864      0.718000 
    58.114769    -35.955933    -18.665648      0.720000 
    58.114780    -35.962110    -18.608429      0.723000 
    58.114792    -35.968285    -18.551210      0.727000 
    58.114803    -35.974457    -18.493990      0.734000 
    58.114815    -35.980630    -18.436770      0.739000 
    58.114826    -35.986800    -18.379549      0.742000 
    58.114838    -35.992970    -18.322327      0.744000 
    58.114850    -35.999138    -18.265104      0.743000 
    58.114861    -36.005306    -18.207882      0.740000 
    58.114873    -36.011470    -18.150660      0.737000 
    58.114884    -36.017630    -18.093435      0.734000 
    58.114884    -36.023796    -18.036210      0.732000 
    59.603484    -34.332443    -18.005583      0.752000 
    59.603484    -34.338604    -18.062832      0.751000 
    59.603495    -34.344770    -18.120080      0.750000 
    59.603507    -34.350933    -18.177328      0.750000 
    59.603519    -34.357098    -18.234575      0.748000 
    59.603530    -34.363266    -18.291822      0.744000 
    59.603542    -34.369434    -18.349068      0.737000 
    59.603553    -34.375607    -18.406315      0.729000 
    59.603565    -34.381780    -18.463558      0.719000 
    59.603576    -34.387950    -18.520803      0.709000 
    59.603588    -34.394127    -18.578049      0.703000 
    59.603600    -34.400303    -18.635290      0.700000 
    59.603611    -34.406480    -18.692533      0.700000 
    59.603623    -34.412660    -18.749777      0.702000 
    59.603634    -34.418840    -18.807016      0.708000 
    59.603646    -34.425022    -18.864258      0.713000 
    59.603657    -34.431206    -18.921497      0.714000 
    59.603669    -34.437390    -18.978739      0.712000 
    59.603681    -34.443577    -19.035976      0.706000 
    59.603681    -34.449768    -19.093216      0.698000 
    59.603692    -34.455956    -19.150454      0.690000 
    59.603704    -34.462147    -19.207690      0.683000 
    59.603715    -34.468340    -19.264927      0.682000 
    59.603727    -34.474537    -19.322163      0.684000 
    59.603738    -34.480730    -19.379396      0.692000 
    59.603750    -34.486930    -19.436632      0.704000 
    59.603762    -34.493130    -19.493866      0.719000 
    59.603773    -34.499330    -19.551100      0.732000 
    59.603785    -34.505530    -19.608332      0.742000 
    59.603796    -34.511734    -19.665564      0.748000 
    59.603808    -34.517940    -19.722795      0.750000 
    59.603819    -34.524147    -19.780025      0.747000 
    59.603831    -34.530357    -19.837255      0.742000 
    59.603843    -34.536568    -19.894485      0.736000 
    59.603854    -34.542778    -19.951715      0.731000 
    60.113206    -36.830658    -19.951347      0.758000 
    60.113218    -36.836870    -19.894142      0.755000 
    60.113229    -36.843075    -19.836937      0.755000 
    60.113241    -36.849285    -19.779730      0.758000 
    60.113252    -36.855490    -19.722523      0.765000 
    60.113264    -36.861694    -19.665314      0.774000 
    60.113275    -36.867900    -19.608107      0.782000 
    60.113287    -36.874100    -19.550898      0.786000 
    60.113299    -36.880302    -19.493687      0.787000 
    60.113310    -36.886497    -19.436476      0.782000 
    60.113322    -36.892696    -19.379265      0.773000 
    60.113333    -36.898890    -19.322054      0.762000 
    60.113333    -36.905087    -19.264841      0.751000 
    60.113345    -36.911278    -19.207628      0.743000 
    60.113356    -36.917470    -19.150415      0.740000 
    60.113368    -36.923656    -19.093200      0.740000 
    60.113380    -36.929844    -19.035986      0.746000 
    60.113391    -36.936030    -18.978770      0.752000 
    60.113403    -36.942215    -18.921555      0.757000 
    60.113414    -36.948400    -18.864338      0.760000 
    60.113426    -36.954580    -18.807120      0.759000 
    60.113437    -36.960760    -18.749903      0.755000 
    60.113449    -36.966938    -18.692684      0.748000 
    60.113461    -36.973114    -18.635466      0.738000 
    60.113472    -36.979290    -18.578245      0.729000 
    60.113484    -36.985462    -18.521025      0.721000 
    60.113495    -36.991640    -18.463804      0.718000 
    60.113507    -36.997807    -18.406582      0.718000 
   209.298345    -36.021380    -18.052055      0.634000 
   209.298356    -36.027534    -18.109297      0.643000 
   209.298368    -36.033688    -18.166538      0.650000 
   209.298380    -36.039845    -18.223780      0.654000 
   209.298391    -36.046000    -18.281020      0.654000 
   209.298403    -36.052160    -18.338259      0.650000 
   209.298414    -36.058320    -18.395496      0.641000 
   209.298414    -36.064480    -18.452736      0.632000 
   209.298426    -36.070640    -18.509972      0.623000 
   209.298438    -36.076805    -18.567210      0.619000 
   209.298449    -36.082970    -18.624447      0.621000 
   209.298461    -36.089134    -18.681680      0.628000 
   209.298472    -36.095306    -18.738916      0.639000 
   209.298484    -36.101475    -18.796150      0.652000 
   209.298495    -36.107647    -18.853386      0.664000 
   209.298507    -36.113820    -18.910618      0.674000 
   209.298519    -36.119995    -18.967852      0.679000 
   209.298530    -36.126167    -19.025084      0.683000 
   209.298542    -36.132347    -19.082315      0.685000 
   209.298553    -36.138523    -19.139545      0.686000 
   209.298565    -36.144707    -19.196775      0.690000 
   209.298576    -36.150887    -19.254005      0.696000 
   209.298588    -36.157070    -19.311235      0.705000 
   209.298600    -36.163254    -19.368464      0.714000 
   209.298611    -36.169440    -19.425692      0.723000 
   209.298611    -36.175630    -19.482920      0.732000 
   209.298623    -36.181820    -19.540146      0.737000 
   209.298634    -36.188010    -19.597372      0.738000 
   209.298646    -36.194202    -19.654596      0.737000 
   209.298657    -36.200397    -19.711823      0.733000 
   209.298669    -36.206593    -19.769047      0.728000 
   209.298681    -36.212790    -19.826270      0.723000 
   209.298692    -36.218990    -19.883493      0.716000 
   209.298704    -36.225190    -19.940716      0.709000 
   209.298715    -36.231396    -19.997936      0.701000 
   224.763611    -33.663963    -19.954288      0.682000 
   224.763623    -33.670166    -19.897070      0.673000 
   224.763634    -33.676370    -19.839850      0.661000 
   224.763646    -33.682570    -19.782627      0.646000 
   224.763657    -33.688770    -19.725407      0.633000 
   224.763669    -33.694970    -19.668184      0.624000 
   224.763681    -33.701164    -19.610962      0.619000 
   224.763692    -33.707360    -19.553738      0.620000 
   224.763704    -33.713554    -19.496513      0.625000 
   224.763715    -33.719746    -19.439290      0.630000 
   224.763727    -33.725937    -19.382063      0.635000 
   224.763738    -33.732124    -19.324837      0.637000 
   224.763738    -33.738310    -19.267610      0.636000 
   224.763750    -33.744495    -19.210384      0.631000 
   224.763762    -33.750683    -19.153156      0.626000 
   224.763773    -33.756863    -19.095928      0.622000 
   224.763785    -33.763042    -19.038698      0.621000 
   224.763796    -33.769222    -18.981468      0.623000 
   224.763808    -33.775400    -18.924238      0.628000 
   224.763819    -33.781578    -18.867008      0.635000 
   224.763831    -33.787754    -18.809776      0.644000 
   224.763843    -33.793926    -18.752544      0.651000 
   224.763854    -33.800100    -18.695312      0.658000 
   224.763866    -33.806267    -18.638079      0.663000 
   224.763877    -33.812435    -18.580845      0.665000 
   224.763889    -33.818604    -18.523611      0.665000 
   224.763900    -33.824770    -18.466375      0.663000 
   224.763912    -33.830936    -18.409140      0.661000 
   224.763924    -33.837097    -18.351904      0.660000 
   224.763924    -33.843258    -18.294666      0.658000 
   224.763935    -33.849420    -18.237430      0.657000 
   224.763947    -33.855580    -18.180193      0.655000 
   224.763958    -33.861736    -18.122953      0.654000 
   224.763970    -33.867890    -18.065714      0.652000 
   224.763981    -33.874046    -18.008474      0.649000 
   226.762315    -34.690830    -19.812000      0.687000 
   226.762326    -34.697030    -19.754780      0.684000 
   226.762338    -34.703228    -19.697557      0.684000 
   226.762373    -34.728010    -19.468666      0.697000 
   226.762384    -34.734200    -19.411442      0.694000 
   226.762431    -34.758950    -19.182537      0.623000 
   226.762465    -34.777493    -19.010853      0.585000 
   226.762488    -34.789850    -18.896393      0.605000 
   226.762512    -34.802197    -18.781930      0.646000 
   226.762523    -34.808372    -18.724699      0.665000 
   226.762535    -34.814540    -18.667467      0.681000 
   226.762546    -34.820713    -18.610233      0.689000 
   226.762558    -34.826880    -18.553000      0.690000 
   226.762558    -34.833046    -18.495766      0.684000 
   226.762569    -34.839210    -18.438532      0.675000 
   226.762581    -34.845375    -18.381296      0.665000 
   226.762593    -34.851540    -18.324060      0.657000 
   226.762604    -34.857700    -18.266823      0.651000 
   226.762616    -34.863857    -18.209585      0.648000 
   226.762627    -34.870014    -18.152348      0.648000 
   226.762639    -34.876170    -18.095110      0.646000 
   228.251250    -33.193270    -18.053675      0.624000 
   228.251262    -33.199425    -18.110920      0.628000 
   228.251273    -33.205580    -18.168163      0.633000 
   228.251285    -33.211740    -18.225407      0.636000 
   228.251296    -33.217900    -18.282650      0.637000 
   228.251308    -33.224060    -18.339891      0.636000 
   228.251319    -33.230220    -18.397135      0.632000 
   228.251331    -33.236385    -18.454374      0.628000 
   228.251343    -33.242550    -18.511616      0.625000 
   228.251354    -33.248720    -18.568855      0.624000 
   228.251354    -33.254887    -18.626095      0.627000 
   228.251366    -33.261055    -18.683332      0.633000 
   228.251377    -33.267227    -18.740570      0.643000 
   228.251389    -33.273400    -18.797808      0.654000 
   228.251400    -33.279570    -18.855045      0.662000 
   228.251412    -33.285748    -18.912281      0.668000 
   228.251424    -33.291924    -18.969517      0.670000 
   228.251435    -33.298103    -19.026750      0.668000 
   228.251447    -33.304283    -19.083986      0.663000 
   228.251458    -33.310467    -19.141218      0.657000 
   228.251470    -33.316650    -19.198454      0.652000 
   228.251481    -33.322834    -19.255686      0.649000 
   228.251493    -33.329020    -19.312918      0.650000 
   228.251505    -33.335210    -19.370148      0.653000 
   228.251516    -33.341396    -19.427380      0.657000 
   228.251528    -33.347588    -19.484610      0.662000 
   228.251539    -33.353783    -19.541840      0.666000 
   228.251539    -33.359978    -19.599068      0.669000 
   228.251551    -33.366173    -19.656296      0.671000 
   228.251563    -33.372368    -19.713524      0.673000 
   228.251574    -33.378567    -19.770752      0.676000 
   228.251586    -33.384770    -19.827976      0.680000 
   228.251597    -33.390970    -19.885202      0.682000 
   228.251609    -33.397175    -19.942429      0.684000 
   228.251620    -33.403378    -19.999653      0.684000 
   228.760961    -35.685326    -19.987804      0.724000 
   228.760972    -35.691532    -19.930586      0.713000 
   228.760984    -35.697735    -19.873367      0.703000 
   228.760995    -35.703938    -19.816147      0.695000 
   228.760995    -35.710136    -19.758926      0.691000 
   228.761007    -35.716335    -19.701706      0.689000 
   228.761019    -35.722530    -19.644485      0.689000 
   228.761030    -35.728725    -19.587261      0.690000 
   228.761042    -35.734920    -19.530040      0.691000 
   228.761053    -35.741110    -19.472816      0.690000 
   228.761065    -35.747303    -19.415592      0.688000 
   228.761076    -35.753490    -19.358368      0.684000 
   228.761088    -35.759680    -19.301144      0.679000 
   228.761100    -35.765865    -19.243917      0.674000 
   228.761111    -35.772053    -19.186690      0.671000 
   228.761123    -35.778233    -19.129463      0.670000 
   228.761134    -35.784416    -19.072235      0.672000 
   228.761146    -35.790596    -19.015007      0.674000 
   228.761157    -35.796772    -18.957779      0.676000 
   228.761169    -35.802950    -18.900549      0.675000 
   228.761181    -35.809124    -18.843319      0.670000 
   228.761192    -35.815300    -18.786089      0.661000 
   228.761192    -35.821472    -18.728857      0.648000 
   228.761204    -35.827640    -18.671625      0.635000 
   228.761215    -35.833813    -18.614393      0.628000 
   228.761227    -35.839977    -18.557160      0.626000 
   228.761238    -35.846146    -18.499926      0.634000 
   228.761250    -35.852310    -18.442692      0.649000 
   228.761262    -35.858475    -18.385456      0.670000 
   228.761273    -35.864635    -18.328222      0.691000 
   228.761285    -35.870796    -18.270987      0.706000 
   228.761296    -35.876957    -18.213749      0.712000 
   228.761308    -35.883114    -18.156511      0.707000 
   228.761319    -35.889270    -18.099274      0.692000 
   228.761331    -35.895424    -18.042036      0.670000 
   230.249931    -34.206116    -18.052794      0.652000 
   230.249942    -34.212270    -18.110039      0.661000 
   230.249954    -34.218426    -18.167282      0.668000 
   230.249965    -34.224583    -18.224525      0.672000 
   230.249977    -34.230743    -18.281769      0.671000 
   230.249988    -34.236904    -18.339012      0.669000 
   230.249988    -34.243065    -18.396254      0.665000 
   230.250000    -34.249230    -18.453495      0.660000 
   230.250012    -34.255394    -18.510736      0.656000 
   230.250023    -34.261560    -18.567976      0.654000 
   230.250035    -34.267727    -18.625216      0.653000 
   230.250046    -34.273895    -18.682453      0.654000 
   230.250058    -34.280067    -18.739693      0.654000 
   230.250069    -34.286240    -18.796930      0.656000 
   230.250081    -34.292416    -18.854168      0.656000 
   230.250093    -34.298588    -18.911404      0.655000 
   230.250104    -34.304768    -18.968640      0.654000 
   230.250116    -34.310944    -19.025875      0.653000 
   230.250127    -34.317123    -19.083110      0.652000 
   230.250139    -34.323303    -19.140345      0.652000 
   230.250150    -34.329487    -19.197578      0.654000 
   230.250162    -34.335670    -19.254810      0.658000 
   230.250174    -34.341858    -19.312042      0.664000 
   230.250174    -34.348045    -19.369274      0.668000 
   230.250185    -34.354237    -19.426504      0.674000 
   230.250197    -34.360428    -19.483736      0.681000 
   230.250208    -34.366620    -19.540966      0.687000 
   230.250220    -34.372810    -19.598194      0.693000 
   230.250231    -34.379005    -19.655422      0.697000 
   230.250243    -34.385204    -19.712650      0.702000 
   230.250255    -34.391403    -19.769878      0.705000 
   230.250266    -34.397602    -19.827106      0.705000 
   230.250278    -34.403805    -19.884333      0.705000 
   230.250289    -34.410007    -19.941557      0.704000 
   230.250301    -34.416210    -19.998781      0.702000 
   230.759630    -36.698364    -19.988493      0.709000 
   230.759641    -36.704567    -19.931274      0.697000 
   230.759653    -36.710770    -19.874058      0.685000 
   230.759664    -36.716972    -19.816837      0.671000 
   230.759676    -36.723170    -19.759619      0.658000 
   230.759687    -36.729370    -19.702398      0.646000 
   230.759699    -36.735565    -19.645178      0.636000 
   230.759711    -36.741760    -19.587955      0.628000 
   230.759722    -36.747955    -19.530733      0.621000 
   230.759734    -36.754147    -19.473510      0.616000 
   230.759745    -36.760338    -19.416286      0.616000 
   230.759757    -36.766525    -19.359062      0.618000 
   230.759769    -36.772713    -19.301838      0.625000 
   230.759780    -36.778900    -19.244612      0.635000 
   230.759792    -36.785084    -19.187386      0.649000 
   230.759803    -36.791267    -19.130160      0.664000 
   230.759815    -36.797447    -19.072933      0.680000 
   230.759826    -36.803627    -19.015705      0.693000 
   230.759826    -36.809803    -18.958477      0.703000 
   230.759838    -36.815983    -18.901249      0.709000 
   230.759850    -36.822155    -18.844019      0.714000 
   230.759861    -36.828327    -18.786789      0.715000 
   230.759873    -36.834500    -18.729559      0.716000 
   230.759884    -36.840670    -18.672325      0.714000 
   230.759896    -36.846840    -18.615093      0.711000 
   230.759907    -36.853010    -18.557861      0.707000 
   230.759919    -36.859173    -18.500630      0.703000 
   230.759931    -36.865337    -18.443396      0.698000 
   230.759942    -36.871502    -18.386162      0.694000 
   230.759954    -36.877663    -18.328926      0.688000 
   230.759965    -36.883823    -18.271690      0.685000 
   230.759977    -36.889984    -18.214455      0.682000 
   230.759988    -36.896140    -18.157219      0.681000 
   230.760000    -36.902294    -18.099980      0.680000 
   230.760012    -36.908450    -18.042744      0.681000 
   232.248611    -35.219246    -18.056421      0.649000 
   232.248611    -35.225403    -18.113667      0.655000 
   232.248623    -35.231560    -18.170910      0.658000 
   232.248634    -35.237717    -18.228153      0.659000 
   232.248646    -35.243874    -18.285397      0.658000 
   232.248657    -35.250034    -18.342640      0.657000 
   232.248669    -35.256200    -18.399881      0.655000 
   232.248681    -35.262363    -18.457123      0.653000 
   232.248692    -35.268528    -18.514364      0.652000 
   232.248704    -35.274693    -18.571606      0.653000 
   232.248715    -35.280860    -18.628843      0.654000 
   232.248727    -35.287030    -18.686083      0.656000 
   232.248738    -35.293200    -18.743322      0.658000 
   232.248750    -35.299374    -18.800560      0.660000 
   232.248762    -35.305550    -18.857798      0.659000 
   232.248773    -35.311726    -18.915033      0.658000 
   232.248785    -35.317900    -18.972270      0.658000 
   232.248796    -35.324080    -19.029507      0.658000 
   232.248808    -35.330260    -19.086740      0.659000 
   232.248808    -35.336440    -19.143974      0.662000 
   232.248819    -35.342625    -19.201208      0.667000 
   232.248831    -35.348810    -19.258442      0.674000 
   232.248843    -35.354996    -19.315674      0.681000 
   232.248854    -35.361183    -19.372906      0.688000 
   232.248866    -35.367370    -19.430138      0.694000 
   232.248877    -35.373560    -19.487368      0.698000 
   232.248889    -35.379757    -19.544598      0.700000 
   232.248900    -35.385950    -19.601828      0.701000 
   232.248912    -35.392147    -19.659056      0.703000 
   232.248924    -35.398342    -19.716284      0.705000 
   232.248935    -35.404540    -19.773512      0.710000 
   232.248947    -35.410744    -19.830738      0.716000 
   232.248958    -35.416943    -19.887964      0.723000 
   232.248970    -35.423150    -19.945190      0.731000 
   234.247269    -36.226643    -18.007177      0.650000 
   234.247280    -36.232800    -18.064423      0.647000 
   234.247292    -36.238956    -18.121668      0.646000 
   234.247303    -36.245113    -18.178911      0.646000 
   234.247315    -36.251270    -18.236156      0.646000 
   234.247326    -36.257430    -18.293400      0.648000 
   234.247338    -36.263590    -18.350641      0.649000 
   234.247350    -36.269756    -18.407885      0.649000 
   234.247361    -36.275920    -18.465126      0.648000 
   234.247373    -36.282085    -18.522366      0.645000 
   234.247384    -36.288254    -18.579607      0.642000 
   234.247396    -36.294422    -18.636847      0.638000 
   234.247407    -36.300594    -18.694086      0.634000 
   234.247419    -36.306767    -18.751324      0.630000 
   234.247431    -36.312940    -18.808561      0.629000 
   234.247442    -36.319115    -18.865800      0.626000 
   234.247442    -36.325290    -18.923037      0.626000 
   234.247454    -36.331470    -18.980272      0.629000 
   234.247465    -36.337646    -19.037508      0.633000 
   234.247477    -36.343830    -19.094744      0.638000 
   234.247488    -36.350010    -19.151978      0.643000 
   234.247500    -36.356197    -19.209211      0.648000 
   234.247512    -36.362380    -19.266443      0.651000 
   234.247523    -36.368570    -19.323677      0.654000 
   234.247535    -36.374760    -19.380909      0.655000 
   234.247546    -36.380947    -19.438140      0.655000 
   234.247558    -36.387140    -19.495370      0.655000 
   234.247569    -36.393333    -19.552600      0.657000 
   234.247581    -36.399530    -19.609830      0.660000 
   234.247593    -36.405724    -19.667059      0.667000 
   234.247604    -36.411922    -19.724287      0.676000 
   234.247616    -36.418120    -19.781515      0.688000 
   234.247627    -36.424324    -19.838741      0.700000 
   234.247639    -36.430527    -19.895967      0.711000 
   234.247639    -36.436733    -19.953194      0.719000 
