    28.346528    -34.353770     -8.009553      0.654000 
    28.346539    -34.367450     -8.066566      0.654000 
    28.346551    -34.381138     -8.123579      0.656000 
    28.346562    -34.394825     -8.180591      0.656000 
    28.346574    -34.408516     -8.237606      0.655000 
    28.346586    -34.422210     -8.294620      0.653000 
    28.346597    -34.435905     -8.351633      0.651000 
    28.346609    -34.449604     -8.408649      0.649000 
    28.346620    -34.463306     -8.465664      0.648000 
    28.346632    -34.477013     -8.522679      0.650000 
    28.346644    -34.490720     -8.579694      0.653000 
    28.346655    -34.504433     -8.636710      0.658000 
    28.346667    -34.518147     -8.693726      0.664000 
    28.346678    -34.531860     -8.750742      0.670000 
    28.346690    -34.545580     -8.807758      0.675000 
    28.346701    -34.559303     -8.864775      0.679000 
    28.346713    -34.573032     -8.921792      0.679000 
    28.346725    -34.586760     -8.978809      0.677000 
    28.346736    -34.600494     -9.035827      0.674000 
    28.346748    -34.614230     -9.092845      0.668000 
    28.346759    -34.627970     -9.149863      0.662000 
    28.346771    -34.641712     -9.206881      0.655000 
    28.346782    -34.655457     -9.263899      0.649000 
    28.346794    -34.669210     -9.320918      0.644000 
    28.346806    -34.682960     -9.377937      0.640000 
    28.346817    -34.696716     -9.434956      0.640000 
    28.346829    -34.710472     -9.491976      0.639000 
    28.346840    -34.724236     -9.548996      0.640000 
    28.346852    -34.738003     -9.606015      0.643000 
    28.346863    -34.751770     -9.663036      0.647000 
    28.346875    -34.765540     -9.720056      0.651000 
    28.346887    -34.779316     -9.777077      0.655000 
    28.346898    -34.793095     -9.834098      0.658000 
    28.346910    -34.806880     -9.891119      0.658000 
    28.346921    -34.820667     -9.948141      0.658000 
    28.346933    -34.834454    -10.005162      0.657000 
    28.346944    -34.848248    -10.062184      0.653000 
    28.346956    -34.862045    -10.119207      0.649000 
    28.346968    -34.875847    -10.176229      0.645000 
    28.346979    -34.889650    -10.233252      0.643000 
    28.346991    -34.903458    -10.290275      0.642000 
    28.347002    -34.917267    -10.347298      0.641000 
    28.347014    -34.931084    -10.404321      0.642000 
    28.347025    -34.944900    -10.461344      0.643000 
    28.347037    -34.958720    -10.518368      0.644000 
    28.347049    -34.972550    -10.575392      0.643000 
    28.347060    -34.986378    -10.632416      0.639000 
    28.347072    -35.000214    -10.689441      0.635000 
    28.347083    -35.014050    -10.746466      0.629000 
    28.347095    -35.027890    -10.803490      0.621000 
    28.347106    -35.041737    -10.860516      0.615000 
    28.347118    -35.055584    -10.917541      0.610000 
    28.347130    -35.069435    -10.974566      0.609000 
    28.347141    -35.083290    -11.031592      0.609000 
    28.347153    -35.097153    -11.088618      0.613000 
    28.347164    -35.111015    -11.145644      0.619000 
    28.347176    -35.124886    -11.202671      0.626000 
    28.347187    -35.138756    -11.259697      0.634000 
    28.347199    -35.152634    -11.316724      0.640000 
    28.347211    -35.166515    -11.373751      0.645000 
    28.347222    -35.180397    -11.430779      0.648000 
    28.347234    -35.194286    -11.487806      0.648000 
    28.347245    -35.208180    -11.544834      0.645000 
    28.347257    -35.222076    -11.601862      0.641000 
    28.347269    -35.235973    -11.658890      0.636000 
    28.347280    -35.249880    -11.715918      0.632000 
    28.347292    -35.263790    -11.772947      0.629000 
    28.347303    -35.277702    -11.829976      0.626000 
    28.347315    -35.291620    -11.887004      0.625000 
    28.347326    -35.305542    -11.944034      0.626000 
    31.860660    -36.134670    -11.968640      0.653000 
    31.860671    -36.148617    -11.911530      0.664000 
    31.860683    -36.162556    -11.854420      0.672000 
    31.860694    -36.176495    -11.797311      0.677000 
    31.860706    -36.190430    -11.740201      0.679000 
    31.860718    -36.204357    -11.683092      0.678000 
    31.860741    -36.232204    -11.568874      0.672000 
    31.860752    -36.246120    -11.511765      0.670000 
    31.860764    -36.260033    -11.454657      0.669000 
    31.860775    -36.273940    -11.397549      0.670000 
    31.860787    -36.287846    -11.340441      0.672000 
    31.860799    -36.301746    -11.283333      0.675000 
    31.860810    -36.315643    -11.226226      0.680000 
    31.860822    -36.329536    -11.169118      0.682000 
    31.860833    -36.343426    -11.112011      0.683000 
    31.860845    -36.357310    -11.054904      0.682000 
    31.860856    -36.371190    -10.997798      0.679000 
    31.860868    -36.385067    -10.940691      0.676000 
    31.860880    -36.398940    -10.883585      0.672000 
    31.860891    -36.412807    -10.826479      0.668000 
    31.860903    -36.426674    -10.769373      0.666000 
    31.860914    -36.440536    -10.712268      0.664000 
    31.860926    -36.454390    -10.655163      0.663000 
    31.860938    -36.468246    -10.598057      0.662000 
    33.352292    -36.920612    -10.915264      0.654000 
    33.352303    -36.934467    -10.972292      0.651000 
    33.352315    -36.948326    -11.029320      0.648000 
    33.352326    -36.962190    -11.086348      0.646000 
    33.352338    -36.976055    -11.143377      0.644000 
    33.352350    -36.989925    -11.200406      0.644000 
    35.850799    -33.011900     -9.460430      0.541000 
    35.850810    -33.025680     -9.403331      0.545000 
    35.850822    -33.039460     -9.346233      0.552000 
    35.850833    -33.053230     -9.289135      0.559000 
    35.850845    -33.067000     -9.232037      0.565000 
    35.850856    -33.080770     -9.174939      0.568000 
    35.850868    -33.094532     -9.117842      0.569000 
    35.850880    -33.108295     -9.060744      0.567000 
    35.850891    -33.122050     -9.003647      0.565000 
    35.850903    -33.135807     -8.946551      0.562000 
    35.850914    -33.149555     -8.889454      0.559000 
    35.850926    -33.163303     -8.832358      0.557000 
    35.850938    -33.177050     -8.775262      0.556000 
    35.850949    -33.190792     -8.718166      0.557000 
    35.850961    -33.204533     -8.661071      0.557000 
    35.850972    -33.218266     -8.603976      0.556000 
    35.850984    -33.232000     -8.546881      0.556000 
    35.850995    -33.245728     -8.489786      0.556000 
    35.851007    -33.259457     -8.432692      0.555000 
    35.851019    -33.273180     -8.375598      0.556000 
    35.851030    -33.286900     -8.318503      0.557000 
    35.851042    -33.300617     -8.261410      0.558000 
    35.851053    -33.314335     -8.204317      0.560000 
    35.851065    -33.328045     -8.147224      0.560000 
    35.851076    -33.341755     -8.090131      0.559000 
    35.851088    -33.355460     -8.033039      0.557000 
    37.341782    -33.012890    -10.188687      0.625000 
    37.341794    -33.026695    -10.245716      0.635000 
    37.341806    -33.040510    -10.302745      0.644000 
    37.341817    -33.054325    -10.359775      0.648000 
    37.341829    -33.068142    -10.416805      0.649000 
    37.341840    -33.081966    -10.473835      0.647000 
    37.341852    -33.095790    -10.530865      0.643000 
    37.341863    -33.109623    -10.587896      0.636000 
    37.341875    -33.123455    -10.644926      0.629000 
    37.341887    -33.137295    -10.701957      0.623000 
    37.341898    -33.151134    -10.758989      0.618000 
    37.341910    -33.164980    -10.816020      0.614000 
    37.341921    -33.178830    -10.873052      0.613000 
    37.341933    -33.192680    -10.930084      0.612000 
    37.341944    -33.206540    -10.987116      0.611000 
    37.341956    -33.220400    -11.044148      0.611000 
    37.341968    -33.234264    -11.101181      0.612000 
    37.341979    -33.248130    -11.158214      0.615000 
    37.341991    -33.262005    -11.215247      0.619000 
    37.342002    -33.275883    -11.272280      0.626000 
    37.342014    -33.289760    -11.329314      0.634000 
    37.342025    -33.303646    -11.386347      0.643000 
    37.342037    -33.317535    -11.443381      0.649000 
    37.342049    -33.331430    -11.500416      0.653000 
    37.342060    -33.345325    -11.557450      0.653000 
    37.342072    -33.359226    -11.614485      0.651000 
    37.342083    -33.373130    -11.671519      0.644000 
    37.342095    -33.387040    -11.728554      0.638000 
    37.342106    -33.400955    -11.785590      0.631000 
    37.342118    -33.414870    -11.842625      0.626000 
    37.342130    -33.428795    -11.899661      0.625000 
    37.342141    -33.442720    -11.956697      0.626000 
    40.855463    -34.266273    -11.976797      0.643000 
    40.855475    -34.280216    -11.919690      0.638000 
    40.855486    -34.294160    -11.862584      0.634000 
    40.855498    -34.308098    -11.805478      0.631000 
    40.855509    -34.322030    -11.748372      0.631000 
    40.855521    -34.335957    -11.691267      0.630000 
    40.855532    -34.349880    -11.634161      0.631000 
    40.855544    -34.363804    -11.577056      0.631000 
    40.855556    -34.377720    -11.519951      0.629000 
    40.855567    -34.391632    -11.462846      0.627000 
    40.855579    -34.405540    -11.405741      0.624000 
    40.855590    -34.419440    -11.348637      0.620000 
    40.855602    -34.433342    -11.291533      0.616000 
    40.855613    -34.447240    -11.234429      0.613000 
    40.855625    -34.461130    -11.177325      0.611000 
    40.855637    -34.475018    -11.120222      0.612000 
    40.855648    -34.488903    -11.063118      0.612000 
    40.855660    -34.502780    -11.006015      0.613000 
    40.855671    -34.516660    -10.948913      0.613000 
    40.855683    -34.530530    -10.891810      0.610000 
    40.855694    -34.544400    -10.834708      0.607000 
    40.855706    -34.558260    -10.777605      0.602000 
    40.855718    -34.572124    -10.720504      0.595000 
    40.855741    -34.599830    -10.606301      0.585000 
    40.855752    -34.613680    -10.549199      0.584000 
    40.855764    -34.627530    -10.492098      0.586000 
    40.855775    -34.641370    -10.434998      0.590000 
    40.855787    -34.655210    -10.377897      0.597000 
    40.855799    -34.669040    -10.320797      0.605000 
    40.855810    -34.682873    -10.263697      0.614000 
    40.855822    -34.696700    -10.206597      0.620000 
    40.855833    -34.710520    -10.149497      0.626000 
    40.855845    -34.724342    -10.092398      0.628000 
    40.855856    -34.738160    -10.035299      0.627000 
    40.855868    -34.751972     -9.978200      0.624000 
    40.855880    -34.765780     -9.921102      0.619000 
    40.855891    -34.779587     -9.864003      0.613000 
    40.855903    -34.793390     -9.806905      0.608000 
    40.855914    -34.807186     -9.749807      0.605000 
    40.855926    -34.820984     -9.692710      0.605000 
    40.855938    -34.834774     -9.635613      0.608000 
    40.855949    -34.848564     -9.578516      0.614000 
    40.855961    -34.862347     -9.521419      0.623000 
    40.855972    -34.876130     -9.464322      0.635000 
    40.855984    -34.889908     -9.407226      0.648000 
    40.855995    -34.903683     -9.350130      0.661000 
    40.856007    -34.917454     -9.293035      0.671000 
    40.856019    -34.931220     -9.235939      0.677000 
    40.856030    -34.944990     -9.178844      0.679000 
    40.856042    -34.958750     -9.121749      0.677000 
    40.856053    -34.972507     -9.064655      0.674000 
    40.856065    -34.986263     -9.007561      0.669000 
    40.856076    -35.000015     -8.950467      0.665000 
    40.856088    -35.013767     -8.893373      0.662000 
    40.856100    -35.027510     -8.836280      0.659000 
    40.856111    -35.041256     -8.779187      0.655000 
    42.346516    -34.359413     -8.040595      0.612000 
    42.346528    -34.373100     -8.097619      0.606000 
    42.346539    -34.386787     -8.154645      0.601000 
    42.346551    -34.400482     -8.211670      0.595000 
    42.346562    -34.414177     -8.268696      0.591000 
    42.346574    -34.427876     -8.325721      0.590000 
    42.346586    -34.441578     -8.382748      0.595000 
    42.346597    -34.455280     -8.439774      0.602000 
    42.346609    -34.468990     -8.496801      0.613000 
    42.346620    -34.482700     -8.553828      0.625000 
    42.346632    -34.496414     -8.610855      0.634000 
    42.346644    -34.510130     -8.667882      0.640000 
    42.346655    -34.523850     -8.724910      0.641000 
    42.346667    -34.537570     -8.781938      0.638000 
    42.346678    -34.551296     -8.838967      0.634000 
    42.346690    -34.565025     -8.895995      0.628000 
    42.346701    -34.578760     -8.953024      0.623000 
    42.346713    -34.592490     -9.010053      0.619000 
    42.346725    -34.606230     -9.067083      0.616000 
    42.346736    -34.619972     -9.124113      0.617000 
    42.346748    -34.633717     -9.181143      0.617000 
    42.346759    -34.647465     -9.238173      0.618000 
    42.346771    -34.661217     -9.295204      0.618000 
    42.346782    -34.674970     -9.352235      0.619000 
    42.346794    -34.688730     -9.409266      0.619000 
    42.346806    -34.702488     -9.466297      0.620000 
    42.346817    -34.716250     -9.523329      0.622000 
    42.346829    -34.730022     -9.580361      0.626000 
    42.346840    -34.743793     -9.637393      0.631000 
    42.346852    -34.757565     -9.694426      0.636000 
    42.346863    -34.771343     -9.751458      0.641000 
    42.346875    -34.785126     -9.808492      0.644000 
    42.346887    -34.798910     -9.865525      0.645000 
    42.346898    -34.812700     -9.922558      0.644000 
    42.346910    -34.826490     -9.979592      0.640000 
    42.346921    -34.840282    -10.036626      0.635000 
    42.346933    -34.854084    -10.093661      0.629000 
    42.346944    -34.867886    -10.150695      0.624000 
    42.346956    -34.881695    -10.207730      0.619000 
    42.346968    -34.895500    -10.264765      0.616000 
    42.346979    -34.909313    -10.321801      0.613000 
    42.346991    -34.923134    -10.378836      0.611000 
    42.347002    -34.936954    -10.435872      0.610000 
    42.347014    -34.950775    -10.492908      0.608000 
    42.347025    -34.964603    -10.549944      0.606000 
    42.347037    -34.978436    -10.606981      0.604000 
    42.347049    -34.992270    -10.664018      0.600000 
    42.347060    -35.006110    -10.721055      0.597000 
    42.347072    -35.019955    -10.778092      0.593000 
    42.347083    -35.033802    -10.835130      0.591000 
    42.347095    -35.047653    -10.892168      0.590000 
    42.347106    -35.061510    -10.949206      0.591000 
    42.347118    -35.075363    -11.006244      0.592000 
    42.347130    -35.089226    -11.063282      0.595000 
    42.347141    -35.103092    -11.120321      0.599000 
    42.347153    -35.116962    -11.177360      0.604000 
    42.347164    -35.130836    -11.234399      0.610000 
    42.347176    -35.144720    -11.291439      0.616000 
    42.347187    -35.158600    -11.348479      0.622000 
    42.347199    -35.172485    -11.405519      0.628000 
    42.347211    -35.186375    -11.462559      0.634000 
    42.347222    -35.200268    -11.519599      0.640000 
    42.347234    -35.214170    -11.576640      0.645000 
    42.347245    -35.228073    -11.633681      0.650000 
    42.347257    -35.241978    -11.690722      0.656000 
    42.347269    -35.255890    -11.747763      0.660000 
    42.347280    -35.269806    -11.804805      0.664000 
    42.347292    -35.283726    -11.861846      0.668000 
    42.347303    -35.297650    -11.918888      0.671000 
    42.347315    -35.311577    -11.975931      0.674000 
    45.860637    -36.131145    -11.971390      0.634000 
    45.860648    -36.145090    -11.914288      0.636000 
    45.860660    -36.159030    -11.857186      0.637000 
    45.860671    -36.172966    -11.800085      0.637000 
    45.860683    -36.186897    -11.742983      0.636000 
    45.860694    -36.200825    -11.685882      0.632000 
    45.860706    -36.214750    -11.628781      0.627000 
    45.860718    -36.228670    -11.571680      0.621000 
    45.860729    -36.242584    -11.514579      0.616000 
    45.860741    -36.256496    -11.457479      0.613000 
    45.860752    -36.270400    -11.400379      0.611000 
    45.860764    -36.284306    -11.343279      0.612000 
    45.860775    -36.298203    -11.286180      0.614000 
    45.860787    -36.312096    -11.229080      0.619000 
    45.860799    -36.325990    -11.171981      0.624000 
    45.860810    -36.339874    -11.114882      0.630000 
    45.860822    -36.353760    -11.057783      0.635000 
    45.860833    -36.367638    -11.000685      0.640000 
    45.860845    -36.381510    -10.943587      0.643000 
    45.860856    -36.395382    -10.886489      0.646000 
    45.860868    -36.409250    -10.829391      0.648000 
    45.860880    -36.423115    -10.772294      0.651000 
    45.860891    -36.436974    -10.715197      0.653000 
    45.860914    -36.464680    -10.601003      0.657000 
    51.341759    -33.006878    -10.172706      0.583000 
    51.341771    -33.020687    -10.229755      0.589000 
    51.341782    -33.034504    -10.286804      0.597000 
    51.341794    -33.048325    -10.343854      0.604000 
    51.341806    -33.062150    -10.400904      0.611000 
    51.341817    -33.075977    -10.457954      0.616000 
    51.341829    -33.089810    -10.515005      0.620000 
    51.341840    -33.103640    -10.572055      0.623000 
    51.341852    -33.117480    -10.629106      0.623000 
    51.341863    -33.131325    -10.686157      0.623000 
    51.341875    -33.145172    -10.743209      0.622000 
    51.341887    -33.159020    -10.800261      0.621000 
    51.341898    -33.172874    -10.857312      0.622000 
    51.341910    -33.186733    -10.914365      0.625000 
    51.341921    -33.200596    -10.971417      0.627000 
    51.341933    -33.214460    -11.028470      0.631000 
    51.341944    -33.228330    -11.085523      0.632000 
    51.341956    -33.242203    -11.142576      0.631000 
    51.341968    -33.256080    -11.199629      0.628000 
    51.341979    -33.269962    -11.256683      0.623000 
    51.341991    -33.283848    -11.313737      0.616000 
    51.342002    -33.297737    -11.370791      0.610000 
    51.342014    -33.311630    -11.427845      0.605000 
    51.342025    -33.325527    -11.484900      0.602000 
    51.342037    -33.339428    -11.541954      0.601000 
    51.342049    -33.353336    -11.599009      0.604000 
    51.342060    -33.367245    -11.656065      0.607000 
    51.342072    -33.381160    -11.713120      0.611000 
    51.342083    -33.395077    -11.770176      0.615000 
    51.342095    -33.409000    -11.827232      0.617000 
    51.342106    -33.422928    -11.884288      0.618000 
    51.342118    -33.436860    -11.941344      0.619000 
    51.342130    -33.450794    -11.998401      0.619000 
    54.855451    -34.265633    -11.983327      0.578000 
    54.855463    -34.279575    -11.926236      0.573000 
    54.855475    -34.293510    -11.869145      0.576000 
    54.855486    -34.307446    -11.812055      0.584000 
    54.855498    -34.321377    -11.754965      0.596000 
    54.855509    -34.335300    -11.697875      0.609000 
    54.855521    -34.349224    -11.640785      0.622000 
    54.855532    -34.363140    -11.583696      0.632000 
    54.855544    -34.377052    -11.526607      0.637000 
    54.855556    -34.390960    -11.469517      0.640000 
    54.855567    -34.404865    -11.412429      0.641000 
    54.855579    -34.418770    -11.355340      0.641000 
    54.855590    -34.432667    -11.298252      0.640000 
    54.855602    -34.446556    -11.241164      0.641000 
    54.855613    -34.460445    -11.184076      0.642000 
    54.855625    -34.474330    -11.126989      0.644000 
    54.855637    -34.488213    -11.069901      0.643000 
    54.855648    -34.502087    -11.012814      0.641000 
    54.855660    -34.515960    -10.955727      0.635000 
    54.855671    -34.529830    -10.898641      0.628000 
    54.855683    -34.543694    -10.841554      0.618000 
    54.855694    -34.557556    -10.784468      0.608000 
    54.855718    -34.571415    -10.727382      0.598000 
    54.855729    -34.585266    -10.670297      0.590000 
    54.855741    -34.599117    -10.613211      0.584000 
    54.855752    -34.612965    -10.556126      0.581000 
    54.855764    -34.626804    -10.499042      0.580000 
    54.855775    -34.640644    -10.441957      0.580000 
    54.855787    -34.654480    -10.384873      0.582000 
    54.855799    -34.668310    -10.327788      0.586000 
    54.855810    -34.682137    -10.270705      0.589000 
    54.855822    -34.695960    -10.213621      0.592000 
    54.855833    -34.709780    -10.156538      0.596000 
    54.855845    -34.723600    -10.099454      0.598000 
    54.855856    -34.737410    -10.042372      0.599000 
    54.855880    -34.765026     -9.928207      0.597000 
    54.855891    -34.778828     -9.871125      0.595000 
    54.855903    -34.792630     -9.814043      0.592000 
    54.855914    -34.806423     -9.756962      0.590000 
    54.855926    -34.820213     -9.699880      0.590000 
    54.855938    -34.834003     -9.642800      0.592000 
    54.855949    -34.847790     -9.585719      0.596000 
    54.855961    -34.861572     -9.528638      0.603000 
    54.855972    -34.875347     -9.471558      0.611000 
    54.855984    -34.889126     -9.414479      0.618000 
    54.855995    -34.902897     -9.357399      0.625000 
    54.856007    -34.916664     -9.300320      0.632000 
    54.856019    -34.930428     -9.243241      0.635000 
    54.856030    -34.944190     -9.186163      0.637000 
    54.856042    -34.957950     -9.129084      0.640000 
    54.856065    -34.985460     -9.014929      0.642000 
    54.856076    -34.999207     -8.957851      0.644000 
    54.856088    -35.012950     -8.900774      0.646000 
    54.856100    -35.026695     -8.843697      0.651000 
    54.856111    -35.040436     -8.786621      0.653000 
    56.346516    -34.360670     -8.038915      0.620000 
    56.346528    -34.374360     -8.095962      0.619000 
    56.346539    -34.388058     -8.153010      0.616000 
    56.346551    -34.401756     -8.210056      0.614000 
    56.346562    -34.415460     -8.267104      0.612000 
    56.346574    -34.429160     -8.324152      0.611000 
    56.346586    -34.442867     -8.381202      0.613000 
    56.346597    -34.456580     -8.438251      0.616000 
    56.346609    -34.470290     -8.495300      0.620000 
    56.346620    -34.484010     -8.552349      0.624000 
    56.346632    -34.497730     -8.609399      0.625000 
    56.346644    -34.511450     -8.666449      0.627000 
    56.346655    -34.525177     -8.723499      0.624000 
    56.346667    -34.538906     -8.780550      0.621000 
    56.346678    -34.552640     -8.837601      0.617000 
    56.346690    -34.566372     -8.894652      0.612000 
    56.346701    -34.580112     -8.951703      0.610000 
    56.346713    -34.593853     -9.008755      0.607000 
    56.346725    -34.607597     -9.065807      0.607000 
    56.346736    -34.621346     -9.122860      0.608000 
    56.346748    -34.635098     -9.179912      0.610000 
    56.346759    -34.648850     -9.236965      0.611000 
    56.346771    -34.662605     -9.294018      0.614000 
    56.346782    -34.676370     -9.351072      0.616000 
    56.346794    -34.690132     -9.408126      0.618000 
    56.346806    -34.703900     -9.465180      0.619000 
    56.346817    -34.717670     -9.522234      0.620000 
    56.346829    -34.731445     -9.579289      0.622000 
    56.346840    -34.745220     -9.636343      0.624000 
    56.346852    -34.759003     -9.693399      0.626000 
    56.346863    -34.772785     -9.750454      0.628000 
    56.346875    -34.786570     -9.807510      0.631000 
    56.346887    -34.800365     -9.864566      0.633000 
    56.346898    -34.814160     -9.921622      0.635000 
    56.346910    -34.827957     -9.978678      0.637000 
    56.346921    -34.841760    -10.035735      0.638000 
    56.346933    -34.855564    -10.092792      0.638000 
    56.346944    -34.869373    -10.149850      0.637000 
    56.346956    -34.883186    -10.206907      0.634000 
    56.346968    -34.897000    -10.263965      0.630000 
    56.346979    -34.910820    -10.321023      0.623000 
    56.346991    -34.924644    -10.378081      0.616000 
    56.347002    -34.938470    -10.435140      0.608000 
    56.347014    -34.952300    -10.492199      0.600000 
    56.347025    -34.966137    -10.549258      0.593000 
    56.347037    -34.979973    -10.606317      0.589000 
    56.347049    -34.993816    -10.663377      0.585000 
    56.347060    -35.007660    -10.720437      0.586000 
    56.347072    -35.021510    -10.777497      0.587000 
    56.347083    -35.035362    -10.834557      0.591000 
    56.347095    -35.049220    -10.891618      0.597000 
    56.347106    -35.063084    -10.948679      0.603000 
    56.347118    -35.076946    -11.005740      0.609000 
    56.347130    -35.090816    -11.062801      0.615000 
    56.347141    -35.104690    -11.119863      0.620000 
    56.347153    -35.118565    -11.176925      0.625000 
    56.347164    -35.132446    -11.233987      0.631000 
    56.347176    -35.146330    -11.291049      0.636000 
    56.347187    -35.160220    -11.348112      0.641000 
    56.347199    -35.174114    -11.405175      0.644000 
    56.347211    -35.188007    -11.462238      0.646000 
    56.347222    -35.201910    -11.519301      0.646000 
    56.347234    -35.215816    -11.576365      0.642000 
    56.347245    -35.229725    -11.633428      0.637000 
    56.347257    -35.243637    -11.690492      0.630000 
    56.347269    -35.257557    -11.747557      0.622000 
    56.347280    -35.271477    -11.804621      0.615000 
    56.347292    -35.285404    -11.861686      0.610000 
    56.347303    -35.299330    -11.918751      0.606000 
    56.347315    -35.313267    -11.975816      0.607000 
    59.860648    -36.142250    -11.945859      0.635000 
    59.860660    -36.156190    -11.888776      0.635000 
    59.860671    -36.170120    -11.831693      0.636000 
    59.860683    -36.184050    -11.774611      0.640000 
    59.860694    -36.197975    -11.717529      0.644000 
    59.860706    -36.211895    -11.660447      0.648000 
    59.860718    -36.225810    -11.603365      0.650000 
    59.860729    -36.239723    -11.546283      0.649000 
    59.860741    -36.253630    -11.489202      0.648000 
    59.860752    -36.267536    -11.432121      0.645000 
    59.860764    -36.281433    -11.375040      0.642000 
    59.860775    -36.295330    -11.317960      0.640000 
    59.860787    -36.309223    -11.260880      0.640000 
    59.860799    -36.323110    -11.203800      0.643000 
    59.860810    -36.336994    -11.146720      0.649000 
    59.860822    -36.350872    -11.089641      0.657000 
    59.860833    -36.364746    -11.032561      0.665000 
    59.860845    -36.378620    -10.975482      0.673000 
    59.860856    -36.392487    -10.918404      0.679000 
    59.860868    -36.406353    -10.861325      0.683000 
    59.860880    -36.420210    -10.804247      0.686000 
    59.860891    -36.434067    -10.747169      0.688000 
    59.860903    -36.447920    -10.690092      0.688000 
    59.860926    -36.475613    -10.575938      0.689000 
   210.346389    -34.355930     -8.020088      0.631000 
   210.346400    -34.369630     -8.077166      0.635000 
   210.346412    -34.383327     -8.134243      0.640000 
   210.346424    -34.397030     -8.191322      0.644000 
   210.346435    -34.410736     -8.248401      0.646000 
   210.346447    -34.424442     -8.305480      0.646000 
   210.346458    -34.438156     -8.362559      0.645000 
   210.346470    -34.451870     -8.419638      0.640000 
   210.346481    -34.465588     -8.476718      0.634000 
   210.346493    -34.479310     -8.533798      0.626000 
   210.346505    -34.493030     -8.590878      0.618000 
   210.346516    -34.506760     -8.647959      0.613000 
   210.346528    -34.520490     -8.705040      0.609000 
   210.346539    -34.534220     -8.762121      0.607000 
   210.346551    -34.547960     -8.819203      0.608000 
   210.346562    -34.561695     -8.876285      0.611000 
   210.346574    -34.575436     -8.933367      0.616000 
   210.346586    -34.589184     -8.990449      0.619000 
   210.346597    -34.602932     -9.047532      0.621000 
   210.346609    -34.616680     -9.104614      0.619000 
   210.346620    -34.630436     -9.161698      0.613000 
   210.346632    -34.644196     -9.218781      0.607000 
   210.346644    -34.657955     -9.275865      0.598000 
   210.346655    -34.671720     -9.332949      0.591000 
   210.346667    -34.685490     -9.390033      0.587000 
   210.346678    -34.699260     -9.447118      0.585000 
   210.346690    -34.713030     -9.504203      0.587000 
   210.346701    -34.726810     -9.561288      0.589000 
   210.346713    -34.740593     -9.618373      0.593000 
   210.346725    -34.754375     -9.675459      0.597000 
   210.346736    -34.768166     -9.732545      0.598000 
   210.346748    -34.781956     -9.789631      0.597000 
   210.346759    -34.795750     -9.846717      0.592000 
   210.346771    -34.809550     -9.903804      0.587000 
   210.346782    -34.823353     -9.960891      0.581000 
   210.346794    -34.837154    -10.017978      0.575000 
   210.346806    -34.850967    -10.075066      0.572000 
   210.346817    -34.864777    -10.132154      0.569000 
   210.346829    -34.878593    -10.189242      0.568000 
   210.346840    -34.892414    -10.246330      0.569000 
   210.346852    -34.906240    -10.303418      0.570000 
   210.346863    -34.920063    -10.360507      0.572000 
   210.346875    -34.933895    -10.417596      0.574000 
   210.346887    -34.947727    -10.474685      0.576000 
   210.346898    -34.961567    -10.531775      0.579000 
   210.346910    -34.975410    -10.588865      0.581000 
   210.346921    -34.989254    -10.645954      0.581000 
   210.346933    -35.003105    -10.703045      0.582000 
   210.346944    -35.016956    -10.760135      0.580000 
   210.346956    -35.030815    -10.817226      0.578000 
   210.346968    -35.044674    -10.874317      0.573000 
   210.346979    -35.058540    -10.931408      0.567000 
   210.346991    -35.072407    -10.988499      0.559000 
   210.347002    -35.086280    -11.045591      0.552000 
   210.347014    -35.100160    -11.102683      0.545000 
   210.347025    -35.114037    -11.159775      0.540000 
   210.347037    -35.127922    -11.216867      0.537000 
   210.347049    -35.141810    -11.273960      0.537000 
   210.347060    -35.155700    -11.331053      0.539000 
   210.347072    -35.169598    -11.388146      0.542000 
   210.347083    -35.183500    -11.445239      0.545000 
   210.347095    -35.197403    -11.502333      0.547000 
   210.347106    -35.211310    -11.559427      0.548000 
   210.347118    -35.225224    -11.616521      0.547000 
   210.347130    -35.239143    -11.673615      0.547000 
   210.347141    -35.253063    -11.730709      0.545000 
   210.347153    -35.266990    -11.787804      0.544000 
   210.347164    -35.280920    -11.844899      0.543000 
   210.347176    -35.294850    -11.901994      0.544000 
   210.347187    -35.308790    -11.959089      0.547000 
   213.860509    -36.131960    -11.988966      0.578000 
   213.860521    -36.145893    -11.931914      0.577000 
   213.860532    -36.159817    -11.874862      0.577000 
   213.860544    -36.173737    -11.817810      0.579000 
   213.860556    -36.187653    -11.760758      0.584000 
   213.860567    -36.201565    -11.703706      0.590000 
   213.860579    -36.215473    -11.646655      0.597000 
   213.860590    -36.229378    -11.589604      0.604000 
   213.860602    -36.243280    -11.532553      0.607000 
   213.860613    -36.257175    -11.475502      0.609000 
   213.860625    -36.271065    -11.418452      0.608000 
   213.860637    -36.284954    -11.361402      0.604000 
   213.860648    -36.298836    -11.304352      0.600000 
   213.860660    -36.312714    -11.247303      0.598000 
   213.860671    -36.326590    -11.190253      0.600000 
   213.860694    -36.340460    -11.133204      0.606000 
   213.860706    -36.354330    -11.076155      0.619000 
   213.860718    -36.368195    -11.019107      0.634000 
   213.860729    -36.382050    -10.962058      0.648000 
   213.860741    -36.395910    -10.905010      0.660000 
   213.860752    -36.409760    -10.847963      0.667000 
   213.860764    -36.423607    -10.790915      0.671000 
   213.860775    -36.437450    -10.733868      0.672000 
   213.860787    -36.451290    -10.676821      0.669000 
   213.860799    -36.465126    -10.619774      0.663000 
   215.352153    -36.921673    -10.918877      0.642000 
   215.352164    -36.935543    -10.975973      0.647000 
   215.352176    -36.949417    -11.033070      0.650000 
   215.352187    -36.963290    -11.090167      0.653000 
   215.352199    -36.977173    -11.147263      0.656000 
   215.352211    -36.991060    -11.204360      0.657000 
   217.850660    -33.010100     -9.478498      0.581000 
   217.850671    -33.023860     -9.421463      0.584000 
   217.850683    -33.037617     -9.364427      0.589000 
   217.850694    -33.051373     -9.307392      0.593000 
   217.850706    -33.065120     -9.250358      0.598000 
   217.850718    -33.078870     -9.193323      0.602000 
   217.850729    -33.092613     -9.136289      0.605000 
   217.850741    -33.106354     -9.079255      0.605000 
   217.850752    -33.120090     -9.022221      0.604000 
   217.850764    -33.133823     -8.965188      0.600000 
   217.850775    -33.147552     -8.908155      0.594000 
   217.850787    -33.161280     -8.851122      0.588000 
   217.850799    -33.175007     -8.794089      0.582000 
   217.850810    -33.188730     -8.737057      0.580000 
   217.850822    -33.202446     -8.680025      0.579000 
   217.850833    -33.216160     -8.622993      0.580000 
   217.850845    -33.229874     -8.565962      0.584000 
   217.850856    -33.243584     -8.508930      0.589000 
   217.850868    -33.257290     -8.451900      0.593000 
   217.850880    -33.270992     -8.394869      0.594000 
   217.850891    -33.284690     -8.337838      0.592000 
   217.850903    -33.298390     -8.280809      0.588000 
   217.850914    -33.312084     -8.223779      0.582000 
   217.850926    -33.325775     -8.166749      0.577000 
   217.850938    -33.339462     -8.109720      0.573000 
   217.850949    -33.353150     -8.052691      0.573000 
   219.341644    -33.012000    -10.183019      0.576000 
   219.341655    -33.025820    -10.240116      0.577000 
   219.341667    -33.039646    -10.297212      0.582000 
   219.341678    -33.053474    -10.354309      0.587000 
   219.341690    -33.067307    -10.411406      0.596000 
   219.341701    -33.081142    -10.468504      0.604000 
   219.341713    -33.094982    -10.525602      0.611000 
   219.341725    -33.108826    -10.582700      0.615000 
   219.341736    -33.122673    -10.639798      0.616000 
   219.341748    -33.136520    -10.696896      0.614000 
   219.341759    -33.150375    -10.753995      0.610000 
   219.341771    -33.164234    -10.811093      0.606000 
   219.341782    -33.178097    -10.868192      0.605000 
   219.341794    -33.191963    -10.925292      0.604000 
   219.341806    -33.205833    -10.982391      0.604000 
   219.341817    -33.219707    -11.039491      0.606000 
   219.341829    -33.233585    -11.096591      0.606000 
   219.341840    -33.247467    -11.153691      0.607000 
   219.341852    -33.261353    -11.210791      0.604000 
   219.341863    -33.275240    -11.267892      0.601000 
   219.341875    -33.289135    -11.324993      0.596000 
   219.341887    -33.303036    -11.382094      0.591000 
   219.341898    -33.316936    -11.439195      0.585000 
   219.341910    -33.330840    -11.496297      0.579000 
   219.341921    -33.344750    -11.553398      0.574000 
   219.341933    -33.358665    -11.610500      0.570000 
   219.341944    -33.372580    -11.667602      0.568000 
   219.341956    -33.386505    -11.724705      0.568000 
   219.341968    -33.400433    -11.781807      0.570000 
   219.341979    -33.414364    -11.838910      0.575000 
   219.341991    -33.428300    -11.896013      0.582000 
   219.342002    -33.442238    -11.953116      0.591000 
   233.341620    -33.005398    -10.166897      0.575000 
   233.341632    -33.019220    -10.223996      0.572000 
   233.341644    -33.033047    -10.281095      0.573000 
   233.341655    -33.046875    -10.338194      0.575000 
   233.341667    -33.060707    -10.395293      0.580000 
   233.341678    -33.074543    -10.452393      0.584000 
   233.341690    -33.088383    -10.509492      0.589000 
   233.341701    -33.102226    -10.566592      0.591000 
   233.341713    -33.116074    -10.623692      0.594000 
   233.341725    -33.129925    -10.680793      0.594000 
   233.341736    -33.143780    -10.737893      0.593000 
   233.341748    -33.157640    -10.794994      0.592000 
   233.341759    -33.171500    -10.852095      0.590000 
   233.341771    -33.185368    -10.909196      0.591000 
   233.341782    -33.199238    -10.966297      0.592000 
   233.341794    -33.213116    -11.023399      0.596000 
   233.341806    -33.226990    -11.080501      0.598000 
   233.341817    -33.240875    -11.137603      0.602000 
   233.341829    -33.254760    -11.194705      0.603000 
   233.341840    -33.268650    -11.251807      0.604000 
   233.341852    -33.282543    -11.308910      0.603000 
   233.341863    -33.296440    -11.366012      0.603000 
   233.341875    -33.310345    -11.423115      0.601000 
   233.341887    -33.324250    -11.480218      0.601000 
   233.341898    -33.338160    -11.537321      0.602000 
   233.341910    -33.352074    -11.594425      0.606000 
   233.341921    -33.365993    -11.651528      0.609000 
   233.341933    -33.379917    -11.708632      0.612000 
   233.341944    -33.393845    -11.765736      0.615000 
   233.341956    -33.407776    -11.822840      0.614000 
   233.341968    -33.421710    -11.879945      0.610000 
   233.341979    -33.435650    -11.937049      0.604000 
   233.341991    -33.449593    -11.994154      0.596000 
   236.855313    -34.264050    -11.988685      0.583000 
   236.855324    -34.277973    -11.931650      0.583000 
   236.855336    -34.291897    -11.874616      0.588000 
   236.855347    -34.305813    -11.817581      0.596000 
   236.855359    -34.319725    -11.760547      0.608000 
   236.855370    -34.333633    -11.703513      0.621000 
   236.855382    -34.347534    -11.646479      0.635000 
   236.855394    -34.361435    -11.589446      0.647000 
   236.855405    -34.375330    -11.532413      0.653000 
   236.855417    -34.389220    -11.475379      0.656000 
   236.855428    -34.403110    -11.418347      0.654000 
   236.855440    -34.416992    -11.361314      0.647000 
   236.855451    -34.430874    -11.304281      0.638000 
   236.855463    -34.444748    -11.247249      0.630000 
   236.855475    -34.458620    -11.190217      0.622000 
   236.855486    -34.472490    -11.133185      0.618000 
   236.855498    -34.486350    -11.076153      0.615000 
   236.855509    -34.500210    -11.019122      0.616000 
   236.855521    -34.514065    -10.962090      0.616000 
   236.855532    -34.527916    -10.905059      0.618000 
   236.855544    -34.541763    -10.848028      0.618000 
   236.855556    -34.555610    -10.790998      0.617000 
   236.855567    -34.569450    -10.733967      0.616000 
   236.855579    -34.583282    -10.676937      0.615000 
   236.855590    -34.597120    -10.619907      0.613000 
   236.855602    -34.610947    -10.562877      0.613000 
   236.855613    -34.624770    -10.505848      0.615000 
   236.855625    -34.638590    -10.448818      0.617000 
   236.855637    -34.652410    -10.391789      0.619000 
   236.855648    -34.666225    -10.334760      0.622000 
   236.855660    -34.680035    -10.277732      0.624000 
   236.855671    -34.693840    -10.220703      0.626000 
   236.855683    -34.707645    -10.163675      0.628000 
   236.855694    -34.721443    -10.106647      0.628000 
   236.855706    -34.735240    -10.049619      0.628000 
   236.855718    -34.749030     -9.992592      0.625000 
   236.855729    -34.762820     -9.935564      0.621000 
   236.855741    -34.776608     -9.878537      0.616000 
   236.855752    -34.790386     -9.821510      0.610000 
   236.855764    -34.804170     -9.764484      0.605000 
   236.855775    -34.817944     -9.707457      0.600000 
   236.855787    -34.831715     -9.650431      0.598000 
   236.855799    -34.845480     -9.593406      0.599000 
   236.855810    -34.859245     -9.536380      0.603000 
   236.855822    -34.873010     -9.479354      0.611000 
   236.855833    -34.886765     -9.422329      0.622000 
   236.855845    -34.900520     -9.365304      0.634000 
   236.855856    -34.914272     -9.308280      0.645000 
   236.855868    -34.928020     -9.251256      0.656000 
   236.855880    -34.941765     -9.194232      0.662000 
   236.855891    -34.955505     -9.137208      0.666000 
   236.855903    -34.969246     -9.080184      0.666000 
   236.855914    -34.982980     -9.023161      0.665000 
   236.855926    -34.996710     -8.966138      0.662000 
   236.855938    -35.010440     -8.909115      0.660000 
   236.855949    -35.024166     -8.852093      0.657000 
   236.855961    -35.037890     -8.795071      0.655000 
   236.855972    -35.051610     -8.738049      0.651000 
   241.860498    -36.137180    -11.970842      0.598000 
   241.860509    -36.151108    -11.913806      0.588000 
   241.860521    -36.165028    -11.856770      0.578000 
   241.860532    -36.178944    -11.799734      0.568000 
   241.860544    -36.192856    -11.742699      0.559000 
   241.860556    -36.206764    -11.685664      0.551000 
   241.860567    -36.220670    -11.628629      0.545000 
   241.860579    -36.234570    -11.571594      0.539000 
   241.860590    -36.248466    -11.514559      0.537000 
   241.860602    -36.262356    -11.457525      0.536000 
   241.860613    -36.276245    -11.400490      0.537000 
   241.860625    -36.290130    -11.343456      0.542000 
   241.860637    -36.304010    -11.286422      0.550000 
   241.860648    -36.317883    -11.229389      0.563000 
   241.860660    -36.331757    -11.172355      0.578000 
   241.860671    -36.345623    -11.115322      0.595000 
   241.860683    -36.359490    -11.058289      0.611000 
   241.860694    -36.373350    -11.001256      0.623000 
   241.860706    -36.387203    -10.944224      0.630000 
   241.860718    -36.401054    -10.887192      0.631000 
   241.860729    -36.414906    -10.830159      0.629000 
   241.860741    -36.428750    -10.773128      0.626000 
   241.860752    -36.442590    -10.716096      0.621000 
   241.860764    -36.456425    -10.659065      0.616000 
   241.860775    -36.470257    -10.602033      0.610000 
   243.352153    -36.932580    -10.944605      0.596000 
   243.352164    -36.946450    -11.001697      0.603000 
   243.352176    -36.960327    -11.058789      0.609000 
   243.352187    -36.974205    -11.115881      0.615000 
   243.352199    -36.988090    -11.172974      0.621000 
