    30.335799    -30.510115    -11.949296      0.608000 
    30.335810    -30.524004    -11.887989      0.613000 
    30.335822    -30.537890    -11.826691      0.614000 
    30.335833    -30.551770    -11.765391      0.614000 
    30.335845    -30.565643    -11.704091      0.612000 
    30.335868    -30.579515    -11.642791      0.610000 
    30.335880    -30.593384    -11.581489      0.606000 
    30.335891    -30.607246    -11.520187      0.604000 
    30.335903    -30.621105    -11.458883      0.602000 
    30.335914    -30.634960    -11.397580      0.601000 
    30.335926    -30.648811    -11.336275      0.600000 
    30.335938    -30.662659    -11.274969      0.600000 
    30.335949    -30.676500    -11.213663      0.599000 
    30.335961    -30.690338    -11.152356      0.598000 
    30.335972    -30.704174    -11.091049      0.599000 
    30.335984    -30.718004    -11.029740      0.598000 
    30.335995    -30.731833    -10.968431      0.597000 
    30.336007    -30.745655    -10.907121      0.597000 
    30.336019    -30.759476    -10.845810      0.597000 
    30.336030    -30.773290    -10.784499      0.597000 
    30.336042    -30.787102    -10.723187      0.597000 
    30.336053    -30.800909    -10.661874      0.596000 
    30.336065    -30.814714    -10.600560      0.595000 
    30.336076    -30.828514    -10.539246      0.594000 
    30.336088    -30.842310    -10.477931      0.592000 
    30.336100    -30.856104    -10.416615      0.589000 
    30.336111    -30.869892    -10.355299      0.585000 
    30.336123    -30.883670    -10.294014      0.581000 
    30.336134    -30.897448    -10.232728      0.576000 
    30.336146    -30.911219    -10.171441      0.571000 
    30.336157    -30.924986    -10.110152      0.564000 
    30.336169    -30.938751    -10.048864      0.559000 
    30.336181    -30.952513     -9.987575      0.554000 
    30.336192    -30.966269     -9.926285      0.552000 
    30.336204    -30.980022     -9.864994      0.550000 
    30.336227    -30.993773     -9.803703      0.550000 
    30.336238    -31.007520     -9.742410      0.552000 
    30.336250    -31.021263     -9.681118      0.553000 
    30.336262    -31.035004     -9.619824      0.553000 
    30.336273    -31.048740     -9.558530      0.552000 
    30.336285    -31.062475     -9.497236      0.549000 
    30.336296    -31.076204     -9.435940      0.543000 
    30.336308    -31.089931     -9.374644      0.535000 
    30.336319    -31.103655     -9.313347      0.527000 
    30.336331    -31.117376     -9.252050      0.522000 
    30.336343    -31.131092     -9.190752      0.518000 
    30.336354    -31.144808     -9.129454      0.519000 
    30.336366    -31.158518     -9.068154      0.523000 
    30.336377    -31.172226     -9.006854      0.530000 
    30.336389    -31.185930     -8.945554      0.537000 
    30.336400    -31.199630     -8.884253      0.544000 
    30.336412    -31.213330     -8.822951      0.550000 
    30.336424    -31.227024     -8.761649      0.554000 
    30.336435    -31.240717     -8.700345      0.555000 
    30.336447    -31.254402     -8.639061      0.556000 
    30.336458    -31.268080     -8.577788      0.557000 
    30.336470    -31.281757     -8.516515      0.559000 
    30.336481    -31.295431     -8.455241      0.562000 
    30.336493    -31.309101     -8.393966      0.568000 
    30.336505    -31.322767     -8.332690      0.574000 
    30.336516    -31.336433     -8.271415      0.579000 
    30.336528    -31.350096     -8.210137      0.582000 
    30.336539    -31.363754     -8.148861      0.583000 
    30.336551    -31.377410     -8.087583      0.581000 
    30.336562    -31.391064     -8.026304      0.576000 
    32.819456    -28.002293    -10.351946      0.552000 
    32.819468    -28.016111    -10.413382      0.551000 
    32.819479    -28.029936    -10.474817      0.553000 
    32.819491    -28.043762    -10.536252      0.555000 
    32.819502    -28.057592    -10.597686      0.556000 
    32.819514    -28.071426    -10.659119      0.556000 
    32.819525    -28.085264    -10.720551      0.557000 
    32.819537    -28.099108    -10.781983      0.556000 
    32.819549    -28.112953    -10.843414      0.556000 
    32.819560    -28.126802    -10.904845      0.556000 
    32.819572    -28.140656    -10.966274      0.557000 
    32.819583    -28.154514    -11.027703      0.560000 
    32.819595    -28.168375    -11.089131      0.563000 
    32.819606    -28.182240    -11.150558      0.567000 
    32.819630    -28.196110    -11.211985      0.572000 
    32.819641    -28.209984    -11.273411      0.575000 
    32.819653    -28.223860    -11.334836      0.576000 
    32.819664    -28.237741    -11.396261      0.576000 
    32.819676    -28.251627    -11.457684      0.575000 
    32.819688    -28.265524    -11.519137      0.574000 
    32.819699    -28.279425    -11.580590      0.571000 
    32.819711    -28.293327    -11.642043      0.568000 
    32.819722    -28.307238    -11.703495      0.565000 
    32.819734    -28.321150    -11.764946      0.563000 
    32.819745    -28.335068    -11.826396      0.561000 
    32.819757    -28.348990    -11.887846      0.561000 
    32.819769    -28.362913    -11.949294      0.562000 
    33.338958    -31.644812    -11.939407      0.584000 
    33.338970    -31.658707    -11.878079      0.584000 
    33.338981    -31.672598    -11.816750      0.587000 
    33.338993    -31.686485    -11.755421      0.592000 
    33.339005    -31.700369    -11.694091      0.598000 
    33.339016    -31.714243    -11.632779      0.605000 
    33.339028    -31.728111    -11.571479      0.611000 
    33.339039    -31.741974    -11.510178      0.616000 
    33.339051    -31.755833    -11.448876      0.619000 
    33.339063    -31.769690    -11.387573      0.620000 
    33.339074    -31.783540    -11.326270      0.618000 
    33.339086    -31.797388    -11.264965      0.615000 
    33.339097    -31.811232    -11.203661      0.611000 
    33.339120    -31.825070    -11.142355      0.607000 
    33.339132    -31.838905    -11.081049      0.604000 
    33.339144    -31.852736    -11.019741      0.602000 
    33.339155    -31.866566    -10.958433      0.601000 
    33.339167    -31.880388    -10.897125      0.601000 
    33.339178    -31.894207    -10.835816      0.599000 
    33.339190    -31.908024    -10.774505      0.597000 
    33.339201    -31.921837    -10.713195      0.596000 
    33.339213    -31.935644    -10.651883      0.593000 
    33.339225    -31.949450    -10.590571      0.591000 
    33.339236    -31.963250    -10.529258      0.588000 
    33.339248    -31.977047    -10.467944      0.587000 
    33.339259    -31.990840    -10.406630      0.585000 
    35.822153    -28.611153     -8.016010      0.595000 
    35.822164    -28.624838     -8.077411      0.592000 
    35.822176    -28.638523     -8.138811      0.588000 
    35.822187    -28.652214     -8.200210      0.586000 
    35.822199    -28.665907     -8.261609      0.584000 
    35.822211    -28.679602     -8.323007      0.585000 
    35.822222    -28.693300     -8.384404      0.587000 
    35.822234    -28.707000     -8.445801      0.589000 
    35.822245    -28.720707     -8.507197      0.590000 
    35.822257    -28.734413     -8.568593      0.590000 
    35.822269    -28.748123     -8.629988      0.588000 
    35.822280    -28.761837     -8.691383      0.585000 
    35.822292    -28.775553     -8.752776      0.581000 
    35.822303    -28.789280     -8.814202      0.578000 
    35.822315    -28.803009     -8.875626      0.575000 
    35.822326    -28.816742     -8.937050      0.573000 
    35.822338    -28.830477     -8.998472      0.572000 
    35.822361    -28.844215     -9.059894      0.571000 
    35.822373    -28.857958     -9.121316      0.569000 
    35.822384    -28.871702     -9.182737      0.566000 
    35.822396    -28.885450     -9.244157      0.559000 
    35.822407    -28.899202     -9.305577      0.551000 
    35.822419    -28.912956     -9.366996      0.541000 
    35.822431    -28.926716     -9.428414      0.530000 
    35.822442    -28.940475     -9.489831      0.521000 
    35.822454    -28.954240     -9.551249      0.513000 
    35.822465    -28.968008     -9.612665      0.509000 
    35.822477    -28.981780     -9.674081      0.509000 
    35.822488    -28.995556     -9.735496      0.513000 
    35.822500    -29.009333     -9.796910      0.519000 
    35.822512    -29.023115     -9.858324      0.528000 
    35.822523    -29.036900     -9.919737      0.537000 
    35.822535    -29.050688     -9.981149      0.545000 
    35.822546    -29.064482    -10.042561      0.552000 
    35.822558    -29.078276    -10.103972      0.558000 
    35.822569    -29.092075    -10.165383      0.562000 
    35.822581    -29.105879    -10.226792      0.565000 
    35.822593    -29.119684    -10.288201      0.567000 
    35.822604    -29.133493    -10.349610      0.568000 
    35.822616    -29.147308    -10.411017      0.571000 
    35.822627    -29.161125    -10.472424      0.572000 
    35.822639    -29.174946    -10.533830      0.574000 
    35.822650    -29.188778    -10.595269      0.575000 
    35.822662    -29.202614    -10.656705      0.575000 
    35.822685    -29.216454    -10.718140      0.575000 
    35.822697    -29.230295    -10.779575      0.574000 
    35.822708    -29.244143    -10.841009      0.573000 
    35.822720    -29.257994    -10.902442      0.572000 
    35.822731    -29.271849    -10.963875      0.571000 
    35.822743    -29.285707    -11.025306      0.570000 
    35.822755    -29.299570    -11.086738      0.571000 
    35.822766    -29.313437    -11.148168      0.572000 
    35.822778    -29.327307    -11.209597      0.574000 
    35.822789    -29.341180    -11.271026      0.576000 
    35.822801    -29.355059    -11.332454      0.579000 
    35.822812    -29.368942    -11.393882      0.580000 
    35.822824    -29.382828    -11.455309      0.583000 
    35.822836    -29.396719    -11.516734      0.583000 
    35.822847    -29.410612    -11.578159      0.584000 
    35.822859    -29.424511    -11.639584      0.584000 
    35.822870    -29.438416    -11.701007      0.587000 
    35.822882    -29.452322    -11.762430      0.589000 
    35.822894    -29.466234    -11.823852      0.592000 
    35.822905    -29.480148    -11.885274      0.598000 
    35.822917    -29.494068    -11.946694      0.603000 
    41.828449    -30.876871     -8.054796      0.571000 
    41.828461    -30.890553     -8.116171      0.577000 
    41.828472    -30.904234     -8.177546      0.582000 
    41.828484    -30.917920     -8.238921      0.586000 
    41.828495    -30.931604     -8.300296      0.590000 
    41.828507    -30.945297     -8.361668      0.591000 
    41.828519    -30.958990     -8.423042      0.590000 
    41.828530    -30.972687     -8.484414      0.589000 
    41.828542    -30.986385     -8.545786      0.588000 
    41.828553    -31.000088     -8.607157      0.588000 
    41.828565    -31.013794     -8.668527      0.589000 
    41.828576    -31.027502     -8.729897      0.591000 
    41.828588    -31.041212     -8.791267      0.593000 
    41.828611    -31.054935     -8.852675      0.595000 
    41.828623    -31.068660     -8.914074      0.597000 
    41.828634    -31.082388     -8.975473      0.595000 
    41.828646    -31.096119     -9.036871      0.593000 
    41.828657    -31.109852     -9.098269      0.589000 
    41.828669    -31.123590     -9.159666      0.585000 
    41.828681    -31.137330     -9.221062      0.583000 
    41.828692    -31.151072     -9.282458      0.583000 
    41.828704    -31.164820     -9.343853      0.583000 
    41.828715    -31.178570     -9.405247      0.585000 
    41.828727    -31.192322     -9.466641      0.587000 
    41.828738    -31.206080     -9.528034      0.588000 
    41.828750    -31.219840     -9.589426      0.587000 
    41.828762    -31.233603     -9.650818      0.584000 
    41.828773    -31.247370     -9.712209      0.580000 
    41.828785    -31.261140     -9.773600      0.575000 
    41.828796    -31.274914     -9.834990      0.570000 
    41.828808    -31.288690     -9.896379      0.567000 
    41.828819    -31.302470     -9.957768      0.564000 
    41.828831    -31.316254    -10.019155      0.565000 
    41.828843    -31.330042    -10.080543      0.570000 
    41.828854    -31.343834    -10.141929      0.574000 
    41.828866    -31.357628    -10.203315      0.581000 
    41.828877    -31.371424    -10.264700      0.587000 
    41.828889    -31.385227    -10.326085      0.594000 
    41.828900    -31.399033    -10.387469      0.599000 
    41.828912    -31.412842    -10.448852      0.604000 
    41.828924    -31.426655    -10.510234      0.606000 
    41.828947    -31.440472    -10.571616      0.608000 
    41.828958    -31.454296    -10.633023      0.609000 
    41.828970    -31.468128    -10.694435      0.607000 
    41.828981    -31.481962    -10.755846      0.606000 
    41.828993    -31.495802    -10.817256      0.606000 
    41.829005    -31.509644    -10.878665      0.607000 
    41.829016    -31.523490    -10.940074      0.609000 
    41.829028    -31.537340    -11.001482      0.611000 
    41.829039    -31.551193    -11.062890      0.613000 
    41.829051    -31.565052    -11.124296      0.615000 
    41.829063    -31.578915    -11.185702      0.618000 
    41.829074    -31.592780    -11.247107      0.619000 
    41.829086    -31.606650    -11.308512      0.619000 
    41.829097    -31.620523    -11.369915      0.618000 
    41.829109    -31.634401    -11.431318      0.616000 
    41.829120    -31.648283    -11.492720      0.615000 
    41.829132    -31.662170    -11.554122      0.613000 
    41.829144    -31.676062    -11.615522      0.612000 
    41.829155    -31.689955    -11.676922      0.611000 
    41.829167    -31.703854    -11.738321      0.611000 
    41.829178    -31.717756    -11.799720      0.610000 
    41.829190    -31.731665    -11.861117      0.609000 
    41.829201    -31.745575    -11.922514      0.606000 
    41.829213    -31.759491    -11.983910      0.601000 
    46.329294    -28.144453    -11.972547      0.543000 
    46.329306    -28.158358    -11.911199      0.533000 
    46.329317    -28.172258    -11.849850      0.525000 
    46.329329    -28.186153    -11.788501      0.522000 
    46.329340    -28.200045    -11.727151      0.525000 
    46.329352    -28.213934    -11.665800      0.532000 
    46.329363    -28.227816    -11.604448      0.543000 
    46.329375    -28.241693    -11.543096      0.556000 
    46.329387    -28.255570    -11.481742      0.569000 
    46.329398    -28.269442    -11.420388      0.577000 
    46.329410    -28.283306    -11.359034      0.584000 
    46.329421    -28.297169    -11.297678      0.587000 
    46.329433    -28.311030    -11.236322      0.589000 
    46.329444    -28.324884    -11.174965      0.590000 
    46.329456    -28.338734    -11.113607      0.590000 
    46.329468    -28.352581    -11.052249      0.589000 
    46.329792    -28.724882     -9.396010      0.527000 
    46.329803    -28.738623     -9.334664      0.535000 
    46.329815    -28.752357     -9.273317      0.542000 
    46.329826    -28.766090     -9.211970      0.549000 
    46.329850    -28.779820     -9.150621      0.554000 
    46.329861    -28.793545     -9.089273      0.560000 
    46.329873    -28.807268     -9.027923      0.567000 
    46.329884    -28.820982     -8.966602      0.573000 
    46.329896    -28.834692     -8.905282      0.579000 
    46.329907    -28.848398     -8.843962      0.585000 
    46.329919    -28.862100     -8.782642      0.589000 
    46.329931    -28.875801     -8.721321      0.591000 
    46.329942    -28.889500     -8.659999      0.593000 
    46.329954    -28.903194     -8.598676      0.594000 
    46.329965    -28.916885     -8.537353      0.594000 
    46.329977    -28.930574     -8.476030      0.594000 
    46.329988    -28.944260     -8.414706      0.594000 
    46.330000    -28.957941     -8.353380      0.592000 
    46.330012    -28.971622     -8.292055      0.590000 
    46.330023    -28.985298     -8.230729      0.588000 
    46.330035    -28.998974     -8.169402      0.585000 
    46.330046    -29.012644     -8.108076      0.581000 
    46.330058    -29.026314     -8.046747      0.577000 
    49.332431    -29.270815    -11.962650      0.579000 
    49.332442    -29.284725    -11.901275      0.570000 
    49.332454    -29.298632    -11.839898      0.563000 
    49.332465    -29.312536    -11.778520      0.560000 
    49.332477    -29.326433    -11.717142      0.559000 
    49.332488    -29.340328    -11.655763      0.561000 
    49.332500    -29.354210    -11.594422      0.565000 
    49.332512    -29.368090    -11.533073      0.570000 
    49.332523    -29.381964    -11.471723      0.574000 
    49.332535    -29.395834    -11.410372      0.576000 
    49.332546    -29.409700    -11.349021      0.578000 
    49.332558    -29.423563    -11.287668      0.578000 
    49.332569    -29.437422    -11.226315      0.577000 
    49.332581    -29.451277    -11.164962      0.575000 
    49.332593    -29.465126    -11.103607      0.575000 
    49.332604    -29.478971    -11.042252      0.574000 
    49.332616    -29.492817    -10.980896      0.572000 
    49.332627    -29.506655    -10.919540      0.570000 
    49.332639    -29.520489    -10.858182      0.569000 
    49.332650    -29.534320    -10.796825      0.568000 
    49.332662    -29.548147    -10.735466      0.567000 
    49.332674    -29.561972    -10.674106      0.566000 
    49.332685    -29.575792    -10.612746      0.566000 
    49.332708    -29.589607    -10.551385      0.566000 
    49.332720    -29.603420    -10.490024      0.566000 
    49.332731    -29.617228    -10.428661      0.566000 
    49.332743    -29.631033    -10.367298      0.565000 
    49.332755    -29.644835    -10.305935      0.563000 
    49.332766    -29.658632    -10.244570      0.559000 
    49.332778    -29.672426    -10.183205      0.555000 
    49.332789    -29.686216    -10.121840      0.550000 
    49.332801    -29.700003    -10.060473      0.545000 
    49.332812    -29.713785     -9.999106      0.541000 
    49.332824    -29.727562     -9.937755      0.538000 
    49.332836    -29.741331     -9.876418      0.537000 
    49.332847    -29.755096     -9.815080      0.537000 
    49.332859    -29.768860     -9.753741      0.537000 
    49.332870    -29.782620     -9.692402      0.537000 
    49.332882    -29.796373     -9.631063      0.538000 
    49.332894    -29.810125     -9.569722      0.539000 
    49.332905    -29.823874     -9.508381      0.540000 
    49.332917    -29.837622     -9.447039      0.540000 
    49.332928    -29.851362     -9.385697      0.541000 
    49.332940    -29.865103     -9.324354      0.541000 
    49.332951    -29.878838     -9.263010      0.541000 
    49.332963    -29.892570     -9.201666      0.540000 
    49.332975    -29.906298     -9.140321      0.539000 
    49.332986    -29.920025     -9.078976      0.540000 
    49.332998    -29.933748     -9.017630      0.541000 
    49.333009    -29.947468     -8.956283      0.546000 
    49.333021    -29.961184     -8.894936      0.551000 
    49.333032    -29.974897     -8.833588      0.559000 
    49.333056    -29.988607     -8.772239      0.568000 
    49.333067    -30.002316     -8.710890      0.577000 
    49.333079    -30.016020     -8.649540      0.583000 
    49.333090    -30.029720     -8.588190      0.587000 
    49.333102    -30.043419     -8.526839      0.588000 
    49.333113    -30.057116     -8.465487      0.587000 
    49.333125    -30.070807     -8.404135      0.583000 
    49.333137    -30.084497     -8.342782      0.579000 
    49.333148    -30.098185     -8.281429      0.576000 
    49.333160    -30.111868     -8.220075      0.575000 
    49.333171    -30.125547     -8.158721      0.577000 
    49.333183    -30.139221     -8.097384      0.581000 
    49.333194    -30.152890     -8.036061      0.584000 
    54.819294    -28.002377    -10.895984      0.608000 
    54.819306    -28.016207    -10.957314      0.602000 
    54.819317    -28.030040    -11.018643      0.595000 
    54.819329    -28.043886    -11.080004      0.589000 
    54.819340    -28.057735    -11.141363      0.583000 
    54.819352    -28.071589    -11.202721      0.579000 
    54.819363    -28.085445    -11.264078      0.576000 
    54.819375    -28.099306    -11.325435      0.575000 
    54.819387    -28.113173    -11.386791      0.575000 
    54.819398    -28.127043    -11.448146      0.578000 
    54.819410    -28.140915    -11.509501      0.579000 
    54.819421    -28.154793    -11.570854      0.580000 
    54.819433    -28.168674    -11.632207      0.580000 
    54.819444    -28.182558    -11.693559      0.580000 
    54.819456    -28.196450    -11.754911      0.577000 
    54.819468    -28.210342    -11.816261      0.574000 
    54.819491    -28.224241    -11.877611      0.572000 
    54.819502    -28.238144    -11.938960      0.569000 
    55.338669    -31.510132    -11.975556      0.595000 
    55.338681    -31.524048    -11.914156      0.594000 
    55.338704    -31.537960    -11.852755      0.594000 
    55.338715    -31.551872    -11.791353      0.592000 
    55.338727    -31.565777    -11.729951      0.589000 
    55.338738    -31.579678    -11.668548      0.587000 
    55.338750    -31.593567    -11.607173      0.584000 
    55.338762    -31.607452    -11.545799      0.583000 
    55.338773    -31.621332    -11.484425      0.583000 
    55.338785    -31.635212    -11.423050      0.583000 
    55.338796    -31.649084    -11.361675      0.584000 
    55.338808    -31.662952    -11.300298      0.585000 
    55.338819    -31.676819    -11.238921      0.584000 
    55.338831    -31.690678    -11.177543      0.583000 
    55.338843    -31.704535    -11.116165      0.581000 
    55.338854    -31.718388    -11.054785      0.579000 
    55.338866    -31.732237    -10.993405      0.578000 
    55.338877    -31.746082    -10.932025      0.577000 
    55.338889    -31.759924    -10.870643      0.579000 
    55.338900    -31.773762    -10.809261      0.582000 
    55.338912    -31.787596    -10.747878      0.587000 
    55.338924    -31.801424    -10.686494      0.591000 
    55.338935    -31.815250    -10.625110      0.594000 
    55.338947    -31.829073    -10.563725      0.596000 
    55.338958    -31.842892    -10.502339      0.594000 
    55.338970    -31.856707    -10.440952      0.590000 
    55.338981    -31.870518    -10.379565      0.583000 
    55.338993    -31.884323    -10.318177      0.575000 
    55.339005    -31.898129    -10.256789      0.569000 
    55.339016    -31.911928    -10.195400      0.563000 
    55.339039    -31.925726    -10.134010      0.561000 
    55.339051    -31.939520    -10.072619      0.561000 
    55.339063    -31.953308    -10.011228      0.564000 
    55.339074    -31.967094     -9.949836      0.569000 
    55.339086    -31.980870     -9.888477      0.574000 
    55.339097    -31.994640     -9.827115      0.580000 
    57.821852    -28.478615     -8.033664      0.553000 
    57.821863    -28.492277     -8.094965      0.558000 
    57.821875    -28.505941     -8.156265      0.561000 
    57.821887    -28.519610     -8.217565      0.561000 
    57.821898    -28.533278     -8.278864      0.560000 
    57.821910    -28.546951     -8.340162      0.557000 
    57.821921    -28.560633     -8.401484      0.553000 
    57.821933    -28.574318     -8.462813      0.550000 
    57.821944    -28.588007     -8.524140      0.548000 
    57.821956    -28.601698     -8.585468      0.548000 
    57.821968    -28.615393     -8.646795      0.550000 
    57.821979    -28.629091     -8.708121      0.551000 
    57.821991    -28.642790     -8.769446      0.551000 
    57.822002    -28.656494     -8.830772      0.551000 
    57.822014    -28.670200     -8.892096      0.548000 
    57.822025    -28.683910     -8.953420      0.546000 
    57.822049    -28.697624     -9.014743      0.544000 
    57.822060    -28.711340     -9.076065      0.544000 
    57.822072    -28.725058     -9.137387      0.548000 
    57.822083    -28.738781     -9.198709      0.554000 
    57.822095    -28.752506     -9.260029      0.561000 
    57.822106    -28.766235     -9.321349      0.570000 
    57.822118    -28.779966     -9.382669      0.578000 
    57.822130    -28.793701     -9.443987      0.584000 
    57.822141    -28.807442     -9.505306      0.586000 
    57.822153    -28.821182     -9.566623      0.585000 
    57.822164    -28.834929     -9.627940      0.582000 
    57.822176    -28.848677     -9.689256      0.577000 
    57.822187    -28.862429     -9.750572      0.573000 
    57.822199    -28.876184     -9.811887      0.569000 
    57.822211    -28.889944     -9.873201      0.567000 
    57.822222    -28.903706     -9.934514      0.566000 
    57.822234    -28.917473     -9.995827      0.566000 
    57.822245    -28.931240    -10.057139      0.566000 
    57.822257    -28.945015    -10.118451      0.568000 
    57.822269    -28.958790    -10.179762      0.571000 
    57.822280    -28.972578    -10.241106      0.574000 
    57.822292    -28.986368    -10.302447      0.579000 
    57.822303    -29.000162    -10.363787      0.586000 
    57.822315    -29.013960    -10.425127      0.595000 
    57.822326    -29.027761    -10.486466      0.604000 
    57.822338    -29.041567    -10.547804      0.611000 
    57.822350    -29.055376    -10.609141      0.615000 
    57.822361    -29.069187    -10.670478      0.616000 
    57.822373    -29.083006    -10.731814      0.614000 
    57.822384    -29.096827    -10.793149      0.610000 
    57.822407    -29.110650    -10.854483      0.604000 
    57.822419    -29.124477    -10.915817      0.598000 
    57.822431    -29.138310    -10.977150      0.593000 
    57.822442    -29.152145    -11.038482      0.590000 
    57.822454    -29.165985    -11.099814      0.587000 
    57.822465    -29.179829    -11.161145      0.586000 
    57.822477    -29.193676    -11.222475      0.584000 
    57.822488    -29.207527    -11.283804      0.582000 
    57.822500    -29.221382    -11.345133      0.579000 
    57.822512    -29.235243    -11.406461      0.575000 
    57.822523    -29.249105    -11.467788      0.573000 
    57.822535    -29.262974    -11.529115      0.572000 
    57.822546    -29.276846    -11.590440      0.572000 
    57.822558    -29.290722    -11.651765      0.573000 
    57.822569    -29.304602    -11.713089      0.575000 
    57.822581    -29.318485    -11.774413      0.578000 
    57.822593    -29.332375    -11.835735      0.579000 
    57.822604    -29.346272    -11.897077      0.580000 
    57.822616    -29.360174    -11.958429      0.579000 
    60.824965    -29.592255     -8.022689      0.569000 
    60.824977    -29.605915     -8.083993      0.570000 
    60.824988    -29.619581     -8.145297      0.571000 
    60.825000    -29.633250     -8.206600      0.573000 
    60.825012    -29.646921     -8.267902      0.574000 
    60.825023    -29.660595     -8.329203      0.575000 
    60.825035    -29.674270     -8.390505      0.577000 
    60.825046    -29.687950     -8.451806      0.579000 
    60.825058    -29.701633     -8.513106      0.581000 
    60.825069    -29.715319     -8.574405      0.584000 
    60.825081    -29.729008     -8.635704      0.587000 
    60.825093    -29.742699     -8.697002      0.589000 
    60.825104    -29.756393     -8.758299      0.591000 
    60.825116    -29.770090     -8.819596      0.591000 
    60.825127    -29.783790     -8.880893      0.589000 
    60.825139    -29.797495     -8.942188      0.585000 
    60.825150    -29.811201     -9.003483      0.579000 
    60.825162    -29.824911     -9.064778      0.571000 
    60.825174    -29.838623     -9.126072      0.563000 
    60.825185    -29.852340     -9.187365      0.556000 
    60.825197    -29.866060     -9.248658      0.550000 
    60.825208    -29.879790     -9.309984      0.545000 
    60.825220    -29.893522     -9.371306      0.541000 
    60.825231    -29.907259     -9.432629      0.539000 
    60.825243    -29.920998     -9.493950      0.538000 
    60.825255    -29.934740     -9.555271      0.536000 
    60.825266    -29.948486     -9.616591      0.535000 
    60.825278    -29.962236     -9.677910      0.533000 
    60.825289    -29.975990     -9.739229      0.531000 
    60.825313    -29.989746     -9.800547      0.529000 
    60.825324    -30.003506     -9.861865      0.528000 
    60.825336    -30.017270     -9.923181      0.529000 
    60.825347    -30.031034     -9.984498      0.529000 
    60.825359    -30.044804    -10.045813      0.531000 
    60.825370    -30.058578    -10.107128      0.533000 
    60.825382    -30.072355    -10.168442      0.536000 
    60.825394    -30.086138    -10.229755      0.538000 
    60.825405    -30.099920    -10.291068      0.543000 
    60.825417    -30.113708    -10.352380      0.546000 
    60.825428    -30.127500    -10.413691      0.550000 
    60.825440    -30.141296    -10.475002      0.554000 
    60.825451    -30.155094    -10.536312      0.559000 
    60.825463    -30.168898    -10.597621      0.566000 
    60.825475    -30.182705    -10.658930      0.571000 
    60.825486    -30.196514    -10.720238      0.577000 
    60.825498    -30.210327    -10.781545      0.583000 
    60.825509    -30.224146    -10.842851      0.588000 
    60.825521    -30.237968    -10.904157      0.593000 
    60.825532    -30.251793    -10.965462      0.595000 
    60.825544    -30.265627    -11.026789      0.595000 
    60.825556    -30.279469    -11.088124      0.593000 
    60.825567    -30.293312    -11.149458      0.588000 
    60.825579    -30.307161    -11.210792      0.581000 
    60.825590    -30.321012    -11.272124      0.573000 
    60.825602    -30.334870    -11.333456      0.565000 
    60.825613    -30.348728    -11.394787      0.559000 
    60.825625    -30.362593    -11.456118      0.556000 
    60.825637    -30.376463    -11.517447      0.556000 
    60.825648    -30.390333    -11.578776      0.559000 
    60.825671    -30.404211    -11.640104      0.566000 
    60.825683    -30.418090    -11.701432      0.574000 
    60.825694    -30.431976    -11.762758      0.582000 
    60.825706    -30.445866    -11.824084      0.588000 
    60.825718    -30.459759    -11.885409      0.590000 
    60.825729    -30.473656    -11.946733      0.590000 
   209.333241    -29.356907    -11.967178      0.538000 
   209.333252    -29.370846    -11.905706      0.536000 
   209.333264    -29.384780    -11.844234      0.536000 
   209.333275    -29.398708    -11.782760      0.536000 
   209.333287    -29.412636    -11.721286      0.539000 
   209.333299    -29.426558    -11.659811      0.542000 
   209.333310    -29.440474    -11.598335      0.545000 
   209.333322    -29.454380    -11.536895      0.548000 
   209.333333    -29.468280    -11.475448      0.552000 
   209.333345    -29.482180    -11.414001      0.556000 
   209.333356    -29.496075    -11.352554      0.563000 
   209.333368    -29.509964    -11.291105      0.570000 
   209.333380    -29.523850    -11.229656      0.578000 
   209.333391    -29.537731    -11.168206      0.585000 
   209.333403    -29.551610    -11.106755      0.591000 
   209.333414    -29.565483    -11.045303      0.595000 
   209.333426    -29.579353    -10.983851      0.595000 
   209.333438    -29.593220    -10.922398      0.592000 
   209.333449    -29.607080    -10.860944      0.587000 
   209.333461    -29.620940    -10.799489      0.580000 
   209.333472    -29.634794    -10.738034      0.574000 
   209.333484    -29.648645    -10.676578      0.570000 
   209.333495    -29.662493    -10.615121      0.568000 
   209.333519    -29.676334    -10.553663      0.568000 
   209.333530    -29.690174    -10.492205      0.572000 
   209.333542    -29.704012    -10.430746      0.576000 
   209.333553    -29.717842    -10.369286      0.580000 
   209.333565    -29.731672    -10.307825      0.582000 
   209.333576    -29.745497    -10.246364      0.582000 
   209.333588    -29.759317    -10.184902      0.580000 
   209.333600    -29.773134    -10.123439      0.577000 
   209.333611    -29.786947    -10.061976      0.573000 
   209.333623    -29.800749    -10.000557      0.569000 
   209.333634    -29.814548     -9.939123      0.567000 
   209.333646    -29.828344     -9.877689      0.566000 
   209.333657    -29.842138     -9.816254      0.567000 
   209.333669    -29.855928     -9.754819      0.568000 
   209.333681    -29.869713     -9.693382      0.569000 
   209.333692    -29.883495     -9.631945      0.570000 
   209.333704    -29.897276     -9.570508      0.570000 
   209.333715    -29.911053     -9.509069      0.571000 
   209.333727    -29.924824     -9.447630      0.572000 
   209.333738    -29.938593     -9.386190      0.575000 
   209.333750    -29.952358     -9.324750      0.579000 
   209.333762    -29.966122     -9.263309      0.585000 
   209.333773    -29.979881     -9.201867      0.590000 
   209.333785    -29.993637     -9.140425      0.593000 
   209.333796    -30.007391     -9.078982      0.595000 
   209.333808    -30.021141     -9.017538      0.591000 
   209.333819    -30.034887     -8.956094      0.584000 
   209.333843    -30.048632     -8.894649      0.575000 
   209.333854    -30.062370     -8.833203      0.564000 
   209.333866    -30.076109     -8.771757      0.555000 
   209.333877    -30.089844     -8.710310      0.549000 
   209.333889    -30.103575     -8.648863      0.546000 
   209.333900    -30.117302     -8.587414      0.546000 
   209.333912    -30.131027     -8.525966      0.550000 
   209.333924    -30.144750     -8.464516      0.554000 
   209.333935    -30.158460     -8.403105      0.559000 
   209.333947    -30.172170     -8.341686      0.563000 
   209.333958    -30.185879     -8.280266      0.566000 
   209.333970    -30.199581     -8.218845      0.568000 
   209.333981    -30.213282     -8.157423      0.571000 
   209.333993    -30.226980     -8.096002      0.574000 
   209.334005    -30.240677     -8.034580      0.578000 
   212.336296    -30.456566    -11.950195      0.569000 
   212.336308    -30.470503    -11.888722      0.576000 
   212.336319    -30.484438    -11.827248      0.583000 
   212.336331    -30.498367    -11.765774      0.590000 
   212.336343    -30.512287    -11.704324      0.595000 
   212.336354    -30.526201    -11.642879      0.597000 
   212.336366    -30.540112    -11.581434      0.596000 
   212.336377    -30.554014    -11.519987      0.592000 
   212.336389    -30.567919    -11.458540      0.586000 
   212.336400    -30.581816    -11.397093      0.580000 
   212.336412    -30.595709    -11.335644      0.574000 
   212.336424    -30.609598    -11.274195      0.569000 
   212.336435    -30.623484    -11.212744      0.567000 
   212.336458    -30.637365    -11.151293      0.566000 
   212.336470    -30.651243    -11.089842      0.567000 
   212.336481    -30.665117    -11.028389      0.570000 
   212.336493    -30.678986    -10.966936      0.573000 
   212.336505    -30.692852    -10.905482      0.577000 
   212.336516    -30.706715    -10.844027      0.581000 
   212.336528    -30.720572    -10.782571      0.584000 
   212.336539    -30.734426    -10.721115      0.586000 
   212.336551    -30.748276    -10.659658      0.587000 
   212.336574    -30.775967    -10.536742      0.586000 
   212.336586    -30.789804    -10.475282      0.584000 
   212.336597    -30.803640    -10.413823      0.580000 
   212.336609    -30.817472    -10.352362      0.573000 
   212.336620    -30.831300    -10.290900      0.564000 
   212.336632    -30.845121    -10.229454      0.554000 
   212.336644    -30.858934    -10.168023      0.542000 
   212.336655    -30.872746    -10.106591      0.532000 
   212.336667    -30.886550    -10.045158      0.525000 
   212.336678    -30.900354     -9.983724      0.522000 
   212.336690    -30.914152     -9.922289      0.525000 
   212.336701    -30.927952     -9.860854      0.532000 
   212.336713    -30.941744     -9.799418      0.544000 
   212.336725    -30.955532     -9.737982      0.557000 
   212.336736    -30.969316     -9.676545      0.570000 
   212.336748    -30.983100     -9.615107      0.579000 
   212.336759    -30.996880     -9.553668      0.585000 
   212.336782    -31.010654     -9.492229      0.586000 
   212.336794    -31.024427     -9.430789      0.582000 
   212.336806    -31.038197     -9.369348      0.577000 
   212.336817    -31.051962     -9.307907      0.571000 
   212.336829    -31.065725     -9.246465      0.565000 
   212.336840    -31.079485     -9.185022      0.563000 
   212.336852    -31.093240     -9.123579      0.563000 
   212.336863    -31.106993     -9.062135      0.566000 
   212.336875    -31.120743     -9.000690      0.569000 
   212.336887    -31.134490     -8.939245      0.573000 
   212.336898    -31.148233     -8.877799      0.576000 
   212.336910    -31.161972     -8.816352      0.579000 
   212.336921    -31.175710     -8.754905      0.580000 
   212.336933    -31.189445     -8.693457      0.580000 
   212.336944    -31.203170     -8.632036      0.579000 
   212.336956    -31.216890     -8.570618      0.577000 
   212.336968    -31.230610     -8.509200      0.577000 
   212.336979    -31.244326     -8.447781      0.576000 
   212.336991    -31.258038     -8.386360      0.576000 
   212.337002    -31.271748     -8.324940      0.577000 
   212.337014    -31.285454     -8.263519      0.578000 
   212.337025    -31.299156     -8.202098      0.578000 
   212.337037    -31.312859     -8.140675      0.577000 
   212.337049    -31.326555     -8.079253      0.576000 
   212.337060    -31.340252     -8.017830      0.572000 
   214.819942    -28.011963    -10.775005      0.567000 
   214.819954    -28.025784    -10.836313      0.564000 
   214.819965    -28.039610    -10.897620      0.564000 
   214.819977    -28.053436    -10.958926      0.569000 
   214.819988    -28.067270    -11.020232      0.578000 
   214.820000    -28.081106    -11.081537      0.588000 
   214.820012    -28.094946    -11.142841      0.597000 
   214.820023    -28.108790    -11.204144      0.602000 
   214.820035    -28.122637    -11.265446      0.601000 
   214.820046    -28.136490    -11.326748      0.593000 
   214.820058    -28.150347    -11.388049      0.580000 
   214.820069    -28.164207    -11.449349      0.561000 
   214.820081    -28.178080    -11.510689      0.541000 
   214.820093    -28.191956    -11.572019      0.525000 
   214.820104    -28.205835    -11.633348      0.515000 
   214.820127    -28.233606    -11.756004      0.520000 
   214.820139    -28.247498    -11.817330      0.534000 
   214.820150    -28.261395    -11.878656      0.552000 
   214.820162    -28.275295    -11.939981      0.571000 
   215.339606    -31.844439    -10.656739      0.365000 
   220.825509    -29.583820     -8.019943      0.579000 
   220.825521    -29.597485     -8.081244      0.581000 
   220.825532    -29.611153     -8.142546      0.584000 
   220.825544    -29.624820     -8.203847      0.587000 
   220.825556    -29.638494     -8.265146      0.588000 
   220.825567    -29.652168     -8.326447      0.588000 
   220.825579    -29.665848     -8.387746      0.587000 
   220.825590    -29.679530     -8.449044      0.587000 
   220.825602    -29.693213     -8.510342      0.588000 
   220.825613    -29.706900     -8.571639      0.589000 
   220.825625    -29.720590     -8.632935      0.591000 
   220.825637    -29.734283     -8.694231      0.594000 
   220.825648    -29.747978     -8.755526      0.597000 
   220.825660    -29.761683     -8.816843      0.598000 
   220.825671    -29.775393     -8.878168      0.599000 
   220.825683    -29.789104     -8.939493      0.598000 
   220.825694    -29.802820     -9.000816      0.597000 
   220.825706    -29.816538     -9.062139      0.597000 
   220.825718    -29.830260     -9.123462      0.597000 
   220.825729    -29.843985     -9.184784      0.599000 
   220.825741    -29.857712     -9.246105      0.603000 
   220.825752    -29.871443     -9.307425      0.606000 
   220.825764    -29.885178     -9.368745      0.608000 
   220.825775    -29.898916     -9.430064      0.608000 
   220.825787    -29.912657     -9.491383      0.606000 
   220.825799    -29.926401     -9.552700      0.602000 
   220.825810    -29.940147     -9.614017      0.597000 
   220.825833    -29.953900     -9.675334      0.593000 
   220.825845    -29.967653     -9.736649      0.592000 
   220.825856    -29.981411     -9.797964      0.593000 
   220.825868    -29.995173     -9.859279      0.597000 
   220.825880    -30.008938     -9.920592      0.605000 
   220.825891    -30.022705     -9.981905      0.610000 
   220.825903    -30.036476    -10.043217      0.613000 
   220.825914    -30.050253    -10.104528      0.612000 
   220.825926    -30.064030    -10.165839      0.607000 
   220.825937    -30.077812    -10.227149      0.597000 
   220.825949    -30.091599    -10.288458      0.588000 
   220.825961    -30.105396    -10.349801      0.578000 
   220.825972    -30.119196    -10.411140      0.572000 
   220.825984    -30.133000    -10.472478      0.572000 
   220.825995    -30.146807    -10.533816      0.578000 
   220.826007    -30.160618    -10.595153      0.587000 
   220.826019    -30.174433    -10.656489      0.598000 
   220.826030    -30.188251    -10.717824      0.607000 
   220.826042    -30.202074    -10.779159      0.612000 
   220.826053    -30.215900    -10.840493      0.610000 
   220.826065    -30.229730    -10.901826      0.605000 
   220.826076    -30.243563    -10.963158      0.596000 
   220.826088    -30.257402    -11.024489      0.586000 
   220.826100    -30.271242    -11.085820      0.579000 
   220.826111    -30.285090    -11.147150      0.577000 
   220.826123    -30.298939    -11.208479      0.581000 
   220.826134    -30.312792    -11.269808      0.589000 
   220.826146    -30.326649    -11.331135      0.599000 
   220.826157    -30.340510    -11.392462      0.609000 
   220.826181    -30.354378    -11.453788      0.616000 
   220.826192    -30.368246    -11.515113      0.618000 
   220.826204    -30.382120    -11.576438      0.616000 
   220.826215    -30.395998    -11.637761      0.610000 
   220.826227    -30.409880    -11.699084      0.602000 
   220.826238    -30.423770    -11.760430      0.593000 
   220.826250    -30.437670    -11.821783      0.587000 
   220.826262    -30.451570    -11.883134      0.581000 
   220.826273    -30.465477    -11.944485      0.577000 
   223.828553    -30.682232     -8.043368      0.595000 
   223.828565    -30.695902     -8.104682      0.586000 
   223.828576    -30.709578     -8.166011      0.579000 
   223.828588    -30.723255     -8.227340      0.577000 
   223.828600    -30.736937     -8.288667      0.577000 
   223.828623    -30.750622     -8.349995      0.579000 
   223.828634    -30.764309     -8.411322      0.583000 
   223.828646    -30.777998     -8.472648      0.585000 
   223.828657    -30.791690     -8.533973      0.587000 
   223.828669    -30.805386     -8.595298      0.585000 
   223.828681    -30.819086     -8.656622      0.581000 
   223.828692    -30.832787     -8.717946      0.576000 
   223.828704    -30.846493     -8.779269      0.570000 
   223.828715    -30.860200     -8.840591      0.565000 
   223.828727    -30.873910     -8.901913      0.564000 
   223.828738    -30.887625     -8.963234      0.565000 
   223.828750    -30.901342     -9.024554      0.570000 
   223.828762    -30.915062     -9.085874      0.578000 
   223.828773    -30.928785     -9.147192      0.586000 
   223.828785    -30.942513     -9.208511      0.596000 
   223.828796    -30.956242     -9.269829      0.604000 
   223.828808    -30.969975     -9.331145      0.611000 
   223.828819    -30.983710     -9.392462      0.615000 
   223.828831    -30.997450     -9.453777      0.617000 
   223.828843    -31.011192     -9.515092      0.616000 
   223.828854    -31.024939     -9.576406      0.614000 
   223.828866    -31.038689     -9.637720      0.611000 
   223.828877    -31.052450     -9.699076      0.607000 
   223.828889    -31.066214     -9.760419      0.603000 
   223.828900    -31.079980     -9.821762      0.600000 
   223.828912    -31.093750     -9.883104      0.597000 
   223.828924    -31.107525     -9.944445      0.594000 
   223.828935    -31.121302    -10.005786      0.592000 
   223.828947    -31.135080    -10.067126      0.589000 
   223.828970    -31.148865    -10.128465      0.586000 
   223.828981    -31.162653    -10.189803      0.582000 
   223.828993    -31.176443    -10.251141      0.579000 
   223.829005    -31.190239    -10.312478      0.575000 
   223.829016    -31.204037    -10.373814      0.573000 
   223.829028    -31.217838    -10.435149      0.571000 
   223.829039    -31.231646    -10.496484      0.571000 
   223.829051    -31.245453    -10.557818      0.571000 
   223.829063    -31.259268    -10.619151      0.572000 
   223.829074    -31.273085    -10.680484      0.574000 
   223.829086    -31.286903    -10.741816      0.576000 
   223.829097    -31.300728    -10.803147      0.578000 
   223.829109    -31.314556    -10.864477      0.579000 
   223.829120    -31.328390    -10.925806      0.579000 
   223.829132    -31.342224    -10.987135      0.579000 
   223.829144    -31.356066    -11.048463      0.577000 
   223.829155    -31.369913    -11.109809      0.576000 
   223.829167    -31.383768    -11.171166      0.574000 
   223.829178    -31.397627    -11.232523      0.574000 
   223.829190    -31.411490    -11.293879      0.574000 
   223.829201    -31.425356    -11.355235      0.576000 
   223.829213    -31.439226    -11.416589      0.578000 
   223.829225    -31.453102    -11.477943      0.579000 
   223.829236    -31.466980    -11.539296      0.581000 
   223.829248    -31.480864    -11.600648      0.581000 
   223.829259    -31.494750    -11.661999      0.581000 
   223.829271    -31.508642    -11.723349      0.580000 
   223.829282    -31.522537    -11.784699      0.581000 
   223.829294    -31.536436    -11.846048      0.582000 
   223.829317    -31.550340    -11.907396      0.584000 
   223.829329    -31.564249    -11.968743      0.587000 
   226.831597    -31.772568     -8.035494      0.586000 
   226.831609    -31.786240     -8.096822      0.587000 
   226.831632    -31.799915     -8.158147      0.590000 
   226.831644    -31.813593     -8.219472      0.593000 
   226.831655    -31.827274     -8.280797      0.594000 
   226.831667    -31.840960     -8.342122      0.596000 
   226.831678    -31.854647     -8.403445      0.597000 
   226.831690    -31.868336     -8.464768      0.598000 
   226.831701    -31.882027     -8.526090      0.599000 
   226.831713    -31.895723     -8.587412      0.600000 
   226.831725    -31.909422     -8.648732      0.602000 
   226.831736    -31.923124     -8.710053      0.602000 
   226.831748    -31.936829     -8.771372      0.600000 
   226.831759    -31.950537     -8.832691      0.598000 
   226.831771    -31.964247     -8.894010      0.595000 
   226.831782    -31.977968     -8.955358      0.591000 
   226.831794    -31.991692     -9.016707      0.586000 
   228.329375    -28.009054    -11.513882      0.558000 
   228.329387    -28.022951    -11.452454      0.559000 
   228.329398    -28.036844    -11.391026      0.560000 
   228.329410    -28.050722    -11.329640      0.561000 
   228.329421    -28.064600    -11.268241      0.562000 
   228.329433    -28.078472    -11.206841      0.564000 
   228.329444    -28.092342    -11.145440      0.566000 
   228.329456    -28.106209    -11.084039      0.569000 
   228.329468    -28.120070    -11.022637      0.573000 
   228.329479    -28.133926    -10.961234      0.576000 
   228.329491    -28.147780    -10.899830      0.578000 
   228.329502    -28.161630    -10.838426      0.578000 
   228.329514    -28.175476    -10.777021      0.577000 
   228.329525    -28.189318    -10.715615      0.573000 
   228.329537    -28.203156    -10.654208      0.568000 
   228.329549    -28.216991    -10.592800      0.563000 
   228.329560    -28.230822    -10.531392      0.557000 
   228.329572    -28.244650    -10.469983      0.553000 
   228.329583    -28.258472    -10.408573      0.550000 
   228.329595    -28.272291    -10.347163      0.549000 
   228.329606    -28.286108    -10.285751      0.547000 
   228.329618    -28.299920    -10.224339      0.546000 
   228.329630    -28.313728    -10.162927      0.543000 
   228.329653    -28.327534    -10.101513      0.540000 
   228.329664    -28.341335    -10.040099      0.536000 
   228.329676    -28.355133     -9.978684      0.532000 
   228.329688    -28.368921     -9.917304      0.529000 
   228.329699    -28.382704     -9.855919      0.528000 
   228.329711    -28.396486     -9.794533      0.530000 
   228.329722    -28.410263     -9.733146      0.533000 
   228.329734    -28.424038     -9.671759      0.539000 
   228.329745    -28.437807     -9.610371      0.545000 
   228.329757    -28.451574     -9.548983      0.550000 
   228.329769    -28.465338     -9.487593      0.553000 
   228.329780    -28.479100     -9.426204      0.556000 
   228.329792    -28.492855     -9.364813      0.558000 
   228.329803    -28.506610     -9.303422      0.558000 
   228.329815    -28.520360     -9.242029      0.561000 
   228.329826    -28.534107     -9.180637      0.563000 
   228.329838    -28.547852     -9.119243      0.566000 
   228.329850    -28.561592     -9.057849      0.569000 
   228.329861    -28.575330     -8.996455      0.571000 
   228.329873    -28.589066     -8.935059      0.573000 
   228.329884    -28.602798     -8.873663      0.572000 
   228.329896    -28.616526     -8.812266      0.572000 
   228.329907    -28.630253     -8.750869      0.571000 
   228.329919    -28.643974     -8.689471      0.572000 
   228.329931    -28.657694     -8.628072      0.574000 
   228.329942    -28.671410     -8.566673      0.578000 
   228.329954    -28.685123     -8.505273      0.583000 
   228.329965    -28.698830     -8.443891      0.589000 
   228.329988    -28.712530     -8.382520      0.592000 
   228.330000    -28.726227     -8.321151      0.594000 
   228.330012    -28.739923     -8.259779      0.591000 
   228.330023    -28.753614     -8.198407      0.586000 
   228.330035    -28.767303     -8.137034      0.578000 
   228.330046    -28.780990     -8.075662      0.570000 
   228.330058    -28.794674     -8.014288      0.563000 
   231.332326    -28.997377    -11.973138      0.598000 
   231.332338    -29.011297    -11.911744      0.599000 
   231.332350    -29.025213    -11.850349      0.599000 
   231.332361    -29.039125    -11.788953      0.599000 
   231.332373    -29.053032    -11.727557      0.599000 
   231.332384    -29.066936    -11.666160      0.600000 
   231.332396    -29.080835    -11.604761      0.602000 
   231.332407    -29.094730    -11.543363      0.603000 
   231.332419    -29.108622    -11.481963      0.604000 
   231.332431    -29.122507    -11.420562      0.602000 
   231.332442    -29.136390    -11.359161      0.598000 
   231.332454    -29.150269    -11.297759      0.591000 
   231.332465    -29.164145    -11.236356      0.581000 
   231.332477    -29.178015    -11.174952      0.569000 
   231.332500    -29.191881    -11.113548      0.557000 
   231.332512    -29.205744    -11.052142      0.547000 
   231.332523    -29.219603    -10.990736      0.541000 
   231.332535    -29.233458    -10.929329      0.539000 
   231.332546    -29.247309    -10.867922      0.541000 
   231.332558    -29.261156    -10.806513      0.547000 
   231.332569    -29.275000    -10.745104      0.557000 
   231.332581    -29.288837    -10.683694      0.567000 
   231.332593    -29.302666    -10.622324      0.576000 
   231.332604    -29.316490    -10.560944      0.583000 
   231.332616    -29.330310    -10.499563      0.587000 
   231.332627    -29.344130    -10.438182      0.589000 
   231.332639    -29.357944    -10.376799      0.589000 
   231.332650    -29.371754    -10.315416      0.588000 
   231.332662    -29.385560    -10.254032      0.587000 
   231.332674    -29.399363    -10.192648      0.586000 
   231.332685    -29.413162    -10.131262      0.586000 
   231.332697    -29.426958    -10.069876      0.587000 
   231.332708    -29.440752    -10.008489      0.588000 
   231.332720    -29.454540     -9.947102      0.587000 
   231.332731    -29.468325     -9.885713      0.586000 
   231.332743    -29.482107     -9.824325      0.584000 
   231.332755    -29.495886     -9.762935      0.581000 
   231.332766    -29.509660     -9.701544      0.577000 
   231.332778    -29.523434     -9.640153      0.575000 
   231.332789    -29.537200     -9.578761      0.574000 
   231.332801    -29.550966     -9.517369      0.575000 
   231.332812    -29.564728     -9.455976      0.580000 
   231.332836    -29.578485     -9.394582      0.586000 
   231.332847    -29.592241     -9.333187      0.591000 
   231.332859    -29.605993     -9.271792      0.596000 
   231.332870    -29.619738     -9.210412      0.600000 
   231.332882    -29.633476     -9.149047      0.602000 
   231.332894    -29.647211     -9.087681      0.601000 
   231.332905    -29.660942     -9.026314      0.598000 
   231.332917    -29.674671     -8.964947      0.594000 
   231.332928    -29.688396     -8.903579      0.591000 
   231.332940    -29.702120     -8.842210      0.589000 
   231.332951    -29.715840     -8.780841      0.587000 
   231.332963    -29.729555     -8.719471      0.586000 
   231.332975    -29.743269     -8.658100      0.584000 
   231.332986    -29.756980     -8.596729      0.581000 
   231.332998    -29.770687     -8.535357      0.578000 
   231.333009    -29.784391     -8.473985      0.574000 
   231.333021    -29.798092     -8.412612      0.571000 
   231.333032    -29.811792     -8.351238      0.570000 
   231.333044    -29.825487     -8.289863      0.571000 
   231.333056    -29.839180     -8.228488      0.575000 
   231.333067    -29.852870     -8.167112      0.581000 
   231.333079    -29.866558     -8.105736      0.589000 
   231.333090    -29.880241     -8.044359      0.597000 
   239.821505    -28.119694     -8.034673      0.579000 
   239.821516    -28.133377     -8.096047      0.582000 
   239.821528    -28.147064     -8.157420      0.584000 
   239.821539    -28.160753     -8.218793      0.585000 
   239.821551    -28.174448     -8.280164      0.583000 
   239.821562    -28.188143     -8.341535      0.579000 
   239.821586    -28.201841     -8.402906      0.574000 
   239.821597    -28.215544     -8.464276      0.568000 
   239.821609    -28.229246     -8.525645      0.562000 
   239.821620    -28.242964     -8.587050      0.557000 
   239.821632    -28.256680     -8.648449      0.553000 
   239.821644    -28.270400     -8.709848      0.553000 
   239.821655    -28.284122     -8.771246      0.554000 
   239.821667    -28.297850     -8.832643      0.556000 
   239.821678    -28.311579     -8.894040      0.559000 
   239.821690    -28.325312     -8.955436      0.561000 
   239.821701    -28.339046     -9.016831      0.562000 
   239.821713    -28.352785     -9.078226      0.561000 
   239.821725    -28.366528     -9.139620      0.559000 
   239.821736    -28.380272     -9.201013      0.557000 
   239.821748    -28.394020     -9.262406      0.554000 
   239.821759    -28.407772     -9.323798      0.551000 
   239.821771    -28.421526     -9.385189      0.546000 
   239.821782    -28.435284     -9.446580      0.543000 
   239.821794    -28.449045     -9.507969      0.539000 
   239.821806    -28.462809     -9.569359      0.535000 
   239.821817    -28.476578     -9.630747      0.529000 
   239.821829    -28.490350     -9.692135      0.524000 
   239.821840    -28.504124     -9.753522      0.519000 
   239.821852    -28.517900     -9.814909      0.515000 
   239.821863    -28.531685     -9.876294      0.514000 
   239.821875    -28.545470     -9.937679      0.515000 
   239.821887    -28.559258     -9.999064      0.519000 
   239.821898    -28.573050    -10.060447      0.524000 
   239.821921    -28.586855    -10.121873      0.530000 
   239.821933    -28.600660    -10.183286      0.536000 
   239.821944    -28.614471    -10.244699      0.540000 
   239.821956    -28.628284    -10.306111      0.543000 
   239.821968    -28.642101    -10.367523      0.544000 
   239.821979    -28.655922    -10.428933      0.545000 
   239.821991    -28.669746    -10.490343      0.546000 
   239.822002    -28.683575    -10.551752      0.548000 
   239.822014    -28.697407    -10.613160      0.553000 
   239.822025    -28.711240    -10.674568      0.558000 
   239.822037    -28.725080    -10.735974      0.565000 
   239.822049    -28.738924    -10.797380      0.571000 
   239.822060    -28.752770    -10.858786      0.574000 
   239.822072    -28.766620    -10.920190      0.575000 
   239.822083    -28.780476    -10.981594      0.572000 
   239.822095    -28.794333    -11.042997      0.567000 
   239.822106    -28.808197    -11.104399      0.560000 
   239.822118    -28.822063    -11.165800      0.554000 
   239.822130    -28.835934    -11.227201      0.551000 
   239.822141    -28.849808    -11.288601      0.551000 
   239.822153    -28.863686    -11.350000      0.554000 
   239.822164    -28.877567    -11.411398      0.560000 
   239.822176    -28.891455    -11.472795      0.569000 
   239.822187    -28.905350    -11.534218      0.576000 
   239.822199    -28.919252    -11.595646      0.581000 
   239.822211    -28.933159    -11.657072      0.583000 
   239.822222    -28.947070    -11.718497      0.584000 
   239.822234    -28.960983    -11.779922      0.581000 
   239.822257    -28.974901    -11.841346      0.579000 
   239.822269    -28.988825    -11.902769      0.578000 
   239.822280    -29.002750    -11.964191      0.579000 
   242.824537    -29.203420     -8.012979      0.567000 
   242.824549    -29.217112     -8.074382      0.566000 
   242.824560    -29.230804     -8.135784      0.566000 
   242.824572    -29.244500     -8.197185      0.568000 
   242.824595    -29.258198     -8.258585      0.569000 
   242.824606    -29.271900     -8.319984      0.571000 
   242.824618    -29.285604     -8.381383      0.573000 
   242.824630    -29.299310     -8.442782      0.574000 
   242.824641    -29.313020     -8.504180      0.575000 
   242.824653    -29.326733     -8.565577      0.573000 
   242.824664    -29.340450     -8.626974      0.570000 
   242.824676    -29.354170     -8.688370      0.566000 
   242.824688    -29.367891     -8.749765      0.561000 
   242.824699    -29.381617     -8.811160      0.556000 
   242.824711    -29.395344     -8.872554      0.553000 
   242.824722    -29.409075     -8.933947      0.550000 
   242.824734    -29.422810     -8.995340      0.549000 
   242.824745    -29.436546     -9.056732      0.549000 
   242.824757    -29.450287     -9.118123      0.548000 
   242.824769    -29.464031     -9.179514      0.547000 
   242.824780    -29.477777     -9.240903      0.544000 
   242.824792    -29.491528     -9.302293      0.541000 
   242.824803    -29.505281     -9.363682      0.537000 
   242.824826    -29.532804     -9.486494      0.531000 
   242.824838    -29.546576     -9.547912      0.530000 
   242.824850    -29.560350     -9.609329      0.532000 
   242.824861    -29.574127     -9.670746      0.535000 
   242.824873    -29.587908     -9.732162      0.541000 
   242.824884    -29.601690     -9.793577      0.549000 
   242.824896    -29.615477     -9.854991      0.557000 
   242.824907    -29.629269     -9.916405      0.565000 
   242.824931    -29.643063     -9.977818      0.573000 
   242.824942    -29.656860    -10.039230      0.579000 
   242.824954    -29.670662    -10.100641      0.585000 
   242.824965    -29.684467    -10.162052      0.587000 
   242.824977    -29.698275    -10.223462      0.589000 
   242.824988    -29.712088    -10.284872      0.586000 
   242.825000    -29.725903    -10.346280      0.581000 
   242.825012    -29.739721    -10.407688      0.574000 
   242.825023    -29.753544    -10.469095      0.566000 
   242.825035    -29.767370    -10.530502      0.557000 
   242.825046    -29.781200    -10.591908      0.550000 
   242.825058    -29.795034    -10.653313      0.544000 
   242.825069    -29.808872    -10.714717      0.540000 
   242.825081    -29.822716    -10.776120      0.539000 
   242.825093    -29.836560    -10.837523      0.541000 
   242.825104    -29.850409    -10.898925      0.545000 
   242.825116    -29.864270    -10.960355      0.551000 
   242.825127    -29.878132    -11.021786      0.559000 
   242.825139    -29.892000    -11.083217      0.569000 
   242.825150    -29.905872    -11.144647      0.578000 
   242.825162    -29.919748    -11.206077      0.587000 
   242.825174    -29.933628    -11.267505      0.594000 
   242.825185    -29.947512    -11.328933      0.601000 
   242.825197    -29.961400    -11.390360      0.606000 
   242.825208    -29.975292    -11.451786      0.610000 
   242.825220    -29.989187    -11.513211      0.612000 
   242.825231    -30.003086    -11.574636      0.612000 
   242.825243    -30.016993    -11.636060      0.613000 
   242.825266    -30.030901    -11.697483      0.611000 
   242.825278    -30.044813    -11.758905      0.610000 
   242.825289    -30.058730    -11.820326      0.609000 
   242.825301    -30.072650    -11.881747      0.609000 
   242.825313    -30.086576    -11.943167      0.609000 
