    28.347546    -35.570890    -13.027624      0.677000 
    28.347558    -35.584900    -13.084657      0.680000 
    28.347569    -35.598915    -13.141690      0.682000 
    28.347581    -35.612934    -13.198723      0.686000 
    28.347593    -35.626960    -13.255757      0.689000 
    28.347604    -35.640990    -13.312790      0.693000 
    28.347616    -35.655030    -13.369824      0.694000 
    28.347627    -35.669067    -13.426858      0.694000 
    28.347639    -35.683110    -13.483892      0.692000 
    28.347650    -35.697163    -13.540926      0.687000 
    28.347662    -35.711216    -13.597961      0.681000 
    28.347674    -35.725277    -13.654996      0.673000 
    28.347685    -35.739340    -13.712030      0.666000 
    28.347697    -35.753410    -13.769065      0.661000 
    28.347708    -35.767483    -13.826101      0.657000 
    28.347720    -35.781563    -13.883136      0.656000 
    28.347731    -35.795647    -13.940171      0.655000 
    28.347743    -35.809740    -13.997207      0.656000 
    28.347755    -35.823833    -14.054243      0.657000 
    28.347766    -35.837933    -14.111279      0.655000 
    28.347778    -35.852036    -14.168315      0.651000 
    28.347789    -35.866146    -14.225351      0.644000 
    28.347801    -35.880260    -14.282387      0.632000 
    28.347812    -35.894382    -14.339424      0.619000 
    28.347824    -35.908510    -14.396461      0.606000 
    28.347836    -35.922640    -14.453498      0.594000 
    28.347847    -35.936775    -14.510534      0.584000 
    28.347859    -35.950916    -14.567572      0.580000 
    28.347870    -35.965065    -14.624609      0.581000 
    28.347882    -35.979218    -14.681646      0.587000 
    28.347894    -35.993374    -14.738684      0.598000 
    28.347905    -36.007538    -14.795722      0.610000 
    28.347917    -36.021706    -14.852760      0.624000 
    28.347928    -36.035877    -14.909798      0.639000 
    28.347940    -36.050060    -14.966836      0.652000 
    28.347951    -36.064243    -15.023874      0.663000 
    28.347963    -36.078434    -15.080912      0.672000 
    28.347975    -36.092630    -15.137951      0.680000 
    28.347986    -36.106830    -15.194989      0.686000 
    28.347998    -36.121040    -15.252028      0.692000 
    28.348009    -36.135250    -15.309067      0.697000 
    28.348021    -36.149470    -15.366106      0.703000 
    28.348032    -36.163692    -15.423145      0.709000 
    28.348044    -36.177925    -15.480185      0.713000 
    28.348056    -36.192158    -15.537224      0.718000 
    28.348067    -36.206400    -15.594264      0.723000 
    28.348079    -36.220646    -15.651303      0.727000 
    28.348090    -36.234900    -15.708343      0.732000 
    28.348102    -36.249160    -15.765383      0.737000 
    28.348113    -36.263420    -15.822423      0.742000 
    28.348125    -36.277695    -15.879463      0.747000 
    28.348137    -36.291970    -15.936504      0.753000 
    28.348148    -36.306250    -15.993544      0.761000 
    28.348160    -36.320538    -16.050585      0.769000 
    28.348171    -36.334835    -16.107624      0.775000 
    28.348183    -36.349133    -16.164665      0.779000 
    28.348194    -36.363440    -16.221706      0.781000 
    28.348206    -36.377754    -16.278748      0.778000 
    28.348218    -36.392070    -16.335789      0.772000 
    28.348229    -36.406395    -16.392830      0.760000 
    28.348241    -36.420727    -16.449870      0.747000 
    28.348252    -36.435062    -16.506912      0.732000 
    28.348264    -36.449406    -16.563953      0.717000 
    28.348275    -36.463753    -16.620995      0.703000 
    28.348287    -36.478110    -16.678038      0.691000 
    28.348299    -36.492470    -16.735077      0.681000 
    28.348310    -36.506840    -16.792120      0.672000 
    28.348322    -36.521214    -16.849161      0.664000 
    28.348333    -36.535595    -16.906204      0.657000 
    28.348345    -36.549980    -16.963245      0.650000 
    31.859630    -34.887970    -16.994928      0.753000 
    31.859641    -34.902386    -16.937805      0.754000 
    31.859653    -34.916790    -16.880686      0.753000 
    31.859664    -34.931194    -16.823563      0.752000 
    31.859676    -34.945587    -16.766441      0.751000 
    31.859688    -34.959976    -16.709318      0.749000 
    31.859699    -34.974358    -16.652199      0.748000 
    31.859711    -34.988730    -16.595078      0.746000 
    31.859722    -35.003100    -16.537954      0.743000 
    31.859734    -35.017467    -16.480835      0.741000 
    31.859745    -35.031822    -16.423714      0.737000 
    31.859757    -35.046173    -16.366592      0.733000 
    31.859769    -35.060516    -16.309471      0.730000 
    31.859780    -35.074856    -16.252352      0.725000 
    31.859792    -35.089188    -16.195230      0.721000 
    31.859803    -35.103516    -16.138110      0.717000 
    31.859815    -35.117836    -16.080990      0.713000 
    31.859826    -35.132153    -16.023869      0.710000 
    31.859838    -35.146458    -15.966748      0.707000 
    31.859850    -35.160763    -15.909627      0.704000 
    31.859861    -35.175060    -15.852507      0.703000 
    31.859873    -35.189346    -15.795387      0.702000 
    31.859884    -35.203632    -15.738267      0.700000 
    31.859896    -35.217915    -15.681147      0.699000 
    31.859907    -35.232185    -15.624028      0.700000 
    31.859919    -35.246452    -15.566908      0.699000 
    31.859931    -35.260715    -15.509788      0.698000 
    31.859942    -35.274970    -15.452669      0.696000 
    31.859954    -35.289223    -15.395549      0.692000 
    31.859965    -35.303467    -15.338430      0.689000 
    31.859977    -35.317703    -15.281311      0.685000 
    31.859988    -35.331940    -15.224192      0.681000 
    31.860000    -35.346165    -15.167073      0.677000 
    31.860012    -35.360386    -15.109954      0.673000 
    31.860023    -35.374603    -15.052835      0.670000 
    31.860035    -35.388813    -14.995717      0.666000 
    31.860046    -35.403020    -14.938598      0.663000 
    31.860058    -35.417217    -14.881480      0.658000 
    31.860069    -35.431410    -14.824362      0.655000 
    31.860081    -35.445602    -14.767244      0.651000 
    31.860093    -35.459785    -14.710126      0.650000 
    31.860104    -35.473965    -14.653008      0.649000 
    31.860116    -35.488136    -14.595890      0.651000 
    31.860127    -35.502304    -14.538772      0.655000 
    31.860139    -35.516464    -14.481655      0.661000 
    31.860150    -35.530620    -14.424538      0.667000 
    31.860174    -35.544773    -14.367421      0.673000 
    31.860185    -35.558918    -14.310304      0.677000 
    31.860197    -35.573060    -14.253187      0.680000 
    31.860208    -35.587196    -14.196070      0.682000 
    31.860220    -35.601326    -14.138953      0.682000 
    31.860231    -35.615450    -14.081837      0.682000 
    31.860243    -35.629570    -14.024720      0.683000 
    31.860255    -35.643684    -13.967604      0.684000 
    31.860266    -35.657795    -13.910488      0.688000 
    31.860278    -35.671900    -13.853372      0.691000 
    31.860289    -35.686000    -13.796257      0.693000 
    31.860301    -35.700096    -13.739141      0.695000 
    31.860313    -35.714184    -13.682025      0.695000 
    31.860324    -35.728270    -13.624910      0.692000 
    31.860336    -35.742348    -13.567795      0.688000 
    31.860347    -35.756424    -13.510680      0.683000 
    31.860359    -35.770496    -13.453565      0.678000 
    31.860370    -35.784560    -13.396451      0.672000 
    31.860382    -35.798620    -13.339336      0.669000 
    31.860394    -35.812675    -13.282222      0.667000 
    31.860405    -35.826725    -13.225108      0.665000 
    31.860417    -35.840770    -13.167994      0.663000 
    31.860428    -35.854813    -13.110880      0.661000 
    31.860440    -35.868850    -13.053766      0.660000 
    36.864815    -36.753414    -16.990738      0.628000 
    36.864826    -36.767826    -16.933617      0.607000 
    36.864838    -36.782234    -16.876493      0.590000 
    36.864850    -36.796635    -16.819372      0.580000 
    36.864861    -36.811030    -16.762250      0.579000 
    36.864873    -36.825420    -16.705130      0.587000 
    36.864884    -36.839800    -16.648008      0.602000 
    36.864896    -36.854176    -16.590887      0.623000 
    36.864907    -36.868546    -16.533766      0.646000 
    36.864919    -36.882910    -16.476645      0.668000 
    36.864931    -36.897266    -16.419523      0.685000 
    36.864942    -36.911617    -16.362404      0.697000 
    36.864954    -36.925964    -16.305280      0.702000 
    36.864965    -36.940304    -16.248161      0.702000 
    36.864977    -36.954636    -16.191042      0.699000 
    36.864988    -36.968960    -16.133920      0.696000 
    36.865000    -36.983280    -16.076800      0.694000 
    36.865012    -36.997597    -16.019680      0.695000 
    37.342361    -33.708153    -13.040418      0.659000 
    37.342373    -33.722168    -13.097458      0.661000 
    37.342384    -33.736190    -13.154498      0.663000 
    37.342396    -33.750214    -13.211539      0.668000 
    37.342407    -33.764248    -13.268579      0.674000 
    37.342419    -33.778280    -13.325620      0.683000 
    37.342431    -33.792320    -13.382661      0.692000 
    37.342442    -33.806366    -13.439702      0.702000 
    37.342454    -33.820415    -13.496743      0.711000 
    37.342465    -33.834470    -13.553785      0.716000 
    37.342477    -33.848526    -13.610826      0.719000 
    37.342488    -33.862595    -13.667868      0.719000 
    37.342500    -33.876663    -13.724910      0.718000 
    37.342512    -33.890736    -13.781952      0.715000 
    37.342523    -33.904816    -13.838994      0.712000 
    37.342535    -33.918900    -13.896037      0.710000 
    37.342546    -33.932987    -13.953080      0.708000 
    37.342558    -33.947083    -14.010123      0.706000 
    37.342569    -33.961180    -14.067166      0.704000 
    37.342581    -33.975290    -14.124209      0.701000 
    37.342593    -33.989395    -14.181252      0.696000 
    37.342604    -34.003513    -14.238296      0.689000 
    37.342616    -34.017630    -14.295339      0.682000 
    37.342627    -34.031757    -14.352383      0.675000 
    37.342639    -34.045887    -14.409427      0.670000 
    37.342650    -34.060024    -14.466471      0.668000 
    37.342662    -34.074165    -14.523516      0.670000 
    37.342674    -34.088310    -14.580560      0.676000 
    37.342685    -34.102463    -14.637605      0.684000 
    37.342697    -34.116620    -14.694650      0.695000 
    37.342708    -34.130783    -14.751695      0.704000 
    37.342720    -34.144950    -14.808740      0.711000 
    37.342731    -34.159126    -14.865785      0.716000 
    37.342743    -34.173306    -14.922831      0.716000 
    37.342755    -34.187490    -14.979876      0.713000 
    37.342766    -34.201680    -15.036922      0.709000 
    37.342778    -34.215874    -15.093968      0.705000 
    37.342789    -34.230076    -15.151014      0.702000 
    37.342801    -34.244280    -15.208060      0.700000 
    37.342812    -34.258495    -15.265106      0.701000 
    37.342824    -34.272713    -15.322153      0.703000 
    37.342836    -34.286934    -15.379199      0.705000 
    37.342847    -34.301163    -15.436246      0.708000 
    37.342859    -34.315400    -15.493293      0.710000 
    37.342870    -34.329640    -15.550340      0.711000 
    37.342882    -34.343887    -15.607387      0.710000 
    37.342894    -34.358140    -15.664434      0.710000 
    37.342905    -34.372395    -15.721482      0.710000 
    37.342917    -34.386660    -15.778529      0.714000 
    37.342928    -34.400930    -15.835577      0.720000 
    37.342940    -34.415207    -15.892625      0.729000 
    37.342951    -34.429485    -15.949672      0.739000 
    37.342963    -34.443775    -16.006720      0.751000 
    37.342975    -34.458070    -16.063768      0.762000 
    37.342986    -34.472366    -16.120817      0.770000 
    37.342998    -34.486670    -16.177864      0.775000 
    37.343009    -34.500984    -16.234915      0.777000 
    37.343021    -34.515300    -16.291962      0.776000 
    37.343032    -34.529625    -16.349010      0.773000 
    37.343044    -34.543957    -16.406060      0.770000 
    37.343056    -34.558292    -16.463108      0.767000 
    37.343067    -34.572630    -16.520159      0.764000 
    37.343079    -34.586983    -16.577206      0.762000 
    37.343090    -34.601334    -16.634256      0.761000 
    37.343102    -34.615696    -16.691305      0.759000 
    37.343113    -34.630062    -16.748356      0.757000 
    37.343125    -34.644436    -16.805405      0.755000 
    37.343137    -34.658817    -16.862453      0.752000 
    37.343148    -34.673203    -16.919504      0.749000 
    37.343160    -34.687590    -16.976555      0.748000 
    40.854456    -33.034020    -16.945713      0.728000 
    40.854468    -33.048428    -16.888594      0.727000 
    40.854479    -33.062828    -16.831474      0.729000 
    40.854491    -33.077220    -16.774355      0.733000 
    40.854502    -33.091610    -16.717236      0.738000 
    40.854514    -33.105990    -16.660116      0.745000 
    40.854525    -33.120365    -16.602997      0.752000 
    40.854537    -33.134735    -16.545877      0.758000 
    40.854549    -33.149100    -16.488758      0.763000 
    40.854560    -33.163456    -16.431639      0.765000 
    40.854572    -33.177807    -16.374520      0.765000 
    40.854583    -33.192150    -16.317402      0.762000 
    40.854595    -33.206490    -16.260284      0.756000 
    40.854606    -33.220820    -16.203165      0.751000 
    40.854618    -33.235150    -16.146048      0.744000 
    40.854630    -33.249470    -16.088928      0.738000 
    40.854641    -33.263783    -16.031810      0.732000 
    40.854653    -33.278090    -15.974693      0.729000 
    40.854664    -33.292397    -15.917575      0.727000 
    40.854676    -33.306690    -15.860458      0.725000 
    40.854688    -33.320984    -15.803340      0.726000 
    40.854699    -33.335266    -15.746222      0.726000 
    40.854711    -33.349545    -15.689105      0.728000 
    40.854722    -33.363820    -15.631988      0.728000 
    40.854734    -33.378086    -15.574871      0.728000 
    40.854745    -33.392345    -15.517754      0.730000 
    40.854757    -33.406600    -15.460637      0.730000 
    40.854769    -33.420853    -15.403520      0.731000 
    40.854780    -33.435097    -15.346403      0.733000 
    40.854792    -33.449333    -15.289287      0.734000 
    40.854803    -33.463570    -15.232170      0.735000 
    40.854815    -33.477795    -15.175054      0.734000 
    40.854826    -33.492016    -15.117938      0.732000 
    40.854838    -33.506233    -15.060822      0.726000 
    40.854850    -33.520443    -15.003706      0.718000 
    40.854861    -33.534650    -14.946591      0.707000 
    40.854873    -33.548847    -14.889475      0.696000 
    40.854884    -33.563040    -14.832360      0.684000 
    40.854896    -33.577230    -14.775244      0.674000 
    40.854907    -33.591410    -14.718129      0.666000 
    40.854919    -33.605590    -14.661014      0.663000 
    40.854931    -33.619762    -14.603899      0.662000 
    40.854942    -33.633930    -14.546785      0.666000 
    40.854954    -33.648090    -14.489670      0.672000 
    40.854965    -33.662247    -14.432556      0.680000 
    40.854977    -33.676400    -14.375441      0.687000 
    40.854988    -33.690544    -14.318327      0.694000 
    40.855000    -33.704685    -14.261213      0.700000 
    40.855012    -33.718820    -14.204100      0.703000 
    40.855023    -33.732950    -14.146986      0.704000 
    40.855035    -33.747074    -14.089872      0.707000 
    40.855046    -33.761192    -14.032759      0.708000 
    40.855058    -33.775307    -13.975646      0.709000 
    40.855069    -33.789417    -13.918533      0.711000 
    40.855081    -33.803520    -13.861420      0.712000 
    40.855093    -33.817623    -13.804308      0.713000 
    40.855104    -33.831715    -13.747195      0.713000 
    40.855116    -33.845806    -13.690083      0.711000 
    40.855127    -33.859890    -13.632971      0.706000 
    40.855139    -33.873966    -13.575858      0.701000 
    40.855150    -33.888042    -13.518747      0.695000 
    40.855162    -33.902115    -13.461635      0.689000 
    40.855174    -33.916180    -13.404524      0.685000 
    40.855185    -33.930237    -13.347412      0.681000 
    40.855197    -33.944290    -13.290301      0.680000 
    40.855208    -33.958344    -13.233190      0.681000 
    40.855220    -33.972390    -13.176080      0.681000 
    40.855231    -33.986427    -13.118969      0.681000 
    40.855243    -34.000465    -13.061859      0.679000 
    40.855255    -34.014496    -13.004748      0.676000 
    42.347523    -35.563034    -13.002727      0.685000 
    42.347535    -35.577045    -13.059773      0.690000 
    42.347546    -35.591064    -13.116819      0.694000 
    42.347558    -35.605087    -13.173866      0.699000 
    42.347569    -35.619118    -13.230913      0.703000 
    42.347581    -35.633150    -13.287960      0.706000 
    42.347593    -35.647186    -13.345007      0.710000 
    42.347604    -35.661230    -13.402054      0.712000 
    42.347616    -35.675274    -13.459102      0.714000 
    42.347627    -35.689323    -13.516150      0.715000 
    42.347639    -35.703380    -13.573198      0.714000 
    42.347650    -35.717445    -13.630246      0.713000 
    42.347662    -35.731510    -13.687294      0.710000 
    42.347674    -35.745583    -13.744343      0.705000 
    42.347685    -35.759660    -13.801391      0.701000 
    42.347697    -35.773740    -13.858440      0.696000 
    42.347708    -35.787827    -13.915489      0.693000 
    42.347720    -35.801918    -13.972538      0.693000 
    42.347731    -35.816013    -14.029588      0.694000 
    42.347743    -35.830116    -14.086637      0.699000 
    42.347755    -35.844223    -14.143687      0.705000 
    42.347766    -35.858334    -14.200737      0.709000 
    42.347778    -35.872450    -14.257787      0.714000 
    42.347789    -35.886574    -14.314838      0.716000 
    42.347801    -35.900703    -14.371888      0.715000 
    42.347812    -35.914837    -14.428939      0.711000 
    42.347824    -35.928974    -14.485989      0.706000 
    42.347836    -35.943115    -14.543040      0.702000 
    42.347847    -35.957268    -14.600091      0.698000 
    42.347859    -35.971420    -14.657143      0.697000 
    42.347870    -35.985580    -14.714194      0.699000 
    42.347882    -35.999744    -14.771246      0.705000 
    42.347894    -36.013916    -14.828298      0.713000 
    42.347905    -36.028090    -14.885350      0.722000 
    42.347917    -36.042270    -14.942402      0.730000 
    42.347928    -36.056458    -14.999454      0.735000 
    42.347940    -36.070652    -15.056506      0.739000 
    42.347951    -36.084850    -15.113559      0.740000 
    42.347963    -36.099052    -15.170612      0.740000 
    42.347975    -36.113262    -15.227664      0.739000 
    42.347986    -36.127476    -15.284717      0.738000 
    42.347998    -36.141697    -15.341771      0.738000 
    42.348009    -36.155922    -15.398824      0.740000 
    42.348021    -36.170155    -15.455877      0.743000 
    42.348032    -36.184390    -15.512931      0.747000 
    42.348044    -36.198635    -15.569985      0.751000 
    42.348056    -36.212883    -15.627039      0.755000 
    42.348067    -36.227140    -15.684093      0.758000 
    42.348079    -36.241400    -15.741147      0.760000 
    42.348090    -36.255665    -15.798201      0.759000 
    42.348102    -36.269940    -15.855256      0.758000 
    42.348113    -36.284218    -15.912310      0.756000 
    42.348125    -36.298500    -15.969365      0.754000 
    42.348137    -36.312790    -16.026419      0.752000 
    42.348148    -36.327087    -16.083475      0.750000 
    42.348160    -36.341390    -16.140530      0.747000 
    42.348171    -36.355698    -16.197584      0.744000 
    42.348183    -36.370010    -16.254640      0.740000 
    42.348194    -36.384330    -16.311695      0.735000 
    42.348206    -36.398660    -16.368752      0.728000 
    42.348218    -36.412990    -16.425808      0.720000 
    42.348229    -36.427330    -16.482862      0.710000 
    42.348252    -36.441673    -16.539919      0.701000 
    42.348264    -36.456024    -16.596975      0.691000 
    42.348275    -36.470383    -16.654032      0.681000 
    42.348287    -36.484745    -16.711086      0.672000 
    42.348299    -36.499115    -16.768145      0.660000 
    42.348310    -36.513490    -16.825200      0.649000 
    42.348322    -36.527874    -16.882257      0.636000 
    42.348333    -36.542260    -16.939314      0.624000 
    42.348345    -36.556656    -16.996370      0.613000 
    45.859618    -34.884575    -16.997076      0.731000 
    45.859630    -34.898990    -16.939960      0.731000 
    45.859641    -34.913395    -16.882845      0.733000 
    45.859653    -34.927795    -16.825727      0.738000 
    45.859664    -34.942190    -16.768614      0.744000 
    45.859676    -34.956573    -16.711496      0.749000 
    45.859688    -34.970955    -16.654380      0.753000 
    45.859699    -34.985330    -16.597265      0.752000 
    45.859711    -34.999700    -16.540150      0.747000 
    45.859722    -35.014060    -16.483036      0.739000 
    45.859734    -35.028416    -16.425920      0.731000 
    45.859745    -35.042767    -16.368807      0.722000 
    45.859757    -35.057110    -16.311691      0.716000 
    45.859769    -35.071445    -16.254576      0.713000 
    45.859780    -35.085777    -16.197460      0.714000 
    45.859792    -35.100100    -16.140347      0.718000 
    45.859803    -35.114420    -16.083233      0.723000 
    45.859815    -35.128735    -16.026117      0.727000 
    45.859826    -35.143044    -15.969004      0.730000 
    45.859838    -35.157345    -15.911890      0.730000 
    45.859850    -35.171640    -15.854776      0.728000 
    45.859861    -35.185930    -15.797662      0.725000 
    45.859873    -35.200210    -15.740549      0.720000 
    45.859884    -35.214490    -15.683435      0.717000 
    45.859896    -35.228764    -15.626322      0.716000 
    45.859907    -35.243027    -15.569208      0.715000 
    45.859919    -35.257290    -15.512095      0.716000 
    45.859931    -35.271540    -15.454982      0.717000 
    45.859942    -35.285790    -15.397869      0.716000 
    45.859954    -35.300034    -15.340756      0.715000 
    45.859965    -35.314274    -15.283644      0.715000 
    45.859977    -35.328503    -15.226531      0.715000 
    45.859988    -35.342730    -15.169419      0.716000 
    45.860000    -35.356950    -15.112306      0.718000 
    45.860012    -35.371166    -15.055194      0.722000 
    45.860023    -35.385372    -14.998082      0.726000 
    45.860035    -35.399580    -14.940970      0.730000 
    45.860046    -35.413776    -14.883859      0.733000 
    45.860058    -35.427970    -14.826747      0.734000 
    45.860069    -35.442158    -14.769636      0.733000 
    45.860081    -35.456340    -14.712525      0.732000 
    45.860093    -35.470516    -14.655414      0.730000 
    45.860104    -35.484688    -14.598303      0.729000 
    45.860116    -35.498850    -14.541192      0.730000 
    45.860127    -35.513012    -14.484081      0.732000 
    45.860139    -35.527170    -14.426971      0.736000 
    45.860150    -35.541317    -14.369860      0.740000 
    45.860162    -35.555460    -14.312750      0.744000 
    45.860174    -35.569600    -14.255640      0.747000 
    45.860185    -35.583733    -14.198531      0.746000 
    45.860197    -35.597862    -14.141421      0.743000 
    45.860208    -35.611988    -14.084311      0.738000 
    45.860220    -35.626106    -14.027202      0.732000 
    45.860231    -35.640220    -13.970093      0.726000 
    45.860243    -35.654327    -13.912984      0.721000 
    45.860255    -35.668430    -13.855875      0.715000 
    45.860266    -35.682530    -13.798767      0.709000 
    45.860278    -35.696620    -13.741658      0.704000 
    45.860289    -35.710712    -13.684550      0.699000 
    45.860301    -35.724796    -13.627442      0.694000 
    45.860313    -35.738873    -13.570334      0.689000 
    45.860324    -35.752945    -13.513226      0.685000 
    45.860336    -35.767014    -13.456119      0.683000 
    45.860347    -35.781080    -13.399011      0.681000 
    45.860359    -35.795135    -13.341904      0.682000 
    45.860370    -35.809193    -13.284797      0.685000 
    45.860382    -35.823240    -13.227690      0.688000 
    45.860394    -35.837284    -13.170584      0.689000 
    45.860405    -35.851322    -13.113477      0.691000 
    45.860417    -35.865356    -13.056371      0.691000 
    51.342338    -33.702385    -13.025457      0.597000 
    51.342350    -33.716408    -13.082518      0.599000 
    51.342361    -33.730430    -13.139579      0.603000 
    51.342373    -33.744465    -13.196640      0.608000 
    51.342384    -33.758500    -13.253701      0.613000 
    51.342396    -33.772537    -13.310763      0.620000 
    51.342407    -33.786583    -13.367824      0.626000 
    51.342419    -33.800632    -13.424886      0.631000 
    51.342431    -33.814686    -13.481948      0.632000 
    51.342442    -33.828747    -13.539011      0.632000 
    51.342454    -33.842810    -13.596073      0.630000 
    51.342465    -33.856876    -13.653136      0.624000 
    51.342477    -33.870953    -13.710198      0.618000 
    51.342488    -33.885033    -13.767261      0.613000 
    51.342500    -33.899117    -13.824325      0.610000 
    51.342512    -33.913204    -13.881388      0.610000 
    51.342523    -33.927300    -13.938452      0.614000 
    51.342535    -33.941400    -13.995516      0.620000 
    51.342546    -33.955505    -14.052580      0.629000 
    51.342558    -33.969612    -14.109644      0.638000 
    51.342569    -33.983727    -14.166708      0.648000 
    51.342581    -33.997850    -14.223773      0.656000 
    51.342593    -34.011974    -14.280837      0.662000 
    51.342604    -34.026104    -14.337902      0.665000 
    51.342616    -34.040237    -14.394967      0.666000 
    51.342627    -34.054380    -14.452032      0.665000 
    51.342639    -34.068527    -14.509098      0.663000 
    51.342650    -34.082676    -14.566163      0.662000 
    51.342674    -34.096836    -14.623229      0.662000 
    51.342685    -34.110996    -14.680295      0.662000 
    51.342697    -34.125164    -14.737361      0.663000 
    51.342708    -34.139336    -14.794427      0.664000 
    51.342720    -34.153515    -14.851494      0.664000 
    51.342731    -34.167700    -14.908560      0.664000 
    51.342743    -34.181890    -14.965627      0.663000 
    51.342755    -34.196083    -15.022694      0.662000 
    51.342766    -34.210285    -15.079761      0.660000 
    51.342778    -34.224490    -15.136828      0.659000 
    51.342789    -34.238700    -15.193895      0.660000 
    51.342801    -34.252920    -15.250963      0.663000 
    51.342812    -34.267143    -15.308030      0.667000 
    51.342824    -34.281372    -15.365098      0.674000 
    51.342836    -34.295605    -15.422166      0.682000 
    51.342847    -34.309845    -15.479234      0.690000 
    51.342859    -34.324090    -15.536303      0.696000 
    51.342870    -34.338340    -15.593371      0.701000 
    51.342882    -34.352600    -15.650439      0.703000 
    51.342894    -34.366863    -15.707508      0.702000 
    51.342905    -34.381130    -15.764577      0.701000 
    51.342917    -34.395405    -15.821646      0.699000 
    51.342928    -34.409687    -15.878715      0.696000 
    51.342940    -34.423973    -15.935784      0.695000 
    51.342951    -34.438267    -15.992853      0.695000 
    51.342963    -34.452564    -16.049923      0.696000 
    51.342975    -34.466870    -16.106993      0.700000 
    51.342986    -34.481180    -16.164060      0.704000 
    51.342998    -34.495495    -16.221132      0.708000 
    51.343009    -34.509815    -16.278202      0.712000 
    51.343021    -34.524147    -16.335272      0.715000 
    51.343032    -34.538480    -16.392344      0.717000 
    51.343044    -34.552820    -16.449413      0.718000 
    51.343056    -34.567170    -16.506483      0.718000 
    51.343067    -34.581524    -16.563555      0.716000 
    51.343079    -34.595882    -16.620625      0.716000 
    51.343090    -34.610250    -16.677696      0.716000 
    51.343102    -34.624620    -16.734766      0.719000 
    51.343113    -34.638996    -16.791838      0.722000 
    51.343125    -34.653380    -16.848910      0.727000 
    51.343137    -34.667770    -16.905980      0.731000 
    51.343148    -34.682170    -16.963053      0.733000 
    54.854444    -33.033623    -16.950949      0.692000 
    54.854456    -33.048030    -16.893843      0.689000 
    54.854468    -33.062428    -16.836737      0.685000 
    54.854479    -33.076820    -16.779630      0.682000 
    54.854491    -33.091206    -16.722527      0.680000 
    54.854502    -33.105583    -16.665420      0.680000 
    54.854514    -33.119957    -16.608316      0.681000 
    54.854525    -33.134323    -16.551212      0.683000 
    54.854537    -33.148685    -16.494106      0.686000 
    54.854549    -33.163036    -16.437002      0.690000 
    54.854560    -33.177387    -16.379898      0.693000 
    54.854572    -33.191727    -16.322792      0.695000 
    54.854583    -33.206062    -16.265688      0.696000 
    54.854595    -33.220394    -16.208586      0.698000 
    54.854606    -33.234715    -16.151482      0.699000 
    54.854618    -33.249035    -16.094376      0.698000 
    54.854630    -33.263348    -16.037273      0.696000 
    54.854641    -33.277653    -15.980170      0.693000 
    54.854653    -33.291950    -15.923067      0.689000 
    54.854664    -33.306244    -15.865963      0.683000 
    54.854676    -33.320534    -15.808860      0.678000 
    54.854688    -33.334812    -15.751757      0.672000 
    54.854699    -33.349090    -15.694654      0.670000 
    54.854711    -33.363360    -15.637552      0.668000 
    54.854722    -33.377625    -15.580449      0.668000 
    54.854734    -33.391884    -15.523346      0.671000 
    54.854745    -33.406140    -15.466244      0.674000 
    54.854757    -33.420383    -15.409142      0.678000 
    54.854769    -33.434628    -15.352040      0.680000 
    54.854780    -33.448860    -15.294938      0.682000 
    54.854792    -33.463093    -15.237836      0.683000 
    54.854803    -33.477318    -15.180735      0.686000 
    54.854815    -33.491535    -15.123633      0.688000 
    54.854826    -33.505750    -15.066532      0.691000 
    54.854838    -33.519955    -15.009431      0.694000 
    54.854850    -33.534157    -14.952330      0.698000 
    54.854861    -33.548355    -14.895229      0.702000 
    54.854873    -33.562546    -14.838128      0.703000 
    54.854884    -33.576733    -14.781028      0.702000 
    54.854896    -33.590910    -14.723927      0.697000 
    54.854907    -33.605087    -14.666827      0.690000 
    54.854919    -33.619255    -14.609727      0.681000 
    54.854931    -33.633420    -14.552627      0.672000 
    54.854942    -33.647580    -14.495528      0.665000 
    54.854954    -33.661730    -14.438428      0.659000 
    54.854965    -33.675880    -14.381329      0.655000 
    54.854977    -33.690020    -14.324230      0.655000 
    54.854988    -33.704163    -14.267131      0.656000 
    54.855000    -33.718292    -14.210032      0.657000 
    54.855012    -33.732418    -14.152933      0.657000 
    54.855023    -33.746544    -14.095835      0.655000 
    54.855035    -33.760660    -14.038737      0.650000 
    54.855046    -33.774770    -13.981638      0.643000 
    54.855058    -33.788880    -13.924541      0.636000 
    54.855069    -33.802980    -13.867443      0.630000 
    54.855081    -33.817074    -13.810345      0.625000 
    54.855093    -33.831165    -13.753248      0.625000 
    54.855104    -33.845253    -13.696150      0.627000 
    54.855116    -33.859333    -13.639053      0.630000 
    54.855127    -33.873410    -13.581957      0.636000 
    54.855139    -33.887480    -13.524860      0.639000 
    54.855150    -33.901546    -13.467764      0.640000 
    54.855162    -33.915610    -13.410667      0.638000 
    54.855174    -33.929670    -13.353571      0.632000 
    54.855185    -33.943720    -13.296475      0.626000 
    54.855197    -33.957767    -13.239380      0.620000 
    54.855208    -33.971810    -13.182284      0.616000 
    54.855220    -33.985847    -13.125189      0.614000 
    54.855231    -33.999880    -13.068094      0.615000 
    54.855243    -34.013910    -13.010999      0.617000 
    56.347523    -35.564842    -13.003027      0.675000 
    56.347535    -35.578865    -13.060096      0.675000 
    56.347546    -35.592888    -13.117166      0.672000 
    56.347558    -35.606920    -13.174235      0.670000 
    56.347569    -35.620953    -13.231305      0.667000 
    56.347581    -35.634990    -13.288375      0.664000 
    56.347593    -35.649036    -13.345446      0.663000 
    56.347604    -35.663082    -13.402516      0.663000 
    56.347616    -35.677140    -13.459587      0.664000 
    56.347627    -35.691196    -13.516658      0.666000 
    56.347639    -35.705257    -13.573729      0.669000 
    56.347650    -35.719326    -13.630800      0.671000 
    56.347662    -35.733402    -13.687872      0.672000 
    56.347674    -35.747480    -13.744943      0.673000 
    56.347685    -35.761562    -13.802015      0.672000 
    56.347697    -35.775650    -13.859087      0.671000 
    56.347708    -35.789740    -13.916160      0.670000 
    56.347720    -35.803840    -13.973232      0.669000 
    56.347731    -35.817944    -14.030305      0.668000 
    56.347743    -35.832054    -14.087377      0.668000 
    56.347755    -35.846170    -14.144450      0.669000 
    56.347766    -35.860287    -14.201524      0.668000 
    56.347778    -35.874410    -14.258597      0.669000 
    56.347789    -35.888540    -14.315670      0.670000 
    56.347801    -35.902670    -14.372744      0.672000 
    56.347812    -35.916813    -14.429818      0.674000 
    56.347824    -35.930958    -14.486892      0.678000 
    56.347836    -35.945110    -14.543966      0.683000 
    56.347847    -35.959263    -14.601041      0.690000 
    56.347859    -35.973427    -14.658115      0.698000 
    56.347870    -35.987590    -14.715190      0.706000 
    56.347882    -36.001762    -14.772265      0.714000 
    56.347894    -36.015940    -14.829340      0.722000 
    56.347905    -36.030125    -14.886415      0.728000 
    56.347917    -36.044310    -14.943491      0.733000 
    56.347928    -36.058506    -15.000566      0.737000 
    56.347940    -36.072704    -15.057642      0.741000 
    56.347951    -36.086906    -15.114718      0.742000 
    56.347963    -36.101120    -15.171794      0.744000 
    56.347975    -36.115337    -15.228870      0.745000 
    56.347986    -36.129560    -15.285947      0.744000 
    56.347998    -36.143784    -15.343023      0.741000 
    56.348009    -36.158016    -15.400100      0.737000 
    56.348021    -36.172256    -15.457176      0.733000 
    56.348032    -36.186500    -15.514253      0.728000 
    56.348044    -36.200750    -15.571331      0.722000 
    56.348056    -36.215008    -15.628408      0.719000 
    56.348067    -36.229267    -15.685485      0.717000 
    56.348079    -36.243534    -15.742563      0.716000 
    56.348090    -36.257810    -15.799641      0.714000 
    56.348102    -36.272087    -15.856718      0.712000 
    56.348113    -36.286373    -15.913796      0.711000 
    56.348125    -36.300663    -15.970874      0.709000 
    56.348137    -36.314960    -16.027952      0.708000 
    56.348148    -36.329266    -16.085032      0.708000 
    56.348160    -36.343575    -16.142110      0.709000 
    56.348171    -36.357887    -16.199188      0.711000 
    56.348183    -36.372210    -16.256266      0.713000 
    56.348194    -36.386536    -16.313347      0.716000 
    56.348206    -36.400870    -16.370424      0.716000 
    56.348218    -36.415210    -16.427504      0.714000 
    56.348229    -36.429554    -16.484583      0.708000 
    56.348241    -36.443910    -16.541662      0.699000 
    56.348252    -36.458263    -16.598743      0.689000 
    56.348264    -36.472630    -16.655823      0.678000 
    56.348275    -36.487000    -16.712902      0.667000 
    56.348287    -36.501377    -16.769981      0.657000 
    56.348299    -36.515760    -16.827063      0.647000 
    56.348310    -36.530148    -16.884142      0.638000 
    56.348322    -36.544544    -16.941221      0.631000 
    56.348333    -36.558945    -16.998302      0.622000 
    59.859630    -34.896362    -16.969912      0.730000 
    59.859641    -34.910767    -16.912813      0.730000 
    59.859653    -34.925163    -16.855715      0.730000 
    59.859664    -34.939556    -16.798616      0.731000 
    59.859676    -34.953938    -16.741520      0.736000 
    59.859688    -34.968320    -16.684422      0.741000 
    59.859699    -34.982690    -16.627323      0.749000 
    59.859711    -34.997060    -16.570225      0.757000 
    59.859722    -35.011417    -16.513128      0.763000 
    59.859734    -35.025772    -16.456032      0.768000 
    59.859745    -35.040120    -16.398933      0.769000 
    59.859757    -35.054462    -16.341839      0.765000 
    59.859769    -35.068794    -16.284740      0.758000 
    59.859780    -35.083126    -16.227642      0.747000 
    59.859792    -35.097450    -16.170547      0.735000 
    59.859803    -35.111767    -16.113450      0.723000 
    59.859815    -35.126076    -16.056355      0.713000 
    59.859826    -35.140380    -15.999259      0.707000 
    59.859838    -35.154682    -15.942163      0.704000 
    59.859850    -35.168976    -15.885067      0.704000 
    59.859861    -35.183260    -15.827971      0.705000 
    59.859873    -35.197544    -15.770876      0.706000 
    59.859884    -35.211820    -15.713780      0.705000 
    59.859896    -35.226090    -15.656685      0.700000 
    59.859907    -35.240353    -15.599590      0.693000 
    59.859919    -35.254612    -15.542495      0.683000 
    59.859931    -35.268864    -15.485400      0.673000 
    59.859942    -35.283110    -15.428305      0.664000 
    59.859954    -35.297350    -15.371211      0.658000 
    59.859965    -35.311584    -15.314116      0.657000 
    59.859977    -35.325813    -15.257022      0.660000 
    59.859988    -35.340040    -15.199928      0.666000 
    59.860000    -35.354260    -15.142834      0.676000 
    59.860012    -35.368470    -15.085740      0.684000 
    59.860023    -35.382675    -15.028646      0.692000 
    59.860035    -35.396877    -14.971552      0.695000 
    59.860046    -35.411076    -14.914459      0.696000 
    59.860058    -35.425266    -14.857366      0.693000 
    59.860069    -35.439450    -14.800273      0.688000 
    59.860081    -35.453630    -14.743180      0.683000 
    59.860093    -35.467804    -14.686087      0.678000 
    59.860104    -35.481970    -14.628995      0.674000 
    59.860116    -35.496136    -14.571902      0.672000 
    59.860127    -35.510292    -14.514810      0.671000 
    59.860139    -35.524450    -14.457718      0.672000 
    59.860150    -35.538593    -14.400626      0.672000 
    59.860162    -35.552740    -14.343534      0.672000 
    59.860174    -35.566875    -14.286443      0.671000 
    59.860185    -35.581005    -14.229351      0.670000 
    59.860197    -35.595130    -14.172260      0.668000 
    59.860208    -35.609253    -14.115169      0.666000 
    59.860220    -35.623367    -14.058079      0.665000 
    59.860231    -35.637480    -14.000988      0.663000 
    59.860243    -35.651585    -13.943898      0.662000 
    59.860255    -35.665688    -13.886807      0.662000 
    59.860266    -35.679783    -13.829717      0.664000 
    59.860278    -35.693874    -13.772627      0.667000 
    59.860289    -35.707960    -13.715538      0.671000 
    59.860301    -35.722040    -13.658448      0.676000 
    59.860313    -35.736115    -13.601359      0.682000 
    59.860324    -35.750187    -13.544270      0.685000 
    59.860336    -35.764250    -13.487181      0.686000 
    59.860347    -35.778313    -13.430092      0.684000 
    59.860359    -35.792370    -13.373004      0.678000 
    59.860370    -35.806420    -13.315915      0.670000 
    59.860382    -35.820465    -13.258827      0.660000 
    59.860394    -35.834507    -13.201739      0.652000 
    59.860405    -35.848545    -13.144652      0.645000 
    59.860417    -35.862576    -13.087564      0.643000 
    59.860428    -35.876602    -13.030477      0.644000 
   210.347407    -35.574450    -13.043941      0.562000 
   210.347419    -35.588480    -13.101040      0.557000 
   210.347431    -35.602512    -13.158140      0.555000 
   210.347442    -35.616550    -13.215240      0.557000 
   210.347454    -35.630592    -13.272340      0.562000 
   210.347465    -35.644640    -13.329440      0.572000 
   210.347477    -35.658690    -13.386540      0.582000 
   210.347488    -35.672750    -13.443641      0.593000 
   210.347500    -35.686810    -13.500742      0.603000 
   210.347512    -35.700880    -13.557843      0.611000 
   210.347523    -35.714947    -13.614944      0.617000 
   210.347535    -35.729027    -13.672045      0.619000 
   210.347546    -35.743107    -13.729147      0.619000 
   210.347558    -35.757195    -13.786249      0.618000 
   210.347569    -35.771286    -13.843350      0.618000 
   210.347581    -35.785380    -13.900453      0.619000 
   210.347593    -35.799484    -13.957555      0.619000 
   210.347604    -35.813590    -14.014657      0.622000 
   210.347616    -35.827700    -14.071760      0.624000 
   210.347627    -35.841820    -14.128863      0.624000 
   210.347639    -35.855940    -14.185965      0.624000 
   210.347650    -35.870068    -14.243069      0.622000 
   210.347662    -35.884200    -14.300172      0.618000 
   210.347674    -35.898340    -14.357276      0.615000 
   210.347685    -35.912480    -14.414379      0.612000 
   210.347697    -35.926630    -14.471483      0.610000 
   210.347708    -35.940784    -14.528587      0.609000 
   210.347720    -35.954940    -14.585691      0.607000 
   210.347731    -35.969110    -14.642795      0.607000 
   210.347755    -35.983276    -14.699900      0.606000 
   210.347766    -35.997450    -14.757004      0.605000 
   210.347778    -36.011630    -14.814109      0.601000 
   210.347789    -36.025818    -14.871214      0.597000 
   210.347801    -36.040010    -14.928319      0.594000 
   210.347812    -36.054207    -14.985424      0.591000 
   210.347824    -36.068410    -15.042529      0.590000 
   210.347836    -36.082615    -15.099635      0.590000 
   210.347847    -36.096830    -15.156741      0.594000 
   210.347859    -36.111050    -15.213846      0.600000 
   210.347870    -36.125275    -15.270952      0.607000 
   210.347882    -36.139503    -15.328058      0.615000 
   210.347894    -36.153740    -15.385165      0.622000 
   210.347905    -36.167980    -15.442271      0.629000 
   210.347917    -36.182230    -15.499378      0.635000 
   210.347928    -36.196484    -15.556484      0.640000 
   210.347940    -36.210743    -15.613591      0.645000 
   210.347951    -36.225006    -15.670698      0.649000 
   210.347963    -36.239277    -15.727805      0.650000 
   210.347975    -36.253555    -15.784912      0.651000 
   210.347986    -36.267838    -15.842019      0.650000 
   210.347998    -36.282124    -15.899127      0.647000 
   210.348009    -36.296417    -15.956234      0.641000 
   210.348021    -36.310720    -16.013342      0.635000 
   210.348032    -36.325024    -16.070450      0.628000 
   210.348044    -36.339336    -16.127558      0.623000 
   210.348056    -36.353657    -16.184666      0.620000 
   210.348067    -36.367977    -16.241774      0.622000 
   210.348079    -36.382310    -16.298883      0.628000 
   210.348090    -36.396650    -16.355991      0.636000 
   210.348102    -36.410988    -16.413100      0.645000 
   210.348113    -36.425340    -16.470207      0.656000 
   210.348125    -36.439693    -16.527317      0.665000 
   210.348137    -36.454056    -16.584427      0.671000 
   210.348148    -36.468422    -16.641535      0.673000 
   210.348160    -36.482796    -16.698643      0.674000 
   210.348171    -36.497173    -16.755753      0.671000 
   210.348183    -36.511562    -16.812862      0.668000 
   210.348194    -36.525950    -16.869970      0.664000 
   210.348206    -36.540350    -16.927080      0.663000 
   210.348218    -36.554756    -16.984190      0.662000 
   213.859502    -34.901140    -16.953268      0.632000 
   213.859514    -34.915527    -16.896202      0.639000 
   213.859525    -34.929913    -16.839134      0.644000 
   213.859537    -34.944290    -16.782066      0.648000 
   213.859549    -34.958664    -16.724998      0.650000 
   213.859560    -34.973030    -16.667933      0.648000 
   213.859572    -34.987390    -16.610865      0.643000 
   213.859583    -35.001740    -16.553799      0.636000 
   213.859595    -35.016087    -16.496730      0.628000 
   213.859606    -35.030430    -16.439667      0.621000 
   213.859618    -35.044760    -16.382599      0.615000 
   213.859630    -35.059090    -16.325533      0.613000 
   213.859641    -35.073414    -16.268467      0.613000 
   213.859653    -35.087727    -16.211401      0.615000 
   213.859664    -35.102036    -16.154335      0.620000 
   213.859676    -35.116340    -16.097270      0.626000 
   213.859688    -35.130640    -16.040201      0.633000 
   213.859699    -35.144930    -15.983138      0.640000 
   213.859711    -35.159218    -15.926072      0.646000 
   213.859722    -35.173496    -15.869007      0.652000 
   213.859734    -35.187770    -15.811942      0.656000 
   213.859745    -35.202040    -15.754877      0.658000 
   213.859757    -35.216305    -15.697812      0.660000 
   213.859769    -35.230560    -15.640748      0.660000 
   213.859780    -35.244810    -15.583683      0.658000 
   213.859792    -35.259052    -15.526619      0.656000 
   213.859803    -35.273293    -15.469554      0.651000 
   213.859815    -35.287525    -15.412490      0.646000 
   213.859826    -35.301754    -15.355426      0.641000 
   213.859838    -35.315975    -15.298362      0.635000 
   213.859850    -35.330193    -15.241299      0.631000 
   213.859861    -35.344402    -15.184235      0.629000 
   213.859873    -35.358610    -15.127172      0.627000 
   213.859884    -35.372810    -15.070109      0.627000 
   213.859896    -35.387000    -15.013046      0.625000 
   213.859907    -35.401190    -14.955983      0.624000 
   213.859919    -35.415375    -14.898920      0.620000 
   213.859931    -35.429550    -14.841857      0.615000 
   213.859942    -35.443726    -14.784795      0.607000 
   213.859954    -35.457890    -14.727733      0.599000 
   213.859965    -35.472054    -14.670671      0.591000 
   213.859977    -35.486210    -14.613609      0.584000 
   213.859988    -35.500360    -14.556547      0.581000 
   213.860000    -35.514503    -14.499485      0.580000 
   213.860012    -35.528640    -14.442424      0.582000 
   213.860023    -35.542778    -14.385363      0.587000 
   213.860035    -35.556908    -14.328302      0.593000 
   213.860046    -35.571030    -14.271241      0.598000 
   213.860058    -35.585150    -14.214180      0.602000 
   213.860069    -35.599262    -14.157120      0.605000 
   213.860081    -35.613373    -14.100059      0.605000 
   213.860093    -35.627476    -14.042999      0.603000 
   213.860104    -35.641570    -13.985939      0.601000 
   213.860116    -35.655666    -13.928879      0.598000 
   213.860127    -35.669754    -13.871820      0.595000 
   213.860139    -35.683838    -13.814760      0.592000 
   213.860150    -35.697914    -13.757701      0.590000 
   213.860162    -35.711987    -13.700642      0.587000 
   213.860174    -35.726055    -13.643583      0.583000 
   213.860185    -35.740116    -13.586525      0.579000 
   213.860197    -35.754177    -13.529466      0.573000 
   213.860208    -35.768230    -13.472408      0.566000 
   213.860220    -35.782276    -13.415350      0.559000 
   213.860231    -35.796320    -13.358292      0.551000 
   213.860243    -35.810360    -13.301234      0.545000 
   213.860255    -35.824394    -13.244177      0.540000 
   213.860266    -35.838425    -13.187120      0.538000 
   213.860278    -35.852448    -13.130063      0.537000 
   213.860289    -35.866467    -13.073006      0.540000 
   213.860301    -35.880480    -13.015949      0.545000 
   218.864688    -36.781113    -16.893818      0.647000 
   218.864699    -36.795494    -16.836758      0.666000 
   218.864711    -36.809868    -16.779697      0.678000 
   218.864722    -36.824238    -16.722635      0.682000 
   218.864734    -36.838596    -16.665575      0.679000 
   218.864745    -36.852955    -16.608515      0.671000 
   218.864757    -36.867302    -16.551455      0.662000 
   218.864769    -36.881645    -16.494394      0.652000 
   218.864780    -36.895985    -16.437336      0.644000 
   218.864803    -36.910316    -16.380276      0.639000 
   218.864815    -36.924640    -16.323215      0.639000 
   218.864826    -36.938960    -16.266157      0.640000 
   218.864838    -36.953274    -16.209097      0.641000 
   218.864850    -36.967580    -16.152039      0.644000 
   218.864861    -36.981880    -16.094978      0.644000 
   218.864873    -36.996174    -16.037920      0.643000 
   219.342222    -33.707924    -13.038112      0.594000 
   219.342234    -33.721954    -13.095219      0.599000 
   219.342245    -33.735985    -13.152326      0.606000 
   219.342257    -33.750023    -13.209434      0.613000 
   219.342269    -33.764070    -13.266541      0.618000 
   219.342280    -33.778120    -13.323649      0.622000 
   219.342292    -33.792170    -13.380757      0.621000 
   219.342303    -33.806230    -13.437865      0.619000 
   219.342315    -33.820290    -13.494973      0.615000 
   219.342326    -33.834360    -13.552081      0.609000 
   219.342338    -33.848430    -13.609190      0.604000 
   219.342350    -33.862507    -13.666299      0.600000 
   219.342361    -33.876590    -13.723408      0.596000 
   219.342373    -33.890680    -13.780517      0.593000 
   219.342384    -33.904774    -13.837626      0.590000 
   219.342396    -33.918870    -13.894735      0.587000 
   219.342407    -33.932972    -13.951845      0.585000 
   219.342419    -33.947080    -14.008955      0.584000 
   219.342431    -33.961193    -14.066064      0.584000 
   219.342442    -33.975310    -14.123174      0.585000 
   219.342454    -33.989433    -14.180285      0.586000 
   219.342465    -34.003560    -14.237395      0.585000 
   219.342477    -34.017696    -14.294505      0.584000 
   219.342488    -34.031834    -14.351616      0.582000 
   219.342500    -34.045980    -14.408727      0.577000 
   219.342512    -34.060127    -14.465838      0.573000 
   219.342523    -34.074284    -14.522949      0.569000 
   219.342535    -34.088440    -14.580060      0.568000 
   219.342546    -34.102608    -14.637171      0.569000 
   219.342558    -34.116780    -14.694283      0.573000 
   219.342569    -34.130955    -14.751395      0.578000 
   219.342581    -34.145138    -14.808506      0.584000 
   219.342593    -34.159325    -14.865618      0.589000 
   219.342604    -34.173515    -14.922730      0.591000 
   219.342616    -34.187714    -14.979843      0.592000 
   219.342627    -34.201916    -15.036955      0.591000 
   219.342639    -34.216125    -15.094068      0.589000 
   219.342650    -34.230340    -15.151180      0.587000 
   219.342662    -34.244560    -15.208293      0.586000 
   219.342674    -34.258785    -15.265406      0.587000 
   219.342685    -34.273018    -15.322519      0.590000 
   219.342697    -34.287254    -15.379632      0.592000 
   219.342708    -34.301500    -15.436745      0.595000 
   219.342720    -34.315746    -15.493859      0.597000 
   219.342731    -34.330000    -15.550972      0.598000 
   219.342743    -34.344260    -15.608086      0.598000 
   219.342755    -34.358524    -15.665200      0.598000 
   219.342766    -34.372795    -15.722313      0.597000 
   219.342778    -34.387074    -15.779427      0.599000 
   219.342789    -34.401360    -15.836542      0.601000 
   219.342801    -34.415646    -15.893656      0.604000 
   219.342812    -34.429943    -15.950770      0.606000 
   219.342824    -34.444244    -16.007883      0.608000 
   219.342836    -34.458550    -16.064999      0.609000 
   219.342847    -34.472862    -16.122114      0.608000 
   219.342859    -34.487183    -16.179228      0.606000 
   219.342870    -34.501507    -16.236341      0.604000 
   219.342882    -34.515840    -16.293457      0.602000 
   219.342894    -34.530174    -16.350573      0.600000 
   219.342905    -34.544518    -16.407688      0.600000 
   219.342917    -34.558870    -16.464804      0.599000 
   219.342928    -34.573223    -16.521920      0.598000 
   219.342940    -34.587585    -16.579035      0.595000 
   219.342951    -34.601955    -16.636150      0.591000 
   219.342963    -34.616330    -16.693266      0.586000 
   219.342975    -34.630710    -16.750381      0.582000 
   219.342986    -34.645096    -16.807497      0.579000 
   219.342998    -34.659490    -16.864613      0.577000 
   219.343009    -34.673890    -16.921728      0.577000 
   232.864664    -36.763283    -16.945702      0.679000 
   232.864676    -36.777668    -16.888653      0.678000 
   232.864688    -36.792046    -16.831606      0.677000 
   232.864699    -36.806420    -16.774555      0.675000 
   232.864711    -36.820786    -16.717508      0.673000 
   232.864722    -36.835144    -16.660460      0.671000 
   232.864734    -36.849500    -16.603413      0.668000 
   232.864745    -36.863842    -16.546364      0.667000 
   232.864757    -36.878185    -16.489317      0.668000 
   232.864769    -36.892517    -16.432268      0.669000 
   232.864780    -36.906845    -16.375221      0.671000 
   232.864792    -36.921170    -16.318172      0.673000 
   232.864803    -36.935486    -16.261126      0.674000 
   232.864815    -36.949795    -16.204079      0.672000 
   232.864826    -36.964100    -16.147032      0.669000 
   232.864838    -36.978397    -16.089983      0.663000 
   232.864850    -36.992690    -16.032936      0.655000 
   233.342199    -33.701340    -13.022068      0.595000 
   233.342211    -33.715366    -13.079176      0.599000 
   233.342222    -33.729400    -13.136284      0.603000 
   233.342234    -33.743440    -13.193393      0.606000 
   233.342245    -33.757484    -13.250501      0.611000 
   233.342257    -33.771530    -13.307609      0.616000 
   233.342269    -33.785583    -13.364718      0.619000 
   233.342280    -33.799640    -13.421827      0.622000 
   233.342292    -33.813705    -13.478936      0.622000 
   233.342303    -33.827774    -13.536045      0.619000 
   233.342315    -33.841846    -13.593154      0.614000 
   233.342326    -33.855923    -13.650264      0.605000 
   233.342338    -33.870003    -13.707373      0.595000 
   233.342350    -33.884094    -13.764483      0.586000 
   233.342361    -33.898186    -13.821593      0.578000 
   233.342373    -33.912285    -13.878703      0.575000 
   233.342384    -33.926384    -13.935813      0.576000 
   233.342396    -33.940495    -13.992923      0.582000 
   233.342407    -33.954605    -14.050034      0.591000 
   233.342419    -33.968723    -14.107144      0.601000 
   233.342431    -33.982845    -14.164255      0.611000 
   233.342442    -33.996975    -14.221366      0.619000 
   233.342454    -34.011110    -14.278477      0.624000 
   233.342465    -34.025246    -14.335588      0.627000 
   233.342477    -34.039390    -14.392699      0.626000 
   233.342488    -34.053540    -14.449810      0.625000 
   233.342500    -34.067690    -14.506922      0.623000 
   233.342512    -34.081852    -14.564033      0.622000 
   233.342523    -34.096020    -14.621145      0.622000 
   233.342535    -34.110188    -14.678257      0.623000 
   233.342546    -34.124363    -14.735369      0.624000 
   233.342558    -34.138546    -14.792481      0.626000 
   233.342569    -34.152733    -14.849593      0.627000 
   233.342581    -34.166924    -14.906705      0.628000 
   233.342593    -34.181120    -14.963818      0.630000 
   233.342604    -34.195324    -15.020930      0.631000 
   233.342616    -34.209534    -15.078043      0.632000 
   233.342627    -34.223747    -15.135156      0.632000 
   233.342639    -34.237965    -15.192268      0.631000 
   233.342650    -34.252193    -15.249381      0.629000 
   233.342662    -34.266422    -15.306494      0.625000 
   233.342674    -34.280660    -15.363607      0.619000 
   233.342685    -34.294903    -15.420721      0.614000 
   233.342697    -34.309147    -15.477834      0.608000 
   233.342708    -34.323402    -15.534947      0.604000 
   233.342720    -34.337660    -15.592061      0.603000 
   233.342731    -34.351930    -15.649175      0.606000 
   233.342743    -34.366200    -15.706288      0.610000 
   233.342755    -34.380474    -15.763402      0.617000 
   233.342766    -34.394756    -15.820516      0.625000 
   233.342778    -34.409046    -15.877630      0.631000 
   233.342789    -34.423340    -15.934744      0.636000 
   233.342801    -34.437640    -15.991858      0.639000 
   233.342812    -34.451946    -16.048973      0.639000 
   233.342824    -34.466260    -16.106087      0.637000 
   233.342836    -34.480580    -16.163200      0.634000 
   233.342847    -34.494904    -16.220316      0.632000 
   233.342859    -34.509230    -16.277430      0.631000 
   233.342870    -34.523570    -16.334545      0.630000 
   233.342882    -34.537914    -16.391659      0.632000 
   233.342894    -34.552260    -16.448774      0.635000 
   233.342905    -34.566616    -16.505890      0.639000 
   233.342917    -34.580980    -16.563004      0.642000 
   233.342928    -34.595345    -16.620120      0.646000 
   233.342940    -34.609720    -16.677235      0.649000 
   233.342951    -34.624100    -16.734350      0.652000 
   233.342963    -34.638485    -16.791466      0.654000 
   233.342975    -34.652878    -16.848580      0.656000 
   233.342986    -34.667274    -16.905697      0.657000 
   233.342998    -34.681683    -16.962810      0.656000 
   236.854306    -33.033640    -16.951315      0.608000 
   236.854317    -33.048027    -16.894268      0.607000 
   236.854329    -33.062405    -16.837221      0.608000 
   236.854340    -33.076780    -16.780174      0.611000 
   236.854352    -33.091145    -16.723127      0.616000 
   236.854363    -33.105503    -16.666080      0.623000 
   236.854375    -33.119858    -16.609035      0.630000 
   236.854387    -33.134210    -16.551987      0.637000 
   236.854398    -33.148550    -16.494942      0.642000 
   236.854410    -33.162884    -16.437897      0.646000 
   236.854421    -33.177210    -16.380850      0.647000 
   236.854433    -33.191532    -16.323803      0.646000 
   236.854444    -33.205853    -16.266758      0.641000 
   236.854456    -33.220160    -16.209711      0.636000 
   236.854468    -33.234467    -16.152666      0.630000 
   236.854479    -33.248764    -16.095620      0.624000 
   236.854491    -33.263058    -16.038574      0.618000 
   236.854502    -33.277348    -15.981529      0.614000 
   236.854514    -33.291626    -15.924484      0.611000 
   236.854525    -33.305900    -15.867439      0.611000 
   236.854537    -33.320170    -15.810393      0.613000 
   236.854549    -33.334435    -15.753348      0.616000 
   236.854560    -33.348690    -15.696304      0.622000 
   236.854572    -33.362940    -15.639259      0.627000 
   236.854583    -33.377186    -15.582214      0.632000 
   236.854595    -33.391430    -15.525169      0.637000 
   236.854606    -33.405663    -15.468125      0.639000 
   236.854618    -33.419890    -15.411081      0.638000 
   236.854630    -33.434113    -15.354036      0.635000 
   236.854641    -33.448330    -15.296992      0.628000 
   236.854653    -33.462543    -15.239948      0.620000 
   236.854664    -33.476746    -15.182904      0.613000 
   236.854676    -33.490948    -15.125861      0.604000 
   236.854688    -33.505142    -15.068817      0.596000 
   236.854699    -33.519333    -15.011774      0.590000 
   236.854711    -33.533516    -14.954730      0.586000 
   236.854722    -33.547695    -14.897687      0.582000 
   236.854734    -33.561867    -14.840644      0.579000 
   236.854745    -33.576035    -14.783601      0.577000 
   236.854757    -33.590195    -14.726558      0.575000 
   236.854769    -33.604350    -14.669516      0.574000 
   236.854780    -33.618504    -14.612473      0.574000 
   236.854792    -33.632650    -14.555431      0.575000 
   236.854803    -33.646790    -14.498388      0.579000 
   236.854815    -33.660923    -14.441346      0.583000 
   236.854826    -33.675053    -14.384304      0.587000 
   236.854838    -33.689180    -14.327263      0.592000 
   236.854850    -33.703297    -14.270221      0.595000 
   236.854861    -33.717410    -14.213179      0.595000 
   236.854873    -33.731518    -14.156138      0.593000 
   236.854884    -33.745625    -14.099097      0.588000 
   236.854896    -33.759724    -14.042056      0.581000 
   236.854907    -33.773815    -13.985014      0.575000 
   236.854919    -33.787903    -13.927974      0.570000 
   236.854931    -33.801987    -13.870933      0.568000 
   236.854942    -33.816067    -13.813893      0.570000 
   236.854954    -33.830140    -13.756852      0.577000 
   236.854965    -33.844208    -13.699812      0.586000 
   236.854977    -33.858273    -13.642772      0.597000 
   236.854988    -33.872330    -13.585732      0.609000 
   236.855000    -33.886383    -13.528692      0.618000 
   236.855012    -33.900433    -13.471653      0.625000 
   236.855023    -33.914474    -13.414613      0.628000 
   236.855035    -33.928513    -13.357574      0.627000 
   236.855046    -33.942547    -13.300535      0.624000 
   236.855058    -33.956577    -13.243496      0.619000 
   236.855069    -33.970600    -13.186458      0.613000 
   236.855081    -33.984620    -13.129419      0.607000 
   236.855093    -33.998634    -13.072381      0.605000 
   236.855104    -34.012646    -13.015342      0.604000 
   241.859479    -34.892384    -16.990602      0.631000 
   241.859491    -34.906776    -16.933556      0.630000 
   241.859502    -34.921160    -16.876507      0.629000 
   241.859514    -34.935540    -16.819460      0.629000 
   241.859525    -34.949913    -16.762413      0.628000 
   241.859537    -34.964280    -16.705364      0.627000 
   241.859549    -34.978638    -16.648317      0.627000 
   241.859560    -34.992992    -16.591270      0.625000 
   241.859572    -35.007340    -16.534224      0.623000 
   241.859583    -35.021680    -16.477177      0.621000 
   241.859595    -35.036015    -16.420130      0.619000 
   241.859606    -35.050343    -16.363083      0.618000 
   241.859618    -35.064667    -16.306038      0.620000 
   241.859630    -35.078983    -16.248990      0.623000 
   241.859641    -35.093292    -16.191942      0.628000 
   241.859653    -35.107597    -16.134897      0.632000 
   241.859664    -35.121895    -16.077850      0.636000 
   241.859676    -35.136190    -16.020805      0.637000 
   241.859688    -35.150475    -15.963758      0.634000 
   241.859699    -35.164757    -15.906712      0.629000 
   241.859711    -35.179030    -15.849666      0.622000 
   241.859722    -35.193300    -15.792621      0.614000 
   241.859734    -35.207560    -15.735575      0.606000 
   241.859745    -35.221820    -15.678529      0.601000 
   241.859757    -35.236070    -15.621484      0.600000 
   241.859769    -35.250317    -15.564438      0.601000 
   241.859780    -35.264557    -15.507393      0.604000 
   241.859792    -35.278790    -15.450347      0.607000 
   241.859803    -35.293020    -15.393302      0.610000 
   241.859815    -35.307240    -15.336257      0.611000 
   241.859826    -35.321457    -15.279212      0.612000 
   241.859838    -35.335667    -15.222168      0.611000 
   241.859850    -35.349873    -15.165123      0.610000 
   241.859861    -35.364075    -15.108078      0.609000 
   241.859873    -35.378265    -15.051034      0.609000 
   241.859884    -35.392456    -14.993989      0.609000 
   241.859896    -35.406640    -14.936945      0.609000 
   241.859907    -35.420820    -14.879901      0.608000 
   241.859919    -35.434990    -14.822857      0.606000 
   241.859931    -35.449158    -14.765813      0.601000 
   241.859942    -35.463320    -14.708769      0.596000 
   241.859954    -35.477478    -14.651726      0.589000 
   241.859965    -35.491627    -14.594682      0.582000 
   241.859977    -35.505770    -14.537639      0.576000 
   241.859988    -35.519913    -14.480596      0.572000 
   241.860000    -35.534046    -14.423552      0.570000 
   241.860012    -35.548180    -14.366509      0.570000 
   241.860023    -35.562300    -14.309467      0.572000 
   241.860035    -35.576424    -14.252424      0.574000 
   241.860046    -35.590534    -14.195381      0.577000 
   241.860058    -35.604645    -14.138339      0.581000 
   241.860069    -35.618748    -14.081297      0.584000 
   241.860081    -35.632847    -14.024254      0.587000 
   241.860093    -35.646942    -13.967212      0.590000 
   241.860104    -35.661030    -13.910170      0.595000 
   241.860116    -35.675114    -13.853129      0.597000 
   241.860127    -35.689190    -13.796087      0.599000 
   241.860139    -35.703262    -13.739046      0.600000 
   241.860150    -35.717335    -13.682004      0.600000 
   241.860162    -35.731396    -13.624963      0.598000 
   241.860174    -35.745453    -13.567922      0.595000 
   241.860185    -35.759506    -13.510882      0.593000 
   241.860197    -35.773556    -13.453841      0.591000 
   241.860208    -35.787600    -13.396800      0.590000 
   241.860220    -35.801640    -13.339760      0.592000 
   241.860231    -35.815674    -13.282720      0.595000 
   241.860243    -35.829704    -13.225680      0.598000 
   241.860255    -35.843727    -13.168640      0.600000 
   241.860266    -35.857746    -13.111600      0.603000 
   241.860278    -35.871760    -13.054561      0.603000 
